time = tau * tau_parallel
rms: rms distance of hole to its origin
rms std: estimated standard error on the mean of rms from 100 samples
IPR: inverse participation ratio, IPR(tau) = sum_i (n_h(i,tau))^2, with hole density n_h(i,tau) at site i at time tau.
IPR std: estimated standard error on the mean of IPR from 100 samples
return prob: probability of the hole to return to its origin, n_h(0,tau).
return prob std: estimated standard error on the mean of return prob from 100 samples
leg imbalance: difference between the occupation in the two legs of the ladder (see Eq. (15) in the manuscript).
leg imbalance std: estimated standard error on the mean of leg imbalance from 100 samples


time, rms, rms std, IPR, IPR std, return prob, return prob std, leg imbalance, leg imbalance std
0 	 0 	 0 	 1 	 0 	 1 	 0 	 1 	 0
0.05 	 0.050014 	 5.37078e-07 	 0.995019 	 3.41063e-07 	 0.997503 	 1.71389e-07 	 1 	 4.86757e-16
0.1 	 0.0999098 	 1.75641e-05 	 0.980377 	 2.15554e-05 	 0.99009 	 1.09947e-05 	 1 	 5.03356e-16
0.15 	 0.149583 	 6.80437e-05 	 0.956941 	 0.000121463 	 0.977988 	 6.35021e-05 	 1 	 3.31005e-16
0.2 	 0.198918 	 0.000162473 	 0.926054 	 0.000370313 	 0.961564 	 0.000200324 	 1 	 5.03356e-16
0.25 	 0.247798 	 0.000307459 	 0.889397 	 0.000828554 	 0.941303 	 0.000468001 	 1 	 3.62597e-16
0.3 	 0.296107 	 0.000505874 	 0.848815 	 0.00152758 	 0.917786 	 0.000908766 	 1 	 6.0016e-16
0.35 	 0.343736 	 0.000757839 	 0.806155 	 0.00246144 	 0.891657 	 0.00155503 	 1 	 4.65176e-16
0.4 	 0.390584 	 0.00106211 	 0.763108 	 0.00359026 	 0.863584 	 0.00242757 	 1 	 5.66105e-16
0.45 	 0.436566 	 0.00141736 	 0.7211 	 0.00485038 	 0.834233 	 0.00353631 	 1 	 5.81617e-16
0.5 	 0.481619 	 0.00182251 	 0.681226 	 0.00616648 	 0.804227 	 0.00488188 	 1 	 4.57757e-16
0.55 	 0.525698 	 0.00227641 	 0.644232 	 0.00746222 	 0.774133 	 0.00645664 	 1 	 7.06057e-16
0.6 	 0.568778 	 0.00277793 	 0.610542 	 0.00866924 	 0.744434 	 0.00824501 	 1 	 5.10112e-16
0.65 	 0.61085 	 0.00332544 	 0.580303 	 0.00973419 	 0.715533 	 0.0102233 	 1 	 4.26791e-16
0.7 	 0.65192 	 0.0039167 	 0.553453 	 0.010624 	 0.687742 	 0.01236 	 1 	 4.62223e-16
0.75 	 0.692008 	 0.00454877 	 0.529781 	 0.011328 	 0.661294 	 0.0146167 	 1 	 4.02004e-16
0.8 	 0.731141 	 0.00521749 	 0.508988 	 0.0118562 	 0.636348 	 0.0169495 	 1 	 3.88137e-16
0.85 	 0.769355 	 0.00591732 	 0.49073 	 0.0122339 	 0.612996 	 0.0193105 	 1 	 7.3271e-16
0.9 	 0.806693 	 0.00664107 	 0.474651 	 0.012494 	 0.591278 	 0.021649 	 1 	 4.20324e-16
0.95 	 0.843201 	 0.00737985 	 0.460403 	 0.0126691 	 0.571184 	 0.0239131 	 1 	 6.53682e-16
1 	 0.878929 	 0.00812346 	 0.447665 	 0.0127862 	 0.552665 	 0.0260517 	 1 	 5.27275e-16
1.05 	 0.91393 	 0.0088609 	 0.43615 	 0.0128633 	 0.535646 	 0.0280162 	 1 	 4.65176e-16
1.1 	 0.948255 	 0.00958124 	 0.425604 	 0.0129089 	 0.520027 	 0.029763 	 1 	 7.30838e-16
1.15 	 0.981953 	 0.0102746 	 0.415818 	 0.0129237 	 0.505699 	 0.0312553 	 1 	 5.76889e-16
1.2 	 1.01507 	 0.0109328 	 0.40662 	 0.012903 	 0.492549 	 0.0324646 	 1 	 5.83967e-16
1.25 	 1.04764 	 0.0115499 	 0.39788 	 0.012839 	 0.480465 	 0.0333711 	 1 	 6.12582e-16
1.3 	 1.07971 	 0.0121224 	 0.389505 	 0.012724 	 0.469344 	 0.0339646 	 1 	 4.45629e-16
1.35 	 1.1113 	 0.0126491 	 0.381436 	 0.0125524 	 0.45909 	 0.0342436 	 1 	 9.58628e-16
1.4 	 1.14243 	 0.0131303 	 0.373642 	 0.0123231 	 0.449624 	 0.0342147 	 1 	 6.75322e-16
1.45 	 1.17312 	 0.0135678 	 0.366111 	 0.0120393 	 0.440873 	 0.0338922 	 1 	 6.17037e-16
1.5 	 1.20338 	 0.0139642 	 0.358841 	 0.011709 	 0.43278 	 0.0332963 	 1 	 8.05709e-16
1.55 	 1.23322 	 0.0143223 	 0.351841 	 0.0113437 	 0.425294 	 0.032453 	 1 	 5.68519e-16
1.6 	 1.26264 	 0.0146447 	 0.345119 	 0.0109568 	 0.418371 	 0.031393 	 1 	 7.74508e-16
1.65 	 1.29163 	 0.0149339 	 0.338682 	 0.0105628 	 0.411973 	 0.0301505 	 1 	 6.98255e-16
1.7 	 1.3202 	 0.0151921 	 0.332534 	 0.0101753 	 0.406065 	 0.0287627 	 1 	 9.4713e-16
1.75 	 1.34832 	 0.0154213 	 0.326677 	 0.00980572 	 0.400615 	 0.0272681 	 1 	 1.00807e-15
1.8 	 1.37599 	 0.0156236 	 0.321111 	 0.00946217 	 0.39559 	 0.0257047 	 1 	 1.08968e-15
1.85 	 1.40319 	 0.0158007 	 0.315832 	 0.00914866 	 0.390961 	 0.0241092 	 1 	 1.23574e-15
1.9 	 1.42992 	 0.0159548 	 0.310836 	 0.00886517 	 0.386698 	 0.0225151 	 1 	 6.80373e-16
1.95 	 1.45616 	 0.016088 	 0.306113 	 0.00860872 	 0.382772 	 0.0209527 	 1 	 9.97143e-16
2 	 1.48191 	 0.0162022 	 0.301655 	 0.00837478 	 0.379156 	 0.0194485 	 1 	 6.78357e-16
2.05 	 1.50717 	 0.0162995 	 0.297448 	 0.00815894 	 0.375823 	 0.0180252 	 1 	 1.00807e-15
2.1 	 1.53194 	 0.0163818 	 0.293479 	 0.00795789 	 0.372747 	 0.0167021 	 1 	 1.38271e-15
2.15 	 1.55623 	 0.0164507 	 0.28973 	 0.00776999 	 0.369902 	 0.0154953 	 1 	 1.46121e-15
2.2 	 1.58005 	 0.0165077 	 0.286185 	 0.00759501 	 0.367263 	 0.0144169 	 1 	 1.32918e-15
2.25 	 1.6034 	 0.0165539 	 0.282827 	 0.00743364 	 0.364804 	 0.0134754 	 1 	 1.36024e-15
2.3 	 1.62631 	 0.0165905 	 0.279637 	 0.00728677 	 0.362497 	 0.0126745 	 1 	 1.40628e-15
2.35 	 1.64878 	 0.0166181 	 0.276601 	 0.00715473 	 0.360315 	 0.0120122 	 1 	 8.55984e-16
2.4 	 1.67085 	 0.0166371 	 0.273704 	 0.00703688 	 0.358233 	 0.0114809 	 1 	 1.30474e-15
2.45 	 1.69253 	 0.0166481 	 0.270931 	 0.00693137 	 0.356223 	 0.0110671 	 1 	 1.07576e-15
2.5 	 1.71384 	 0.016651 	 0.268273 	 0.00683526 	 0.354261 	 0.0107529 	 1 	 1.23352e-15
2.55 	 1.73479 	 0.0166459 	 0.265717 	 0.00674495 	 0.352327 	 0.0105172 	 1 	 1.07322e-15
2.6 	 1.75542 	 0.0166326 	 0.263254 	 0.00665669 	 0.350401 	 0.0103384 	 1 	 1.02157e-15
2.65 	 1.77573 	 0.0166114 	 0.260877 	 0.00656718 	 0.348473 	 0.0101963 	 1 	 1.03224e-15
2.7 	 1.79574 	 0.0165825 	 0.258577 	 0.0064739 	 0.346531 	 0.0100731 	 1 	 1.64006e-15
2.75 	 1.81547 	 0.0165466 	 0.256349 	 0.00637536 	 0.344573 	 0.00995449 	 1 	 1.48076e-15
2.8 	 1.83493 	 0.0165049 	 0.254186 	 0.00627105 	 0.342597 	 0.0098299 	 1 	 1.23518e-15
2.85 	 1.85413 	 0.0164585 	 0.252084 	 0.00616131 	 0.340605 	 0.00969199 	 1 	 1.2979e-15
2.9 	 1.87309 	 0.0164093 	 0.250039 	 0.00604705 	 0.338603 	 0.00953648 	 1 	 1.37775e-15
2.95 	 1.89181 	 0.0163594 	 0.248047 	 0.00592947 	 0.336595 	 0.0093616 	 1 	 1.24127e-15
3 	 1.9103 	 0.0163106 	 0.246107 	 0.00580983 	 0.334587 	 0.00916764 	 1 	 1.02424e-15
3.05 	 1.92858 	 0.016265 	 0.244216 	 0.00568926 	 0.332588 	 0.00895646 	 1 	 1.41066e-15
3.1 	 1.94665 	 0.0162245 	 0.242372 	 0.00556857 	 0.330601 	 0.00873101 	 1 	 1.61566e-15
3.15 	 1.96452 	 0.0161905 	 0.240576 	 0.00544825 	 0.328635 	 0.00849489 	 1 	 1.55563e-15
3.2 	 1.9822 	 0.0161641 	 0.238826 	 0.00532844 	 0.326693 	 0.00825195 	 1 	 1.90364e-15
3.25 	 1.9997 	 0.0161462 	 0.237122 	 0.00520893 	 0.324781 	 0.00800592 	 1 	 1.31102e-15
3.3 	 2.01702 	 0.016137 	 0.235464 	 0.00508931 	 0.322903 	 0.00776016 	 1 	 1.1514e-15
3.35 	 2.03416 	 0.0161362 	 0.233849 	 0.00496911 	 0.321063 	 0.00751754 	 1 	 1.2626e-15
3.4 	 2.05114 	 0.0161434 	 0.232279 	 0.00484801 	 0.319264 	 0.00728039 	 1 	 1.73659e-15
3.45 	 2.06796 	 0.0161579 	 0.230751 	 0.00472596 	 0.317507 	 0.00705062 	 1 	 1.25771e-15
3.5 	 2.08463 	 0.0161785 	 0.229264 	 0.0046033 	 0.315794 	 0.00682978 	 1 	 1.91797e-15
3.55 	 2.10115 	 0.0162043 	 0.227815 	 0.00448087 	 0.314122 	 0.00661926 	 1 	 1.57966e-15
3.6 	 2.11752 	 0.0162346 	 0.226402 	 0.00435998 	 0.312491 	 0.00642033 	 1 	 2.25533e-15
3.65 	 2.13375 	 0.0162685 	 0.225024 	 0.00424227 	 0.310897 	 0.00623412 	 1 	 2.38001e-15
3.7 	 2.14986 	 0.0163057 	 0.223676 	 0.00412957 	 0.309336 	 0.00606154 	 1 	 1.01349e-15
3.75 	 2.16583 	 0.0163457 	 0.222357 	 0.0040237 	 0.307804 	 0.00590309 	 1 	 1.55343e-15
3.8 	 2.18168 	 0.0163885 	 0.221063 	 0.00392636 	 0.306296 	 0.00575875 	 1 	 1.52316e-15
3.85 	 2.19742 	 0.016434 	 0.219793 	 0.00383893 	 0.304809 	 0.00562795 	 1 	 1.60503e-15
3.9 	 2.21303 	 0.0164824 	 0.218544 	 0.0037624 	 0.303338 	 0.00550962 	 1 	 1.25662e-15
3.95 	 2.22853 	 0.0165339 	 0.217315 	 0.00369738 	 0.30188 	 0.00540237 	 1 	 2.1872e-15
4 	 2.24392 	 0.0165885 	 0.216103 	 0.00364409 	 0.300431 	 0.00530478 	 1 	 1.28731e-15
4.05 	 2.25921 	 0.0166465 	 0.214907 	 0.0036024 	 0.298991 	 0.00521557 	 1 	 1.29948e-15
4.1 	 2.27438 	 0.016708 	 0.213727 	 0.00357189 	 0.297556 	 0.00513381 	 1 	 1.9421e-15
4.15 	 2.28946 	 0.0167733 	 0.212562 	 0.00355192 	 0.296127 	 0.00505907 	 1 	 1.99497e-15
4.2 	 2.30443 	 0.0168422 	 0.211411 	 0.00354161 	 0.294703 	 0.00499133 	 1 	 1.47334e-15
4.25 	 2.31931 	 0.0169148 	 0.210274 	 0.00353993 	 0.293285 	 0.00493098 	 1 	 1.81827e-15
4.3 	 2.3341 	 0.0169907 	 0.209152 	 0.00354563 	 0.291873 	 0.00487864 	 1 	 1.72273e-15
4.35 	 2.3488 	 0.0170695 	 0.208044 	 0.00355741 	 0.290469 	 0.00483508 	 1 	 1.80958e-15
4.4 	 2.36341 	 0.0171509 	 0.20695 	 0.00357385 	 0.289075 	 0.00480107 	 1 	 1.60076e-15
4.45 	 2.37794 	 0.0172346 	 0.205871 	 0.00359356 	 0.287691 	 0.00477723 	 1 	 1.65088e-15
4.5 	 2.39238 	 0.0173203 	 0.204807 	 0.00361517 	 0.286319 	 0.004764 	 1 	 1.73106e-15
4.55 	 2.40675 	 0.0174077 	 0.203758 	 0.00363744 	 0.28496 	 0.00476147 	 1 	 1.10899e-15
4.6 	 2.42103 	 0.017497 	 0.202726 	 0.00365935 	 0.283616 	 0.00476946 	 1 	 1.71995e-15
4.65 	 2.43524 	 0.0175882 	 0.201709 	 0.00368005 	 0.282286 	 0.00478747 	 1 	 1.45792e-15
4.7 	 2.44938 	 0.0176814 	 0.200707 	 0.00369894 	 0.280973 	 0.00481472 	 1 	 1.16617e-15
4.75 	 2.46344 	 0.0177769 	 0.199722 	 0.00371568 	 0.279676 	 0.00485025 	 1 	 2.07704e-15
4.8 	 2.47744 	 0.0178749 	 0.198752 	 0.00373014 	 0.278395 	 0.00489301 	 1 	 1.5037e-15
4.85 	 2.49136 	 0.0179754 	 0.197797 	 0.00374235 	 0.277131 	 0.00494187 	 1 	 1.44803e-15
4.9 	 2.50522 	 0.0180788 	 0.196857 	 0.00375251 	 0.275883 	 0.00499573 	 1 	 1.79705e-15
4.95 	 2.51901 	 0.0181851 	 0.195931 	 0.0037609 	 0.274651 	 0.00505349 	 1 	 1.59819e-15
5 	 2.53274 	 0.0182943 	 0.195019 	 0.00376783 	 0.273435 	 0.00511406 	 1 	 8.10792e-16
5.05 	 2.5464 	 0.0184064 	 0.19412 	 0.00377361 	 0.272233 	 0.00517636 	 1 	 2.49738e-15
5.1 	 2.55999 	 0.0185211 	 0.193234 	 0.00377845 	 0.271045 	 0.00523934 	 1 	 1.7898e-15
5.15 	 2.57352 	 0.0186381 	 0.19236 	 0.00378252 	 0.26987 	 0.00530194 	 1 	 1.91904e-15
5.2 	 2.58698 	 0.018757 	 0.191498 	 0.00378585 	 0.268707 	 0.00536314 	 1 	 1.84778e-15
5.25 	 2.60038 	 0.0188773 	 0.190647 	 0.00378838 	 0.267556 	 0.00542201 	 1 	 1.59605e-15
5.3 	 2.61371 	 0.0189986 	 0.189808 	 0.00378999 	 0.266416 	 0.00547777 	 1 	 1.70234e-15
5.35 	 2.62697 	 0.0191204 	 0.188979 	 0.00379052 	 0.265285 	 0.00552982 	 1 	 1.64089e-15
5.4 	 2.64017 	 0.0192425 	 0.188161 	 0.0037898 	 0.264165 	 0.00557781 	 1 	 1.23241e-15
5.45 	 2.65329 	 0.0193644 	 0.187353 	 0.00378768 	 0.263054 	 0.0056216 	 1 	 1.41985e-15
5.5 	 2.66636 	 0.0194858 	 0.186556 	 0.00378409 	 0.261953 	 0.00566129 	 1 	 2.49546e-15
5.55 	 2.67936 	 0.0196064 	 0.185768 	 0.00377899 	 0.260861 	 0.00569713 	 1 	 1.89426e-15
5.6 	 2.69229 	 0.019726 	 0.184991 	 0.00377244 	 0.259779 	 0.00572948 	 1 	 1.68983e-15
5.65 	 2.70516 	 0.0198443 	 0.184223 	 0.0037646 	 0.258705 	 0.00575878 	 1 	 1.17437e-15
5.7 	 2.71797 	 0.0199612 	 0.183465 	 0.00375567 	 0.257641 	 0.00578553 	 1 	 1.63755e-15
5.75 	 2.73071 	 0.0200764 	 0.182716 	 0.00374595 	 0.256586 	 0.00581027 	 1 	 1.09782e-15
5.8 	 2.74339 	 0.0201901 	 0.181976 	 0.00373576 	 0.255539 	 0.0058336 	 1 	 1.67067e-15
5.85 	 2.75601 	 0.0203024 	 0.181245 	 0.00372545 	 0.254501 	 0.00585619 	 1 	 1.87756e-15
5.9 	 2.76857 	 0.0204134 	 0.180523 	 0.00371537 	 0.253471 	 0.00587869 	 1 	 2.35281e-15
5.95 	 2.78106 	 0.0205231 	 0.179809 	 0.00370581 	 0.252449 	 0.0059017 	 1 	 2.44109e-15
6 	 2.7935 	 0.0206317 	 0.179103 	 0.00369701 	 0.251436 	 0.00592573 	 1 	 1.66985e-15
6.05 	 2.80587 	 0.020739 	 0.178406 	 0.00368914 	 0.250431 	 0.00595107 	 1 	 1.82015e-15
6.1 	 2.81819 	 0.020845 	 0.177715 	 0.00368229 	 0.249434 	 0.00597783 	 1 	 1.64173e-15
6.15 	 2.83045 	 0.0209497 	 0.177033 	 0.00367647 	 0.248446 	 0.00600586 	 1 	 2.0175e-15
6.2 	 2.84266 	 0.021053 	 0.176357 	 0.0036716 	 0.247468 	 0.00603482 	 1 	 1.25934e-15
6.25 	 2.8548 	 0.0211546 	 0.175689 	 0.00366753 	 0.246498 	 0.00606419 	 1 	 1.30369e-15
6.3 	 2.86689 	 0.0212544 	 0.175028 	 0.00366405 	 0.245539 	 0.00609339 	 1 	 1.50416e-15
6.35 	 2.87892 	 0.0213523 	 0.174374 	 0.0036609 	 0.244589 	 0.00612178 	 1 	 1.63253e-15
6.4 	 2.8909 	 0.0214481 	 0.173727 	 0.00365784 	 0.24365 	 0.00614877 	 1 	 1.02358e-15
6.45 	 2.90281 	 0.0215417 	 0.173086 	 0.0036546 	 0.242723 	 0.00617379 	 1 	 1.96244e-15
6.5 	 2.91467 	 0.0216331 	 0.172453 	 0.00365095 	 0.241806 	 0.00619633 	 1 	 1.8299e-15
6.55 	 2.92647 	 0.0217222 	 0.171827 	 0.00364672 	 0.2409 	 0.00621585 	 1 	 1.49228e-15
6.6 	 2.93822 	 0.0218092 	 0.171208 	 0.0036418 	 0.240006 	 0.00623186 	 1 	 2.05816e-15
6.65 	 2.94991 	 0.0218942 	 0.170596 	 0.00363614 	 0.239123 	 0.0062438 	 1 	 2.29237e-15
6.7 	 2.96154 	 0.0219773 	 0.16999 	 0.00362973 	 0.238252 	 0.00625112 	 1 	 2.30399e-15
6.75 	 2.97311 	 0.0220587 	 0.169392 	 0.00362262 	 0.237394 	 0.00625327 	 1 	 1.02022e-15
6.8 	 2.98462 	 0.0221386 	 0.168801 	 0.0036149 	 0.236548 	 0.00624979 	 1 	 1.42467e-15
6.85 	 2.99608 	 0.0222168 	 0.168216 	 0.00360664 	 0.235716 	 0.0062403 	 1 	 1.23352e-15
6.9 	 3.00748 	 0.0222935 	 0.167637 	 0.00359796 	 0.234897 	 0.00622461 	 1 	 1.15911e-15
6.95 	 3.01882 	 0.0223685 	 0.167065 	 0.00358893 	 0.234093 	 0.00620269 	 1 	 1.27501e-15
7 	 3.03011 	 0.022442 	 0.166499 	 0.00357962 	 0.233304 	 0.00617467 	 1 	 2.15979e-15
7.05 	 3.04135 	 0.022514 	 0.165939 	 0.00357011 	 0.232529 	 0.00614079 	 1 	 2.37483e-15
7.1 	 3.05252 	 0.0225845 	 0.165385 	 0.0035604 	 0.23177 	 0.00610131 	 1 	 2.04313e-15
7.15 	 3.06365 	 0.0226536 	 0.164836 	 0.00355049 	 0.231025 	 0.00605648 	 1 	 2.26744e-15
7.2 	 3.07472 	 0.0227214 	 0.164294 	 0.00354036 	 0.230295 	 0.00600656 	 1 	 1.54193e-15
7.25 	 3.08574 	 0.0227881 	 0.163757 	 0.00352995 	 0.229578 	 0.00595179 	 1 	 7.82425e-16
7.3 	 3.09671 	 0.0228535 	 0.163226 	 0.0035192 	 0.228874 	 0.00589244 	 1 	 1.89354e-15
7.35 	 3.10763 	 0.0229178 	 0.1627 	 0.003508 	 0.228182 	 0.00582888 	 1 	 1.90004e-15
7.4 	 3.1185 	 0.022981 	 0.16218 	 0.00349629 	 0.2275 	 0.00576162 	 1 	 1.7898e-15
7.45 	 3.12932 	 0.023043 	 0.161665 	 0.00348398 	 0.226827 	 0.00569136 	 1 	 2.20031e-15
7.5 	 3.14009 	 0.0231039 	 0.161155 	 0.00347102 	 0.226163 	 0.00561892 	 1 	 1.12371e-15
7.55 	 3.15081 	 0.0231638 	 0.16065 	 0.00345742 	 0.225505 	 0.00554528 	 1 	 2.04615e-15
7.6 	 3.16148 	 0.0232225 	 0.160151 	 0.0034432 	 0.224853 	 0.00547146 	 1 	 1.36978e-15
7.65 	 3.1721 	 0.0232803 	 0.159656 	 0.00342847 	 0.224206 	 0.0053985 	 1 	 2.20093e-15
7.7 	 3.18267 	 0.0233372 	 0.159167 	 0.00341338 	 0.223563 	 0.0053274 	 1 	 1.27125e-15
7.75 	 3.1932 	 0.0233934 	 0.158682 	 0.00339812 	 0.222924 	 0.00525907 	 1 	 9.51458e-16
7.8 	 3.20368 	 0.023449 	 0.158201 	 0.0033829 	 0.222287 	 0.00519428 	 1 	 1.85407e-15
7.85 	 3.21412 	 0.0235043 	 0.157725 	 0.00336795 	 0.221653 	 0.00513367 	 1 	 1.27984e-15
7.9 	 3.22451 	 0.0235592 	 0.157253 	 0.00335348 	 0.22102 	 0.00507776 	 1 	 1.34404e-15
7.95 	 3.23485 	 0.023614 	 0.156785 	 0.00333969 	 0.22039 	 0.00502692 	 1 	 2.60081e-15
8 	 3.24514 	 0.0236686 	 0.156321 	 0.00332672 	 0.219761 	 0.00498142 	 1 	 3.31996e-15
8.05 	 3.25539 	 0.0237228 	 0.155861 	 0.00331468 	 0.219134 	 0.0049414 	 1 	 2.08198e-15
8.1 	 3.26559 	 0.0237766 	 0.155405 	 0.00330364 	 0.218508 	 0.00490689 	 1 	 1.76902e-15
8.15 	 3.27575 	 0.0238298 	 0.154952 	 0.00329361 	 0.217883 	 0.00487782 	 1 	 1.96558e-15
8.2 	 3.28585 	 0.0238821 	 0.154503 	 0.00328456 	 0.217259 	 0.00485397 	 1 	 2.02258e-15
8.25 	 3.29592 	 0.0239335 	 0.154058 	 0.0032764 	 0.216636 	 0.00483506 	 1 	 1.22293e-15
8.3 	 3.30593 	 0.0239838 	 0.153616 	 0.00326905 	 0.216015 	 0.0048207 	 1 	 1.96558e-15
8.35 	 3.3159 	 0.024033 	 0.153178 	 0.0032624 	 0.215395 	 0.00481047 	 1 	 1.34963e-15
8.4 	 3.32583 	 0.0240811 	 0.152743 	 0.00325633 	 0.214778 	 0.00480389 	 1 	 2.30845e-15
8.45 	 3.33571 	 0.0241282 	 0.152312 	 0.00325073 	 0.214163 	 0.00480052 	 1 	 1.53748e-15
8.5 	 3.34554 	 0.0241745 	 0.151884 	 0.0032455 	 0.213552 	 0.00479988 	 1 	 1.24842e-15
8.55 	 3.35533 	 0.02422 	 0.15146 	 0.00324053 	 0.212946 	 0.00480154 	 1 	 1.53792e-15
8.6 	 3.36508 	 0.024265 	 0.151039 	 0.00323575 	 0.212344 	 0.00480513 	 1 	 1.96558e-15
8.65 	 3.37478 	 0.0243097 	 0.150622 	 0.00323111 	 0.211749 	 0.00481033 	 1 	 1.25225e-15
8.7 	 3.38444 	 0.0243541 	 0.150209 	 0.00322657 	 0.21116 	 0.00481688 	 1 	 1.93998e-15
8.75 	 3.39405 	 0.0243984 	 0.1498 	 0.00322209 	 0.210577 	 0.00482458 	 1 	 1.6363e-15
8.8 	 3.40362 	 0.0244426 	 0.149394 	 0.00321764 	 0.210002 	 0.00483328 	 1 	 1.32557e-15
8.85 	 3.41314 	 0.0244867 	 0.148993 	 0.00321319 	 0.209434 	 0.00484287 	 1 	 1.4014e-15
8.9 	 3.42262 	 0.0245305 	 0.148594 	 0.00320871 	 0.208873 	 0.00485323 	 1 	 1.55034e-15
8.95 	 3.43206 	 0.024574 	 0.1482 	 0.00320417 	 0.208319 	 0.00486422 	 1 	 1.27394e-15
9 	 3.44146 	 0.024617 	 0.147808 	 0.00319953 	 0.207772 	 0.00487562 	 1 	 1.8058e-15
9.05 	 3.45082 	 0.0246594 	 0.147421 	 0.00319475 	 0.207231 	 0.00488715 	 1 	 2.14803e-15
9.1 	 3.46013 	 0.0247009 	 0.147036 	 0.00318981 	 0.206696 	 0.00489849 	 1 	 2.15915e-15
9.15 	 3.46941 	 0.0247416 	 0.146654 	 0.0031847 	 0.206166 	 0.00490928 	 1 	 2.86921e-15
9.2 	 3.47865 	 0.0247816 	 0.146276 	 0.00317939 	 0.205643 	 0.00491926 	 1 	 2.30785e-15
9.25 	 3.48785 	 0.0248207 	 0.145901 	 0.00317388 	 0.205125 	 0.0049282 	 1 	 1.82728e-15
9.3 	 3.497 	 0.0248592 	 0.145529 	 0.00316816 	 0.204611 	 0.004936 	 1 	 1.34302e-15
9.35 	 3.50612 	 0.0248969 	 0.14516 	 0.00316222 	 0.204102 	 0.00494263 	 1 	 1.67844e-15
9.4 	 3.5152 	 0.024934 	 0.144795 	 0.00315604 	 0.203598 	 0.00494811 	 1 	 1.80958e-15
9.45 	 3.52424 	 0.0249704 	 0.144432 	 0.00314965 	 0.203097 	 0.00495246 	 1 	 2.11461e-15
9.5 	 3.53323 	 0.0250064 	 0.144072 	 0.00314307 	 0.202599 	 0.00495568 	 1 	 1.49914e-15
9.55 	 3.54219 	 0.0250418 	 0.143716 	 0.00313633 	 0.202105 	 0.00495776 	 1 	 1.4803e-15
9.6 	 3.5511 	 0.0250769 	 0.143362 	 0.00312947 	 0.201613 	 0.00495865 	 1 	 1.9101e-15
9.65 	 3.55998 	 0.0251117 	 0.143011 	 0.00312257 	 0.201124 	 0.00495839 	 1 	 2.25411e-15
9.7 	 3.56881 	 0.0251462 	 0.142663 	 0.00311566 	 0.200637 	 0.00495706 	 1 	 1.81336e-15
9.75 	 3.57761 	 0.0251804 	 0.142318 	 0.0031088 	 0.200153 	 0.00495485 	 1 	 1.95615e-15
9.8 	 3.58636 	 0.0252141 	 0.141976 	 0.00310202 	 0.199672 	 0.00495204 	 1 	 1.88992e-15
9.85 	 3.59508 	 0.0252474 	 0.141636 	 0.00309536 	 0.199193 	 0.00494898 	 1 	 1.24842e-15
9.9 	 3.60376 	 0.0252802 	 0.141299 	 0.00308883 	 0.198717 	 0.00494603 	 1 	 2.04313e-15
9.95 	 3.61241 	 0.0253126 	 0.140964 	 0.00308245 	 0.198243 	 0.00494356 	 1 	 1.73896e-15
10 	 3.62101 	 0.0253444 	 0.140632 	 0.00307621 	 0.197772 	 0.00494186 	 1 	 1.39209e-15
10.05 	 3.62958 	 0.0253759 	 0.140303 	 0.00307012 	 0.197303 	 0.00494117 	 1 	 2.57248e-15
10.1 	 3.63811 	 0.0254069 	 0.139976 	 0.00306416 	 0.196837 	 0.0049416 	 1 	 2.05516e-15
10.15 	 3.6466 	 0.0254376 	 0.139652 	 0.0030583 	 0.196374 	 0.00494319 	 1 	 1.49594e-15
10.2 	 3.65506 	 0.025468 	 0.13933 	 0.00305251 	 0.195913 	 0.0049458 	 1 	 2.82786e-15
10.25 	 3.66348 	 0.025498 	 0.13901 	 0.00304677 	 0.195454 	 0.00494921 	 1 	 1.49228e-15
10.3 	 3.67186 	 0.0255276 	 0.138693 	 0.00304102 	 0.194998 	 0.00495302 	 1 	 1.61651e-15
10.35 	 3.68021 	 0.0255564 	 0.138379 	 0.00303522 	 0.194545 	 0.00495679 	 1 	 2.58258e-15
10.4 	 3.68851 	 0.0255844 	 0.138066 	 0.00302933 	 0.194094 	 0.00495998 	 1 	 2.24193e-15
10.45 	 3.69678 	 0.0256112 	 0.137757 	 0.0030233 	 0.193646 	 0.00496212 	 1 	 1.4092e-15
10.5 	 3.70502 	 0.0256366 	 0.137449 	 0.0030171 	 0.193201 	 0.00496275 	 1 	 1.21675e-15
10.55 	 3.71322 	 0.0256604 	 0.137145 	 0.00301067 	 0.192759 	 0.00496158 	 1 	 1.93786e-15
10.6 	 3.72138 	 0.0256822 	 0.136842 	 0.00300401 	 0.192321 	 0.00495837 	 1 	 1.41308e-15
10.65 	 3.7295 	 0.0257021 	 0.136542 	 0.00299709 	 0.191888 	 0.00495305 	 1 	 1.67149e-15
10.7 	 3.73759 	 0.0257199 	 0.136244 	 0.00298992 	 0.191458 	 0.00494561 	 1 	 2.15884e-15
10.75 	 3.74565 	 0.0257357 	 0.135948 	 0.00298252 	 0.191033 	 0.00493608 	 1 	 2.56101e-15
10.8 	 3.75367 	 0.0257497 	 0.135655 	 0.00297493 	 0.190612 	 0.00492454 	 1 	 1.77751e-15
10.85 	 3.76165 	 0.0257622 	 0.135364 	 0.00296718 	 0.190195 	 0.00491106 	 1 	 1.20771e-15
10.9 	 3.7696 	 0.0257734 	 0.135075 	 0.00295931 	 0.189782 	 0.00489573 	 1 	 1.95895e-15
10.95 	 3.77752 	 0.0257836 	 0.134788 	 0.00295137 	 0.189372 	 0.00487866 	 1 	 1.93857e-15
11 	 3.7854 	 0.0257932 	 0.134503 	 0.00294338 	 0.188966 	 0.00486002 	 1 	 2.13748e-15
11.05 	 3.79324 	 0.0258023 	 0.13422 	 0.00293537 	 0.188562 	 0.00484004 	 1 	 2.12463e-15
11.1 	 3.80106 	 0.0258113 	 0.133939 	 0.00292735 	 0.188162 	 0.00481903 	 1 	 2.02833e-15
11.15 	 3.80884 	 0.0258202 	 0.133661 	 0.00291933 	 0.187763 	 0.00479738 	 1 	 1.43901e-15
11.2 	 3.81658 	 0.0258293 	 0.133384 	 0.00291131 	 0.187367 	 0.00477551 	 1 	 1.66451e-15
11.25 	 3.8243 	 0.0258386 	 0.133109 	 0.00290331 	 0.186972 	 0.00475389 	 1 	 1.39994e-15
11.3 	 3.83198 	 0.0258481 	 0.132836 	 0.00289532 	 0.18658 	 0.0047329 	 1 	 1.41308e-15
11.35 	 3.83963 	 0.0258577 	 0.132566 	 0.00288735 	 0.186188 	 0.00471288 	 1 	 2.19719e-15
11.4 	 3.84725 	 0.0258673 	 0.132297 	 0.0028794 	 0.185799 	 0.00469403 	 1 	 1.2313e-15
11.45 	 3.85483 	 0.0258767 	 0.13203 	 0.00287148 	 0.185411 	 0.00467645 	 1 	 2.32352e-15
11.5 	 3.86238 	 0.0258857 	 0.131765 	 0.00286357 	 0.185024 	 0.00466012 	 1 	 1.64714e-15
11.55 	 3.8699 	 0.025894 	 0.131502 	 0.00285568 	 0.18464 	 0.00464495 	 1 	 2.49848e-15
11.6 	 3.87739 	 0.0259015 	 0.131241 	 0.00284782 	 0.184258 	 0.00463084 	 1 	 1.16793e-15
11.65 	 3.88485 	 0.0259082 	 0.130981 	 0.00284 	 0.183878 	 0.00461766 	 1 	 1.63337e-15
11.7 	 3.89227 	 0.0259141 	 0.130724 	 0.00283223 	 0.183501 	 0.00460537 	 1 	 2.98065e-15
11.75 	 3.89967 	 0.0259192 	 0.130468 	 0.00282454 	 0.183127 	 0.00459394 	 1 	 1.42851e-15
11.8 	 3.90703 	 0.0259237 	 0.130214 	 0.00281692 	 0.182756 	 0.0045834 	 1 	 1.73896e-15
11.85 	 3.91436 	 0.0259276 	 0.129963 	 0.00280941 	 0.182387 	 0.00457378 	 1 	 1.56616e-15
11.9 	 3.92166 	 0.0259313 	 0.129712 	 0.002802 	 0.18202 	 0.00456514 	 1 	 1.32505e-15
11.95 	 3.92893 	 0.0259348 	 0.129464 	 0.00279469 	 0.181656 	 0.00455747 	 1 	 1.6817e-15
12 	 3.93617 	 0.0259383 	 0.129218 	 0.00278749 	 0.181293 	 0.00455076 	 1 	 1.76437e-15
12.05 	 3.94337 	 0.0259417 	 0.128973 	 0.00278037 	 0.180933 	 0.00454493 	 1 	 2.00831e-15
12.1 	 3.95055 	 0.0259452 	 0.128731 	 0.00277332 	 0.180575 	 0.00453993 	 1 	 2.26018e-15
12.15 	 3.95769 	 0.0259486 	 0.12849 	 0.00276632 	 0.180218 	 0.00453568 	 1 	 2.01206e-15
12.2 	 3.96481 	 0.0259519 	 0.12825 	 0.00275934 	 0.179864 	 0.00453216 	 1 	 2.50532e-15
12.25 	 3.9719 	 0.025955 	 0.128013 	 0.00275237 	 0.179513 	 0.00452935 	 1 	 1.47241e-15
12.3 	 3.97895 	 0.0259577 	 0.127777 	 0.00274539 	 0.179164 	 0.00452729 	 1 	 1.72353e-15
12.35 	 3.98598 	 0.0259599 	 0.127543 	 0.00273838 	 0.178818 	 0.00452598 	 1 	 1.53703e-15
12.4 	 3.99298 	 0.0259617 	 0.12731 	 0.00273136 	 0.178474 	 0.00452542 	 1 	 1.66533e-15
12.45 	 3.99995 	 0.025963 	 0.127079 	 0.00272432 	 0.178134 	 0.00452556 	 1 	 2.51678e-15
12.5 	 4.00689 	 0.0259639 	 0.12685 	 0.00271726 	 0.177795 	 0.0045263 	 1 	 1.28198e-15
12.55 	 4.0138 	 0.0259643 	 0.126622 	 0.00271021 	 0.177459 	 0.00452746 	 1 	 1.54104e-15
12.6 	 4.02067 	 0.0259644 	 0.126396 	 0.00270315 	 0.177125 	 0.00452883 	 1 	 2.38174e-15
12.65 	 4.02752 	 0.0259641 	 0.126172 	 0.00269608 	 0.176793 	 0.00453021 	 1 	 2.12076e-15
12.7 	 4.03434 	 0.0259637 	 0.125949 	 0.00268902 	 0.176462 	 0.00453135 	 1 	 2.00865e-15
12.75 	 4.04114 	 0.025963 	 0.125727 	 0.00268194 	 0.176132 	 0.00453208 	 1 	 2.12913e-15
12.8 	 4.0479 	 0.0259623 	 0.125507 	 0.00267487 	 0.175802 	 0.00453225 	 1 	 1.06296e-15
12.85 	 4.05464 	 0.0259615 	 0.125288 	 0.00266781 	 0.175474 	 0.0045318 	 1 	 1.22405e-15
12.9 	 4.06135 	 0.0259608 	 0.125071 	 0.00266077 	 0.175146 	 0.00453073 	 1 	 1.45086e-15
12.95 	 4.06804 	 0.0259602 	 0.124856 	 0.00265377 	 0.174819 	 0.00452915 	 1 	 1.66862e-15
13 	 4.0747 	 0.0259598 	 0.124641 	 0.00264683 	 0.174493 	 0.00452724 	 1 	 1.73738e-15
