time = tau * tau_parallel
rms: rms distance of hole to its origin
rms std: estimated standard error on the mean of rms from 100 samples
IPR: inverse participation ratio, IPR(tau) = sum_i (n_h(i,tau))^2, with hole density n_h(i,tau) at site i at time tau.
IPR std: estimated standard error on the mean of IPR from 100 samples
return prob: probability of the hole to return to its origin, n_h(0,tau).
return prob std: estimated standard error on the mean of return prob from 100 samples
leg imbalance: difference between the occupation in the two legs of the ladder (see Eq. (15) in the manuscript).
leg imbalance std: estimated standard error on the mean of leg imbalance from 100 samples


time, rms, rms std, IPR, IPR std, return prob, return prob std, leg imbalance, leg imbalance std
0 	 0 	 0 	 1 	 0 	 1 	 0 	 1 	 0
0.1 	 0.100156 	 9.77731e-08 	 0.980285 	 1.20879e-07 	 0.990043 	 6.16651e-08 	 1 	 4.56258e-16
0.2 	 0.200272 	 0.000132481 	 0.92511 	 0.000306332 	 0.961053 	 0.000165875 	 1 	 3.53028e-16
0.3 	 0.300233 	 0.000515283 	 0.845049 	 0.00159262 	 0.915537 	 0.000950324 	 1 	 3.81015e-16
0.4 	 0.399792 	 0.00124095 	 0.753921 	 0.00436636 	 0.857286 	 0.00296819 	 1 	 2.93737e-16
0.5 	 0.498552 	 0.00237169 	 0.664969 	 0.00858607 	 0.790853 	 0.00682271 	 1 	 3.43193e-16
0.6 	 0.595969 	 0.00393981 	 0.588065 	 0.0137306 	 0.720999 	 0.0129252 	 1 	 2.8184e-16
0.7 	 0.691401 	 0.00594985 	 0.528596 	 0.0192422 	 0.652159 	 0.0213503 	 1 	 4.02004e-16
0.8 	 0.784166 	 0.00838117 	 0.487777 	 0.0249713 	 0.588052 	 0.0317605 	 1 	 2.93737e-16
0.9 	 0.873593 	 0.0111901 	 0.463673 	 0.0312514 	 0.531445 	 0.0434175 	 1 	 3.86369e-16
1 	 0.959063 	 0.0143128 	 0.452343 	 0.0385101 	 0.484097 	 0.0552789 	 1 	 3.588e-16
1.1 	 1.04003 	 0.01767 	 0.448923 	 0.0467013 	 0.44684 	 0.0661617 	 1 	 3.09626e-16
1.2 	 1.11604 	 0.0211742 	 0.448644 	 0.0550358 	 0.419762 	 0.0749389 	 1 	 4.2195e-16
1.3 	 1.1867 	 0.0247388 	 0.447776 	 0.0622294 	 0.402422 	 0.0807324 	 1 	 5.37564e-16
1.4 	 1.25168 	 0.0282878 	 0.444292 	 0.067059 	 0.394059 	 0.0830641 	 1 	 2.98363e-16
1.5 	 1.31073 	 0.0317655 	 0.438024 	 0.0688546 	 0.393756 	 0.0819374 	 1 	 3.56887e-16
1.6 	 1.36367 	 0.0351435 	 0.430256 	 0.0676973 	 0.400537 	 0.0778361 	 1 	 2.794e-16
1.7 	 1.41041 	 0.0384236 	 0.422992 	 0.064357 	 0.413397 	 0.071643 	 1 	 3.49127e-16
1.8 	 1.45099 	 0.0416352 	 0.418226 	 0.0601071 	 0.431282 	 0.0644908 	 1 	 2.86658e-16
1.9 	 1.48554 	 0.0448286 	 0.417483 	 0.0564203 	 0.453048 	 0.0575675 	 1 	 3.39179e-16
2 	 1.51433 	 0.0480633 	 0.421647 	 0.0544183 	 0.477424 	 0.0519022 	 1 	 4.2195e-16
2.1 	 1.53774 	 0.0513963 	 0.430958 	 0.0542815 	 0.503008 	 0.0481818 	 1 	 2.48253e-16
2.2 	 1.55626 	 0.0548722 	 0.445017 	 0.0552798 	 0.528314 	 0.0466791 	 1 	 3.33067e-16
2.3 	 1.57049 	 0.0585151 	 0.462757 	 0.0565266 	 0.551865 	 0.0473328 	 1 	 4.31577e-16
2.4 	 1.58111 	 0.0623233 	 0.482422 	 0.0576754 	 0.572326 	 0.0498872 	 1 	 5.36289e-16
2.5 	 1.58887 	 0.0662675 	 0.501679 	 0.0590038 	 0.588626 	 0.0539685 	 1 	 3.24739e-16
2.6 	 1.59457 	 0.070292 	 0.517943 	 0.0609812 	 0.600072 	 0.0591114 	 1 	 5.00627e-16
2.7 	 1.59901 	 0.0743194 	 0.528868 	 0.0638131 	 0.606388 	 0.0648098 	 1 	 2.98363e-16
2.8 	 1.60294 	 0.0782601 	 0.532885 	 0.0673452 	 0.607711 	 0.0705991 	 1 	 2.91397e-16
2.9 	 1.60701 	 0.0820229 	 0.529586 	 0.0711647 	 0.604516 	 0.0761211 	 1 	 3.39179e-16
3 	 1.61169 	 0.0855262 	 0.519839 	 0.0746301 	 0.597506 	 0.0811423 	 1 	 5.27275e-16
3.1 	 1.61726 	 0.0887072 	 0.505587 	 0.0769957 	 0.587501 	 0.0855283 	 1 	 4.26791e-16
3.2 	 1.62377 	 0.0915288 	 0.489399 	 0.0778524 	 0.575335 	 0.0891993 	 1 	 3.51083e-16
3.3 	 1.63111 	 0.0939828 	 0.473901 	 0.0776265 	 0.56179 	 0.0921003 	 1 	 2.66864e-16
3.4 	 1.63901 	 0.0960896 	 0.461241 	 0.0775254 	 0.547567 	 0.0942022 	 1 	 3.1835e-16
3.5 	 1.64714 	 0.097895 	 0.452705 	 0.078592 	 0.533286 	 0.0955255 	 1 	 4.92352e-16
3.6 	 1.65516 	 0.0994646 	 0.44856 	 0.0806033 	 0.519504 	 0.0961567 	 1 	 2.93737e-16
3.7 	 1.66276 	 0.100875 	 0.448109 	 0.0821377 	 0.506733 	 0.0962286 	 1 	 4.83935e-16
3.8 	 1.6697 	 0.102204 	 0.449953 	 0.0817157 	 0.495457 	 0.095858 	 1 	 4.33161e-16
3.9 	 1.67583 	 0.10352 	 0.452377 	 0.0787343 	 0.48613 	 0.0950727 	 1 	 4.36311e-16
4 	 1.6811 	 0.104871 	 0.4538 	 0.0735903 	 0.479169 	 0.0937792 	 1 	 3.53028e-16
4.1 	 1.68552 	 0.106276 	 0.453206 	 0.0672306 	 0.474926 	 0.0918065 	 1 	 2.89037e-16
4.2 	 1.68918 	 0.107727 	 0.450415 	 0.0605685 	 0.473663 	 0.0890163 	 1 	 4.79671e-16
4.3 	 1.69224 	 0.109189 	 0.446136 	 0.0541738 	 0.47552 	 0.0854281 	 1 	 4.50215e-16
4.4 	 1.69487 	 0.110609 	 0.441712 	 0.0484775 	 0.480491 	 0.0813054 	 1 	 4.42545e-16
4.5 	 1.69731 	 0.111929 	 0.438678 	 0.0443379 	 0.488405 	 0.0771574 	 1 	 3.54963e-16
4.6 	 1.69978 	 0.113087 	 0.438249 	 0.0432176 	 0.498919 	 0.0736368 	 1 	 3.1835e-16
4.7 	 1.70249 	 0.114028 	 0.440965 	 0.0460801 	 0.511534 	 0.0713388 	 1 	 5.56344e-16
4.8 	 1.70567 	 0.114707 	 0.446576 	 0.0520808 	 0.525618 	 0.070575 	 1 	 4.28392e-16
4.9 	 1.70948 	 0.115092 	 0.454205 	 0.0592045 	 0.540435 	 0.0712603 	 1 	 2.76938e-16
5 	 1.7141 	 0.115165 	 0.462654 	 0.0656237 	 0.555189 	 0.0729963 	 1 	 3.35117e-16
5.1 	 1.71966 	 0.114924 	 0.470737 	 0.0701769 	 0.569064 	 0.0752731 	 1 	 3.98582e-16
5.2 	 1.72626 	 0.11438 	 0.477526 	 0.0722887 	 0.581258 	 0.0776387 	 1 	 4.71028e-16
5.3 	 1.73398 	 0.113553 	 0.482454 	 0.0718586 	 0.591028 	 0.0797724 	 1 	 5.46408e-16
5.4 	 1.74283 	 0.112468 	 0.485293 	 0.0692793 	 0.597725 	 0.0814852 	 1 	 4.44089e-16
5.5 	 1.75279 	 0.111149 	 0.486024 	 0.0654822 	 0.600835 	 0.0826961 	 1 	 4.03703e-16
5.6 	 1.76373 	 0.109619 	 0.484673 	 0.0617864 	 0.600027 	 0.0834094 	 1 	 2.28129e-16
5.7 	 1.77548 	 0.107906 	 0.481203 	 0.0593988 	 0.595192 	 0.0836936 	 1 	 4.03703e-16
5.8 	 1.78779 	 0.106039 	 0.475522 	 0.0587671 	 0.586477 	 0.0836525 	 1 	 4.34739e-16
5.9 	 1.80034 	 0.104056 	 0.467614 	 0.0593962 	 0.574299 	 0.0833776 	 1 	 5.16781e-16
6 	 1.81279 	 0.102002 	 0.457687 	 0.0603373 	 0.55934 	 0.0828867 	 1 	 4.23569e-16
6.1 	 1.82482 	 0.0999261 	 0.446239 	 0.0607641 	 0.542507 	 0.0820678 	 1 	 5.52639e-16
6.2 	 1.83611 	 0.0978793 	 0.433958 	 0.0601919 	 0.524859 	 0.0806623 	 1 	 6.19253e-16
6.3 	 1.84641 	 0.0959102 	 0.421562 	 0.058465 	 0.507516 	 0.078312 	 1 	 3.89898e-16
6.4 	 1.85552 	 0.0940607 	 0.409677 	 0.0557257 	 0.491551 	 0.0746756 	 1 	 3.9165e-16
6.5 	 1.86333 	 0.092364 	 0.398864 	 0.0523937 	 0.477886 	 0.0695993 	 1 	 2.06049e-16
6.6 	 1.86981 	 0.0908424 	 0.389742 	 0.0491011 	 0.467213 	 0.0633248 	 1 	 4.18691e-16
6.7 	 1.87498 	 0.089508 	 0.383067 	 0.0465514 	 0.459943 	 0.0567209 	 1 	 3.9165e-16
6.8 	 1.87893 	 0.0883618 	 0.379626 	 0.0453218 	 0.456198 	 0.0514587 	 1 	 3.1183e-16
6.9 	 1.8818 	 0.0873956 	 0.379962 	 0.0456851 	 0.455846 	 0.0497081 	 1 	 4.5925e-16
7 	 1.88377 	 0.0865909 	 0.384091 	 0.0475757 	 0.458565 	 0.0527611 	 1 	 5.10112e-16
7.1 	 1.885 	 0.0859191 	 0.391386 	 0.0507373 	 0.46392 	 0.059791 	 1 	 3.81015e-16
7.2 	 1.88567 	 0.085342 	 0.400738 	 0.0549305 	 0.47144 	 0.0687001 	 1 	 3.7192e-16
7.3 	 1.88596 	 0.084814 	 0.410876 	 0.0600171 	 0.480665 	 0.077531 	 1 	 3.37154e-16
7.4 	 1.88599 	 0.0842849 	 0.420667 	 0.0658018 	 0.491172 	 0.0849326 	 1 	 4.29988e-16
7.5 	 1.8859 	 0.0837066 	 0.429249 	 0.0717377 	 0.502552 	 0.0901077 	 1 	 3.49127e-16
7.6 	 1.88577 	 0.0830385 	 0.435996 	 0.0768 	 0.514387 	 0.0926846 	 1 	 5.31157e-16
7.7 	 1.8857 	 0.0822532 	 0.440432 	 0.0797278 	 0.526208 	 0.0926131 	 1 	 3.77403e-16
7.8 	 1.88579 	 0.0813404 	 0.442241 	 0.0795099 	 0.537478 	 0.0900836 	 1 	 3.16192e-16
7.9 	 1.88613 	 0.0803087 	 0.441371 	 0.0758199 	 0.547605 	 0.0854658 	 1 	 4.44089e-16
8 	 1.88686 	 0.0791837 	 0.438163 	 0.0691916 	 0.55598 	 0.0792628 	 1 	 4.88162e-16
8.1 	 1.88812 	 0.0780061 	 0.433371 	 0.0609017 	 0.562049 	 0.0720842 	 1 	 3.9165e-16
8.2 	 1.89004 	 0.0768254 	 0.428014 	 0.0526673 	 0.565391 	 0.0646328 	 1 	 4.71028e-16
8.3 	 1.89279 	 0.0756938 	 0.423093 	 0.046223 	 0.565789 	 0.0576871 	 1 	 5.00627e-16
8.4 	 1.89647 	 0.0746584 	 0.419312 	 0.0427043 	 0.563276 	 0.052035 	 1 	 2.98363e-16
8.5 	 1.90117 	 0.0737545 	 0.416904 	 0.0420444 	 0.55815 	 0.048291 	 1 	 4.96507e-16
8.6 	 1.90694 	 0.0729986 	 0.415631 	 0.0431845 	 0.550944 	 0.0466216 	 1 	 4.2195e-16
8.7 	 1.91375 	 0.0723858 	 0.414929 	 0.0450247 	 0.542357 	 0.0466101 	 1 	 1.65502e-16
8.8 	 1.92152 	 0.0718902 	 0.414127 	 0.0469799 	 0.533166 	 0.0474694 	 1 	 5.25974e-16
8.9 	 1.93011 	 0.0714712 	 0.412641 	 0.0488412 	 0.524126 	 0.0484227 	 1 	 5.38836e-16
9 	 1.93931 	 0.0710821 	 0.410102 	 0.0504358 	 0.515868 	 0.0489512 	 1 	 4.47163e-16
9.1 	 1.94888 	 0.070681 	 0.406385 	 0.0514955 	 0.508839 	 0.0488423 	 1 	 4.95126e-16
9.2 	 1.95853 	 0.0702399 	 0.401574 	 0.0517582 	 0.503259 	 0.0481203 	 1 	 4.73926e-16
9.3 	 1.96797 	 0.0697501 	 0.39591 	 0.0510924 	 0.499132 	 0.0469365 	 1 	 3.14018e-16
9.4 	 1.97691 	 0.069224 	 0.389775 	 0.0495161 	 0.49629 	 0.0454774 	 1 	 4.81097e-16
9.5 	 1.98506 	 0.0686914 	 0.3837 	 0.0471635 	 0.494465 	 0.0439324 	 1 	 2.66864e-16
9.6 	 1.99222 	 0.0681926 	 0.378361 	 0.0443243 	 0.49337 	 0.042534 	 1 	 2.25107e-16
9.7 	 1.99824 	 0.0677683 	 0.374494 	 0.0415968 	 0.492768 	 0.0416228 	 1 	 3.81015e-16
9.8 	 2.00305 	 0.0674495 	 0.372728 	 0.0399624 	 0.492516 	 0.0416422 	 1 	 4.68111e-16
9.9 	 2.00664 	 0.0672508 	 0.373392 	 0.0403788 	 0.492579 	 0.0429822 	 1 	 4.90959e-16
10 	 2.00911 	 0.067167 	 0.376399 	 0.0429623 	 0.493002 	 0.0457305 	 1 	 6.68187e-16
10.1 	 2.0106 	 0.0671753 	 0.381262 	 0.0467989 	 0.493869 	 0.0495473 	 1 	 4.02004e-16
10.2 	 2.01129 	 0.0672424 	 0.387207 	 0.0506597 	 0.495254 	 0.0537694 	 1 	 4.34739e-16
10.3 	 2.01141 	 0.0673326 	 0.393304 	 0.0536058 	 0.497182 	 0.0576198 	 1 	 3.22623e-16
10.4 	 2.01117 	 0.0674158 	 0.398569 	 0.0550562 	 0.499607 	 0.0603777 	 1 	 4.0876e-16
10.5 	 2.01077 	 0.0674729 	 0.402061 	 0.0546404 	 0.502423 	 0.0614826 	 1 	 5.70923e-16
10.6 	 2.01039 	 0.0674985 	 0.403046 	 0.0521662 	 0.505484 	 0.0606036 	 1 	 4.63702e-16
10.7 	 2.01017 	 0.0675006 	 0.401248 	 0.0477952 	 0.508639 	 0.0576943 	 1 	 4.39439e-16
10.8 	 2.01021 	 0.0674982 	 0.397059 	 0.042283 	 0.511763 	 0.0530438 	 1 	 6.62009e-16
10.9 	 2.01058 	 0.067517 	 0.391581 	 0.0369928 	 0.514782 	 0.0473194 	 1 	 3.33067e-16
11 	 2.01132 	 0.0675843 	 0.386361 	 0.0333755 	 0.517671 	 0.0415853 	 1 	 5.41372e-16
11.1 	 2.01247 	 0.0677236 	 0.382912 	 0.0320135 	 0.520453 	 0.0372054 	 1 	 2.15789e-16
11.2 	 2.01405 	 0.0679499 	 0.382225 	 0.0323424 	 0.52317 	 0.0353862 	 1 	 3.49127e-16
11.3 	 2.01609 	 0.0682675 	 0.384492 	 0.0336013 	 0.525863 	 0.0363765 	 1 	 5.01993e-16
11.4 	 2.01864 	 0.0686702 	 0.389139 	 0.0355707 	 0.52854 	 0.0392912 	 1 	 5.82794e-16
11.5 	 2.02173 	 0.0691454 	 0.395096 	 0.0383307 	 0.531157 	 0.0429251 	 1 	 4.68111e-16
11.6 	 2.0254 	 0.0696783 	 0.401125 	 0.0417271 	 0.533615 	 0.0464232 	 1 	 6.38847e-16
11.7 	 2.02969 	 0.0702575 	 0.406086 	 0.0452355 	 0.535763 	 0.0493717 	 1 	 4.28392e-16
11.8 	 2.0346 	 0.070877 	 0.409105 	 0.0482399 	 0.537419 	 0.0516595 	 1 	 6.58899e-16
11.9 	 2.04014 	 0.0715363 	 0.409688 	 0.0503392 	 0.538399 	 0.0533439 	 1 	 6.32383e-16
12 	 2.04627 	 0.0722374 	 0.40781 	 0.0514389 	 0.538547 	 0.0545748 	 1 	 3.0065e-16
12.1 	 2.05296 	 0.072982 	 0.403944 	 0.0516493 	 0.537762 	 0.0555618 	 1 	 4.72479e-16
12.2 	 2.06016 	 0.0737682 	 0.398971 	 0.0511543 	 0.53601 	 0.0565491 	 1 	 3.28929e-16
12.3 	 2.06782 	 0.074589 	 0.393946 	 0.050212 	 0.533316 	 0.0577639 	 1 	 4.57757e-16
12.4 	 2.0759 	 0.0754329 	 0.389793 	 0.0492765 	 0.529741 	 0.0593373 	 1 	 4.63702e-16
12.5 	 2.08438 	 0.0762845 	 0.387032 	 0.0490189 	 0.52536 	 0.0612317 	 1 	 5.92119e-16
12.6 	 2.09324 	 0.0771269 	 0.385656 	 0.0500092 	 0.520226 	 0.0632216 	 1 	 4.81097e-16
12.7 	 2.10246 	 0.0779435 	 0.385186 	 0.0521989 	 0.514358 	 0.0649466 	 1 	 6.50531e-16
12.8 	 2.11199 	 0.078719 	 0.384863 	 0.0547697 	 0.507746 	 0.0660101 	 1 	 4.56258e-16
12.9 	 2.12179 	 0.0794408 	 0.383879 	 0.0565612 	 0.500376 	 0.066086 	 1 	 5.19424e-16
13 	 2.13175 	 0.0800988 	 0.381586 	 0.0566474 	 0.492274 	 0.0650012 	 1 	 5.15454e-16
13.1 	 2.14176 	 0.0806851 	 0.377633 	 0.054678 	 0.483549 	 0.062783 	 1 	 5.55112e-16
13.2 	 2.15164 	 0.0811939 	 0.372029 	 0.0509345 	 0.474433 	 0.0596604 	 1 	 5.01993e-16
13.3 	 2.16121 	 0.0816211 	 0.365129 	 0.0461785 	 0.465288 	 0.0560178 	 1 	 3.66355e-16
13.4 	 2.17029 	 0.0819636 	 0.357571 	 0.0413748 	 0.456597 	 0.0523025 	 1 	 3.22623e-16
13.5 	 2.1787 	 0.0822189 	 0.350159 	 0.0373678 	 0.448907 	 0.0489054 	 1 	 4.07082e-16
13.6 	 2.18627 	 0.082386 	 0.343728 	 0.0346348 	 0.442766 	 0.0460652 	 1 	 5.3501e-16
13.7 	 2.1929 	 0.0824656 	 0.339011 	 0.0332758 	 0.438639 	 0.0438553 	 1 	 5.37564e-16
13.8 	 2.1985 	 0.0824615 	 0.336524 	 0.0332343 	 0.436837 	 0.0422731 	 1 	 3.9165e-16
13.9 	 2.20306 	 0.082382 	 0.336469 	 0.0344819 	 0.43747 	 0.0413645 	 1 	 3.96861e-16
14 	 2.2066 	 0.0822407 	 0.338688 	 0.0369359 	 0.440433 	 0.0412742 	 1 	 7.41997e-16
14.1 	 2.20917 	 0.0820567 	 0.342677 	 0.040227 	 0.445431 	 0.042158 	 1 	 4.62223e-16
14.2 	 2.21087 	 0.0818535 	 0.347691 	 0.0436446 	 0.452036 	 0.0440146 	 1 	 5.41372e-16
14.3 	 2.21183 	 0.0816576 	 0.35293 	 0.0463969 	 0.459761 	 0.0465883 	 1 	 3.64481e-16
14.4 	 2.21218 	 0.0814961 	 0.357744 	 0.0479909 	 0.468139 	 0.0494321 	 1 	 4.34739e-16
14.5 	 2.21207 	 0.081394 	 0.361788 	 0.0484399 	 0.476776 	 0.0520728 	 1 	 7.13774e-16
14.6 	 2.21167 	 0.0813725 	 0.365064 	 0.0481563 	 0.485389 	 0.0541686 	 1 	 5.22054e-16
14.7 	 2.21112 	 0.0814466 	 0.367839 	 0.0476378 	 0.493799 	 0.0556076 	 1 	 5.56344e-16
14.8 	 2.2106 	 0.0816238 	 0.370496 	 0.0472203 	 0.501902 	 0.0565313 	 1 	 4.23569e-16
14.9 	 2.21023 	 0.0819027 	 0.373389 	 0.0470664 	 0.509615 	 0.0572808 	 1 	 4.97884e-16
15 	 2.21018 	 0.0822723 	 0.376742 	 0.0472754 	 0.516826 	 0.058258 	 1 	 6.24757e-16
15.1 	 2.21058 	 0.0827124 	 0.380587 	 0.0479097 	 0.523345 	 0.0597359 	 1 	 3.54963e-16
15.2 	 2.21154 	 0.0831939 	 0.384736 	 0.0489007 	 0.528889 	 0.0617078 	 1 	 6.37775e-16
15.3 	 2.21319 	 0.0836823 	 0.388767 	 0.0499601 	 0.533095 	 0.0638708 	 1 	 5.3501e-16
15.4 	 2.2156 	 0.0841403 	 0.392067 	 0.0506215 	 0.535563 	 0.0657508 	 1 	 6.18146e-16
15.5 	 2.21884 	 0.0845316 	 0.393948 	 0.0504221 	 0.535915 	 0.0668781 	 1 	 5.78075e-16
15.6 	 2.22292 	 0.0848243 	 0.393821 	 0.0491277 	 0.533871 	 0.0669264 	 1 	 5.38836e-16
15.7 	 2.22784 	 0.0849931 	 0.391371 	 0.0468697 	 0.52931 	 0.0657772 	 1 	 4.53247e-16
15.8 	 2.23356 	 0.0850215 	 0.38666 	 0.0441037 	 0.522315 	 0.0635131 	 1 	 4.47163e-16
15.9 	 2.24 	 0.084903 	 0.380103 	 0.0414014 	 0.513185 	 0.0603647 	 1 	 4.28392e-16
16 	 2.24706 	 0.084641 	 0.37235 	 0.0392005 	 0.502417 	 0.0566369 	 1 	 6.70233e-16
16.1 	 2.2546 	 0.0842496 	 0.364132 	 0.0376784 	 0.490659 	 0.0526472 	 1 	 4.54755e-16
16.2 	 2.26248 	 0.0837531 	 0.356117 	 0.0367878 	 0.478641 	 0.048697 	 1 	 2.91397e-16
16.3 	 2.27053 	 0.0831859 	 0.348836 	 0.0363425 	 0.467098 	 0.0450825 	 1 	 5.1279e-16
16.4 	 2.27859 	 0.0825904 	 0.342645 	 0.0360685 	 0.456703 	 0.0421204 	 1 	 6.84387e-16
16.5 	 2.28647 	 0.0820154 	 0.337726 	 0.0356761 	 0.448013 	 0.0401409 	 1 	 4.97884e-16
16.6 	 2.29402 	 0.0815126 	 0.334105 	 0.0350003 	 0.441438 	 0.0394041 	 1 	 4.0876e-16
16.7 	 2.30107 	 0.0811326 	 0.331694 	 0.0341178 	 0.43723 	 0.0399625 	 1 	 5.51398e-16
16.8 	 2.30752 	 0.0809207 	 0.33034 	 0.0333 	 0.435487 	 0.0415871 	 1 	 4.37878e-16
16.9 	 2.31327 	 0.0809128 	 0.329879 	 0.0328022 	 0.436173 	 0.043845 	 1 	 4.93741e-16
17 	 2.31828 	 0.0811318 	 0.330184 	 0.0326853 	 0.439131 	 0.0462715 	 1 	 3.05171e-16
17.1 	 2.32253 	 0.0815846 	 0.331183 	 0.0328539 	 0.4441 	 0.0485267 	 1 	 4.03703e-16
17.2 	 2.32605 	 0.0822604 	 0.332877 	 0.033239 	 0.45073 	 0.0504863 	 1 	 6.09219e-16
17.3 	 2.32888 	 0.0831317 	 0.335324 	 0.0339542 	 0.458593 	 0.0522561 	 1 	 4.20324e-16
17.4 	 2.33109 	 0.0841558 	 0.338612 	 0.0353549 	 0.467203 	 0.0541081 	 1 	 5.73317e-16
17.5 	 2.33275 	 0.0852788 	 0.342797 	 0.0379377 	 0.476038 	 0.0563379 	 1 	 5.53877e-16
17.6 	 2.33395 	 0.0864406 	 0.347821 	 0.042007 	 0.484571 	 0.0590949 	 1 	 6.55773e-16
17.7 	 2.33478 	 0.0875795 	 0.353435 	 0.0472914 	 0.4923 	 0.0622777 	 1 	 4.72479e-16
17.8 	 2.33533 	 0.0886371 	 0.359177 	 0.0528958 	 0.498791 	 0.0655586 	 1 	 5.94427e-16
17.9 	 2.33571 	 0.0895621 	 0.364423 	 0.0576467 	 0.503697 	 0.0685071 	 1 	 5.06069e-16
18 	 2.33602 	 0.0903123 	 0.368501 	 0.0605389 	 0.50679 	 0.0707275 	 1 	 7.1569e-16
18.1 	 2.33641 	 0.0908558 	 0.370834 	 0.0610409 	 0.507966 	 0.0719455 	 1 	 5.46408e-16
18.2 	 2.337 	 0.0911715 	 0.371056 	 0.0591808 	 0.507244 	 0.0720282 	 1 	 6.62009e-16
18.3 	 2.33795 	 0.0912489 	 0.369069 	 0.055446 	 0.504755 	 0.0709535 	 1 	 6.26946e-16
18.4 	 2.33941 	 0.0910872 	 0.365064 	 0.05058 	 0.500718 	 0.0687596 	 1 	 5.68519e-16
18.5 	 2.34151 	 0.0906954 	 0.359498 	 0.0453532 	 0.495417 	 0.0655052 	 1 	 7.78037e-16
18.6 	 2.34434 	 0.0900918 	 0.353042 	 0.0403642 	 0.489174 	 0.0612617 	 1 	 6.2366e-16
18.7 	 2.34797 	 0.0893039 	 0.34649 	 0.0359481 	 0.482321 	 0.0561376 	 1 	 5.10112e-16
18.8 	 2.35238 	 0.0883675 	 0.340615 	 0.0322743 	 0.475189 	 0.0503194 	 1 	 3.37154e-16
18.9 	 2.3575 	 0.0873251 	 0.336009 	 0.0295704 	 0.468094 	 0.0441115 	 1 	 8.51975e-16
19 	 2.3632 	 0.0862238 	 0.332939 	 0.0281716 	 0.461334 	 0.0379629 	 1 	 8.09947e-16
19.1 	 2.36928 	 0.0851125 	 0.331306 	 0.0281855 	 0.455197 	 0.0324711 	 1 	 6.60974e-16
19.2 	 2.37551 	 0.0840391 	 0.330715 	 0.0291632 	 0.44996 	 0.0283283 	 1 	 6.73291e-16
19.3 	 2.38167 	 0.083047 	 0.330644 	 0.0303217 	 0.445887 	 0.0261075 	 1 	 6.38847e-16
19.4 	 2.38754 	 0.082173 	 0.330628 	 0.0310295 	 0.44322 	 0.0258906 	 1 	 7.19507e-16
19.5 	 2.39292 	 0.0814457 	 0.330393 	 0.0310372 	 0.442155 	 0.027149 	 1 	 9.93703e-16
19.6 	 2.39769 	 0.0808845 	 0.329905 	 0.0304176 	 0.442818 	 0.0291215 	 1 	 8.97383e-16
19.7 	 2.40177 	 0.0804998 	 0.32933 	 0.029394 	 0.445239 	 0.0312083 	 1 	 6.43121e-16
19.8 	 2.40516 	 0.0802924 	 0.328967 	 0.0282048 	 0.449327 	 0.0330701 	 1 	 9.34758e-16
19.9 	 2.4079 	 0.0802552 	 0.329159 	 0.0270869 	 0.454873 	 0.0345705 	 1 	 7.54807e-16
20 	 2.41008 	 0.0803741 	 0.33022 	 0.0263518 	 0.461553 	 0.0356994 	 1 	 5.51398e-16
20.1 	 2.41184 	 0.0806294 	 0.33236 	 0.0263879 	 0.468963 	 0.0365223 	 1 	 9.08003e-16
20.2 	 2.41333 	 0.0809981 	 0.335632 	 0.0274481 	 0.476655 	 0.0371559 	 1 	 7.12814e-16
20.3 	 2.4147 	 0.0814549 	 0.339885 	 0.0294185 	 0.484178 	 0.0377624 	 1 	 6.88378e-16
20.4 	 2.41611 	 0.0819744 	 0.344768 	 0.031895 	 0.491122 	 0.0385396 	 1 	 5.73317e-16
20.5 	 2.41768 	 0.0825316 	 0.349779 	 0.0344759 	 0.497136 	 0.0396882 	 1 	 6.06967e-16
20.6 	 2.41953 	 0.0831027 	 0.354349 	 0.0369467 	 0.501949 	 0.0413489 	 1 	 7.11852e-16
20.7 	 2.42174 	 0.0836661 	 0.357952 	 0.039253 	 0.505359 	 0.0435347 	 1 	 6.94321e-16
20.8 	 2.42436 	 0.0842017 	 0.36019 	 0.0413666 	 0.507229 	 0.0460991 	 1 	 6.13699e-16
20.9 	 2.42743 	 0.0846923 	 0.360852 	 0.0431874 	 0.507469 	 0.0487621 	 1 	 5.66105e-16
21 	 2.43095 	 0.0851227 	 0.359919 	 0.0445519 	 0.506029 	 0.0511754 	 1 	 1.05714e-15
21.1 	 2.43491 	 0.0854808 	 0.357519 	 0.0453003 	 0.502896 	 0.0529968 	 1 	 9.22221e-16
21.2 	 2.43928 	 0.0857576 	 0.353871 	 0.0453328 	 0.498102 	 0.0539525 	 1 	 7.65616e-16
21.3 	 2.44401 	 0.0859474 	 0.349231 	 0.0446276 	 0.49174 	 0.0538812 	 1 	 1.10528e-15
21.4 	 2.44902 	 0.0860486 	 0.343867 	 0.0432421 	 0.483987 	 0.0527585 	 1 	 7.50257e-16
21.5 	 2.45423 	 0.0860636 	 0.338071 	 0.0413178 	 0.475123 	 0.0507001 	 1 	 6.32383e-16
21.6 	 2.45951 	 0.0859988 	 0.332169 	 0.0390823 	 0.465538 	 0.0479386 	 1 	 1.21563e-15
21.7 	 2.46474 	 0.0858647 	 0.326517 	 0.0368173 	 0.45573 	 0.0447711 	 1 	 6.72273e-16
21.8 	 2.46982 	 0.0856754 	 0.321457 	 0.0347696 	 0.446277 	 0.0414861 	 1 	 5.40106e-16
21.9 	 2.47461 	 0.0854475 	 0.31725 	 0.0330451 	 0.437795 	 0.0382919 	 1 	 7.41073e-16
22 	 2.47901 	 0.0851995 	 0.31404 	 0.0315806 	 0.430875 	 0.0352867 	 1 	 5.99018e-16
22.1 	 2.48293 	 0.0849511 	 0.311857 	 0.0302409 	 0.42602 	 0.0325048 	 1 	 9.42055e-16
22.2 	 2.4863 	 0.0847217 	 0.310675 	 0.0289707 	 0.423586 	 0.0300258 	 1 	 1.07831e-15
22.3 	 2.48909 	 0.0845291 	 0.310478 	 0.0278649 	 0.42374 	 0.0280903 	 1 	 8.59975e-16
22.4 	 2.49127 	 0.0843895 	 0.311284 	 0.0270866 	 0.426438 	 0.0271179 	 1 	 5.64894e-16
22.5 	 2.49287 	 0.0843149 	 0.313127 	 0.0266964 	 0.431437 	 0.0275343 	 1 	 5.32444e-16
22.6 	 2.49393 	 0.0843129 	 0.315995 	 0.0265747 	 0.438329 	 0.0294766 	 1 	 5.42636e-16
22.7 	 2.49455 	 0.0843856 	 0.31979 	 0.0265413 	 0.446594 	 0.0326892 	 1 	 4.33161e-16
22.8 	 2.49482 	 0.0845283 	 0.324323 	 0.0265911 	 0.455665 	 0.0367196 	 1 	 6.85387e-16
22.9 	 2.49487 	 0.0847302 	 0.329356 	 0.0270511 	 0.464979 	 0.041152 	 1 	 5.56344e-16
23 	 2.49486 	 0.0849742 	 0.33464 	 0.0284389 	 0.474029 	 0.045693 	 1 	 6.29126e-16
23.1 	 2.49494 	 0.0852387 	 0.33993 	 0.0309898 	 0.482386 	 0.0501418 	 1 	 8.43899e-16
23.2 	 2.49525 	 0.0854988 	 0.344951 	 0.0343165 	 0.489707 	 0.0543236 	 1 	 9.34025e-16
23.3 	 2.49593 	 0.0857295 	 0.349378 	 0.0376184 	 0.495732 	 0.0580379 	 1 	 5.76889e-16
23.4 	 2.49709 	 0.0859079 	 0.352834 	 0.0401316 	 0.500267 	 0.0610462 	 1 	 1.07894e-15
23.5 	 2.49881 	 0.0860159 	 0.354962 	 0.041401 	 0.503172 	 0.0631036 	 1 	 8.71052e-16
23.6 	 2.50115 	 0.0860425 	 0.355514 	 0.0413312 	 0.504355 	 0.0640138 	 1 	 1.03885e-15
23.7 	 2.50415 	 0.0859842 	 0.354428 	 0.0401298 	 0.503768 	 0.0636897 	 1 	 5.28572e-16
23.8 	 2.50779 	 0.0858457 	 0.351851 	 0.0382313 	 0.501422 	 0.0621961 	 1 	 9.75622e-16
23.9 	 2.51206 	 0.0856388 	 0.348085 	 0.0362119 	 0.497396 	 0.0597657 	 1 	 1.20032e-15
24 	 2.51691 	 0.0853811 	 0.343503 	 0.0346372 	 0.491851 	 0.0567765 	 1 	 8.78878e-16
24.1 	 2.52227 	 0.0850939 	 0.338464 	 0.0338291 	 0.48504 	 0.0536888 	 1 	 1.0513e-15
24.2 	 2.52809 	 0.0848003 	 0.333267 	 0.0337121 	 0.477302 	 0.0509425 	 1 	 7.00214e-16
24.3 	 2.53427 	 0.0845237 	 0.328145 	 0.0339215 	 0.469046 	 0.0488369 	 1 	 1.40531e-15
24.4 	 2.54071 	 0.0842856 	 0.323283 	 0.034081 	 0.460723 	 0.0474435 	 1 	 1.04934e-15
24.5 	 2.54732 	 0.0841047 	 0.318843 	 0.0339993 	 0.452786 	 0.0466065 	 1 	 1.18192e-15
24.6 	 2.55399 	 0.0839953 	 0.314973 	 0.0336959 	 0.445647 	 0.0460333 	 1 	 7.6203e-16
24.7 	 2.5606 	 0.0839669 	 0.311797 	 0.0333089 	 0.439642 	 0.0454125 	 1 	 1.11084e-15
24.8 	 2.56704 	 0.0840234 	 0.309398 	 0.0329693 	 0.435003 	 0.0445002 	 1 	 1.18713e-15
24.9 	 2.57317 	 0.0841633 	 0.307807 	 0.0327144 	 0.431845 	 0.0431577 	 1 	 6.58899e-16
25 	 2.5789 	 0.0843798 	 0.307011 	 0.0324856 	 0.43017 	 0.0413606 	 1 	 9.79125e-16
