time = tau * tau_parallel
rms: rms distance of hole to its origin
rms std: estimated standard error on the mean of rms from 100 samples
IPR: inverse participation ratio, IPR(tau) = sum_i (n_h(i,tau))^2, with hole density n_h(i,tau) at site i at time tau.
IPR std: estimated standard error on the mean of IPR from 100 samples
return prob: probability of the hole to return to its origin, n_h(0,tau).
return prob std: estimated standard error on the mean of return prob from 100 samples
leg imbalance: difference between the occupation in the two legs of the ladder (see Eq. (15) in the manuscript).
leg imbalance std: estimated standard error on the mean of leg imbalance from 100 samples


time, rms, rms std, IPR, IPR std, return prob, return prob std, leg imbalance, leg imbalance std
0 	 0 	 0 	 1 	 4.68111e-16 	 1 	 4.68111e-16 	 1 	 4.68111e-16
0.025 	 0.0249712 	 2.49709e-06 	 0.998754 	 7.66143e-07 	 0.999377 	 3.83548e-07 	 1 	 4.72479e-16
0.05 	 0.0493146 	 3.62783e-05 	 0.995154 	 2.24527e-05 	 0.997571 	 1.12813e-05 	 1 	 2.71948e-16
0.075 	 0.0725598 	 0.000117718 	 0.989558 	 0.000106423 	 0.994751 	 5.37805e-05 	 1 	 1.81299e-16
0.1 	 0.0944125 	 0.000240857 	 0.982432 	 0.000280655 	 0.991138 	 0.000142909 	 1 	 2.50997e-16
0.125 	 0.114763 	 0.000392212 	 0.974241 	 0.000548672 	 0.98695 	 0.000281974 	 1 	 2.93737e-16
0.15 	 0.133649 	 0.000558676 	 0.96537 	 0.000896684 	 0.982373 	 0.000465739 	 1 	 3.64481e-16
0.175 	 0.151207 	 0.0007278 	 0.956095 	 0.00130013 	 0.977541 	 0.000683154 	 1 	 3.07407e-16
0.2 	 0.167623 	 0.000883559 	 0.946593 	 0.00171911 	 0.972539 	 0.000914338 	 1 	 1.65502e-16
0.225 	 0.183068 	 0.00100616 	 0.936977 	 0.00209621 	 0.967421 	 0.00112886 	 1 	 3.73757e-16
0.25 	 0.197664 	 0.00108241 	 0.927337 	 0.0023796 	 0.962235 	 0.00129772 	 1 	 4.0876e-16
0.275 	 0.211512 	 0.00111545 	 0.917745 	 0.002555 	 0.957015 	 0.00141118 	 1 	 3.14018e-16
0.3 	 0.22472 	 0.00112414 	 0.90823 	 0.00265602 	 0.951778 	 0.00148589 	 1 	 7.55713e-16
0.325 	 0.237407 	 0.00113203 	 0.89879 	 0.00274163 	 0.946522 	 0.00155403 	 1 	 5.81617e-16
0.35 	 0.249678 	 0.00115529 	 0.889405 	 0.00286064 	 0.941236 	 0.00164392 	 1 	 8.11636e-16
0.375 	 0.261621 	 0.00119939 	 0.880053 	 0.00303373 	 0.935908 	 0.00176887 	 1 	 8.28338e-16
0.4 	 0.273293 	 0.0012617 	 0.87072 	 0.00325558 	 0.930529 	 0.00192709 	 1 	 9.82615e-16
0.425 	 0.284721 	 0.00133537 	 0.861417 	 0.00350597 	 0.925104 	 0.00210744 	 1 	 6.89372e-16
0.45 	 0.295903 	 0.00141465 	 0.852173 	 0.00376732 	 0.919651 	 0.0022995 	 1 	 1.08905e-15
0.475 	 0.306834 	 0.00149679 	 0.843022 	 0.00402991 	 0.914191 	 0.00249659 	 1 	 9.25186e-16
0.5 	 0.317508 	 0.00157991 	 0.833999 	 0.00428584 	 0.908743 	 0.00269245 	 1 	 9.28879e-16
0.525 	 0.327919 	 0.00166339 	 0.825135 	 0.0045319 	 0.903329 	 0.00288376 	 1 	 7.3271e-16
0.55 	 0.338063 	 0.00174747 	 0.81646 	 0.00477082 	 0.897968 	 0.00307163 	 1 	 8.19194e-16
0.575 	 0.34794 	 0.00183091 	 0.80799 	 0.00500351 	 0.892674 	 0.0032569 	 1 	 8.01448e-16
0.6 	 0.357556 	 0.00191147 	 0.799739 	 0.00522723 	 0.887459 	 0.00343855 	 1 	 9.08757e-16
0.625 	 0.366924 	 0.00198869 	 0.791711 	 0.00544125 	 0.882327 	 0.00361691 	 1 	 1.0209e-15
0.65 	 0.376061 	 0.00206449 	 0.783898 	 0.00564907 	 0.877279 	 0.00379481 	 1 	 9.21478e-16
0.675 	 0.384989 	 0.00214158 	 0.77629 	 0.00585578 	 0.872309 	 0.00397583 	 1 	 8.82765e-16
0.7 	 0.393729 	 0.00222222 	 0.768872 	 0.00606622 	 0.867412 	 0.00416327 	 1 	 1.30736e-15
0.725 	 0.402299 	 0.00230792 	 0.761629 	 0.00628461 	 0.862579 	 0.00436024 	 1 	 8.96619e-16
0.75 	 0.410713 	 0.0023995 	 0.754551 	 0.00651424 	 0.857806 	 0.0045695 	 1 	 1.28943e-15
0.775 	 0.418983 	 0.00249698 	 0.747632 	 0.00675578 	 0.85309 	 0.00479206 	 1 	 8.01448e-16
0.8 	 0.427116 	 0.00259947 	 0.740866 	 0.00700578 	 0.84843 	 0.00502582 	 1 	 1.09595e-15
0.825 	 0.435118 	 0.00270527 	 0.734251 	 0.00725807 	 0.843826 	 0.00526641 	 1 	 6.63043e-16
0.85 	 0.442994 	 0.00281272 	 0.727782 	 0.00750707 	 0.83928 	 0.00550971 	 1 	 7.37368e-16
0.875 	 0.450746 	 0.00292076 	 0.72146 	 0.00774989 	 0.834791 	 0.00575354 	 1 	 1.45886e-15
0.9 	 0.458377 	 0.00302909 	 0.715282 	 0.00798615 	 0.830363 	 0.00599753 	 1 	 9.92324e-16
0.925 	 0.465891 	 0.00313778 	 0.709247 	 0.00821614 	 0.825997 	 0.00624175 	 1 	 1.44519e-15
0.95 	 0.473292 	 0.00324682 	 0.703352 	 0.00843946 	 0.821691 	 0.00648556 	 1 	 1.28091e-15
0.975 	 0.480583 	 0.00335588 	 0.697591 	 0.0086549 	 0.817445 	 0.00672764 	 1 	 1.31311e-15
1 	 0.48777 	 0.00346423 	 0.691958 	 0.00886044 	 0.813255 	 0.00696603 	 1 	 1.50279e-15
1.025 	 0.494858 	 0.00357091 	 0.68645 	 0.00905337 	 0.809121 	 0.00719813 	 1 	 1.45604e-15
1.05 	 0.50185 	 0.00367515 	 0.681061 	 0.00923138 	 0.80504 	 0.00742147 	 1 	 1.13644e-15
1.075 	 0.50875 	 0.00377647 	 0.675789 	 0.00939333 	 0.801013 	 0.00763436 	 1 	 8.57583e-16
1.1 	 0.515561 	 0.00387454 	 0.670629 	 0.00953892 	 0.797037 	 0.00783573 	 1 	 9.50018e-16
1.125 	 0.522285 	 0.003969 	 0.665579 	 0.00966812 	 0.793114 	 0.00802479 	 1 	 1.27447e-15
1.15 	 0.528926 	 0.00405959 	 0.660637 	 0.00978135 	 0.789243 	 0.00820126 	 1 	 8.62361e-16
1.175 	 0.535485 	 0.00414632 	 0.655801 	 0.0098798 	 0.785425 	 0.00836566 	 1 	 9.08003e-16
1.2 	 0.541963 	 0.00422936 	 0.651067 	 0.00996509 	 0.781658 	 0.00851901 	 1 	 9.74217e-16
1.225 	 0.548364 	 0.00430892 	 0.646433 	 0.0100388 	 0.777942 	 0.00866239 	 1 	 1.56441e-15
1.25 	 0.554691 	 0.00438527 	 0.641895 	 0.0101026 	 0.774276 	 0.00879689 	 1 	 7.95445e-16
1.275 	 0.560946 	 0.00445875 	 0.637449 	 0.0101572 	 0.770658 	 0.00892303 	 1 	 1.37874e-15
1.3 	 0.567133 	 0.00452943 	 0.633091 	 0.0102024 	 0.767085 	 0.00904033 	 1 	 9.91634e-16
1.325 	 0.573256 	 0.00459734 	 0.628817 	 0.0102377 	 0.763556 	 0.00914802 	 1 	 1.70154e-15
1.35 	 0.579316 	 0.00466236 	 0.624625 	 0.0102628 	 0.76007 	 0.0092458 	 1 	 1.77172e-15
1.375 	 0.585316 	 0.0047244 	 0.620513 	 0.010278 	 0.756627 	 0.00933373 	 1 	 1.06938e-15
1.4 	 0.591258 	 0.00478359 	 0.616479 	 0.0102838 	 0.753227 	 0.00941194 	 1 	 1.55167e-15
1.425 	 0.597144 	 0.00484031 	 0.612523 	 0.0102813 	 0.749869 	 0.00948102 	 1 	 1.07767e-15
1.45 	 0.602975 	 0.00489501 	 0.608642 	 0.0102721 	 0.746554 	 0.00954229 	 1 	 1.2889e-15
1.475 	 0.608752 	 0.00494785 	 0.604835 	 0.0102576 	 0.743281 	 0.00959709 	 1 	 1.16029e-15
1.5 	 0.614476 	 0.00499869 	 0.601099 	 0.0102387 	 0.740049 	 0.00964624 	 1 	 1.17028e-15
1.525 	 0.620149 	 0.00504719 	 0.597433 	 0.0102153 	 0.736858 	 0.00968994 	 1 	 8.85089e-16
1.55 	 0.625772 	 0.00509322 	 0.593835 	 0.0101876 	 0.733706 	 0.0097282 	 1 	 1.07385e-15
1.575 	 0.631347 	 0.00513683 	 0.590301 	 0.0101556 	 0.730591 	 0.00976108 	 1 	 1.9428e-15
1.6 	 0.636877 	 0.00517823 	 0.586829 	 0.0101199 	 0.727512 	 0.00978901 	 1 	 7.05086e-16
1.625 	 0.642365 	 0.00521782 	 0.583418 	 0.0100813 	 0.724468 	 0.00981271 	 1 	 9.35491e-16
1.65 	 0.64781 	 0.0052558 	 0.580065 	 0.0100403 	 0.721458 	 0.00983275 	 1 	 1.26151e-15
1.675 	 0.653214 	 0.00529239 	 0.576769 	 0.00999718 	 0.718483 	 0.00984935 	 1 	 1.13704e-15
1.7 	 0.658579 	 0.00532784 	 0.573529 	 0.00995208 	 0.715541 	 0.00986247 	 1 	 1.16029e-15
1.725 	 0.663906 	 0.00536221 	 0.570343 	 0.00990495 	 0.712633 	 0.00987198 	 1 	 1.1877e-15
1.75 	 0.669196 	 0.00539568 	 0.567209 	 0.00985606 	 0.709755 	 0.00987824 	 1 	 1.21506e-15
1.775 	 0.67445 	 0.00542861 	 0.564126 	 0.00980629 	 0.70691 	 0.00988236 	 1 	 9.07248e-16
1.8 	 0.679667 	 0.00546141 	 0.561095 	 0.00975672 	 0.704095 	 0.00988557 	 1 	 1.02491e-15
1.825 	 0.684849 	 0.00549437 	 0.558112 	 0.00970787 	 0.701311 	 0.0098884 	 1 	 1.08653e-15
1.85 	 0.689995 	 0.00552725 	 0.555178 	 0.00965927 	 0.698557 	 0.00989032 	 1 	 1.80504e-15
1.875 	 0.695107 	 0.00555966 	 0.55229 	 0.0096102 	 0.695832 	 0.00989047 	 1 	 1.28304e-15
1.9 	 0.700187 	 0.00559139 	 0.549446 	 0.00956056 	 0.693135 	 0.00988866 	 1 	 1.45416e-15
1.925 	 0.705235 	 0.00562268 	 0.546645 	 0.00951093 	 0.690465 	 0.00988558 	 1 	 1.5078e-15
1.95 	 0.710253 	 0.00565389 	 0.543885 	 0.0094619 	 0.687821 	 0.00988204 	 1 	 1.22125e-15
1.975 	 0.715241 	 0.00568517 	 0.541167 	 0.00941366 	 0.685203 	 0.0098784 	 1 	 1.32712e-15
2 	 0.7202 	 0.0057165 	 0.53849 	 0.00936603 	 0.682613 	 0.00987449 	 1 	 1.19231e-15
2.025 	 0.725131 	 0.00574751 	 0.535853 	 0.0093184 	 0.68005 	 0.00986958 	 1 	 6.02437e-16
2.05 	 0.730034 	 0.00577797 	 0.533255 	 0.00927035 	 0.677513 	 0.00986306 	 1 	 1.22572e-15
2.075 	 0.734909 	 0.00580775 	 0.530695 	 0.00922202 	 0.675001 	 0.00985517 	 1 	 1.18308e-15
2.1 	 0.739757 	 0.00583693 	 0.52817 	 0.00917395 	 0.672514 	 0.00984671 	 1 	 1.09657e-15
2.125 	 0.744578 	 0.00586554 	 0.525682 	 0.00912648 	 0.670051 	 0.00983825 	 1 	 8.98145e-16
2.15 	 0.749372 	 0.00589371 	 0.523228 	 0.00907978 	 0.667612 	 0.00983002 	 1 	 1.16617e-15
2.175 	 0.754138 	 0.00592172 	 0.52081 	 0.00903396 	 0.665197 	 0.00982213 	 1 	 1.04738e-15
2.2 	 0.758877 	 0.00594978 	 0.518428 	 0.00898892 	 0.662807 	 0.00981444 	 1 	 1.54769e-15
2.225 	 0.76359 	 0.00597777 	 0.516079 	 0.00894439 	 0.660442 	 0.00980668 	 1 	 1.56922e-15
2.25 	 0.768276 	 0.00600563 	 0.513764 	 0.00890031 	 0.658101 	 0.00979874 	 1 	 1.31728e-15
2.275 	 0.772938 	 0.00603326 	 0.511481 	 0.00885684 	 0.655784 	 0.00979072 	 1 	 1.64423e-15
2.3 	 0.777575 	 0.00606065 	 0.509229 	 0.00881422 	 0.653489 	 0.00978278 	 1 	 1.15911e-15
2.325 	 0.782187 	 0.00608797 	 0.507008 	 0.00877268 	 0.651215 	 0.00977534 	 1 	 1.27609e-15
2.35 	 0.786774 	 0.00611522 	 0.504816 	 0.00873236 	 0.648963 	 0.00976887 	 1 	 9.51458e-16
2.375 	 0.791337 	 0.00614244 	 0.502654 	 0.00869329 	 0.646732 	 0.00976349 	 1 	 1.35115e-15
2.4 	 0.795876 	 0.00616954 	 0.500521 	 0.00865524 	 0.644523 	 0.00975873 	 1 	 1.68007e-15
2.425 	 0.80039 	 0.00619636 	 0.498417 	 0.00861777 	 0.642336 	 0.00975376 	 1 	 1.03753e-15
2.45 	 0.80488 	 0.00622259 	 0.496341 	 0.00858024 	 0.640171 	 0.00974756 	 1 	 1.22851e-15
2.475 	 0.809348 	 0.00624807 	 0.494292 	 0.00854214 	 0.638028 	 0.00973957 	 1 	 1.49594e-15
2.5 	 0.813793 	 0.00627276 	 0.492271 	 0.00850343 	 0.635905 	 0.00972988 	 1 	 1.51233e-15
2.525 	 0.818218 	 0.00629679 	 0.490274 	 0.00846443 	 0.633803 	 0.00971911 	 1 	 1.1946e-15
2.55 	 0.822621 	 0.00632048 	 0.488304 	 0.00842553 	 0.63172 	 0.00970783 	 1 	 1.47937e-15
2.575 	 0.827002 	 0.00634406 	 0.486358 	 0.00838699 	 0.629656 	 0.00969642 	 1 	 1.1825e-15
2.6 	 0.831362 	 0.0063677 	 0.484436 	 0.00834899 	 0.627611 	 0.00968505 	 1 	 1.56178e-15
2.625 	 0.835701 	 0.00639147 	 0.482538 	 0.00831162 	 0.625584 	 0.00967371 	 1 	 1.1316e-15
2.65 	 0.840021 	 0.00641543 	 0.480662 	 0.00827476 	 0.623574 	 0.00966193 	 1 	 1.94139e-15
2.675 	 0.844322 	 0.00643933 	 0.478808 	 0.00823793 	 0.621582 	 0.00964884 	 1 	 1.67067e-15
2.7 	 0.848605 	 0.00646282 	 0.476975 	 0.00820057 	 0.619606 	 0.00963362 	 1 	 1.38914e-15
2.725 	 0.852869 	 0.00648576 	 0.475163 	 0.00816261 	 0.617647 	 0.00961625 	 1 	 1.23185e-15
2.75 	 0.857115 	 0.00650833 	 0.473373 	 0.00812446 	 0.615704 	 0.00959763 	 1 	 1.78405e-15
2.775 	 0.861342 	 0.00653082 	 0.471602 	 0.00808667 	 0.613777 	 0.0095788 	 1 	 1.21619e-15
2.8 	 0.86555 	 0.00655345 	 0.469853 	 0.00804966 	 0.611867 	 0.00956041 	 1 	 1.20374e-15
2.825 	 0.869741 	 0.00657638 	 0.468124 	 0.00801371 	 0.609972 	 0.00954261 	 1 	 1.19517e-15
2.85 	 0.873913 	 0.00659952 	 0.466415 	 0.00797873 	 0.608095 	 0.00952508 	 1 	 1.59132e-15
2.875 	 0.878066 	 0.00662258 	 0.464726 	 0.00794442 	 0.606235 	 0.00950756 	 1 	 2.19127e-15
2.9 	 0.8822 	 0.00664534 	 0.463058 	 0.00791058 	 0.604393 	 0.00949016 	 1 	 1.59562e-15
2.925 	 0.886317 	 0.00666797 	 0.46141 	 0.00787723 	 0.602568 	 0.00947322 	 1 	 9.11014e-16
2.95 	 0.890415 	 0.0066907 	 0.45978 	 0.00784444 	 0.60076 	 0.00945691 	 1 	 1.23241e-15
2.975 	 0.894496 	 0.00671382 	 0.458169 	 0.00781217 	 0.598967 	 0.00944107 	 1 	 1.32918e-15
3 	 0.898562 	 0.00673734 	 0.456576 	 0.0077801 	 0.597188 	 0.00942498 	 1 	 8.66322e-16
3.025 	 0.902612 	 0.00676086 	 0.454999 	 0.0077476 	 0.595424 	 0.00940746 	 1 	 1.77713e-15
3.05 	 0.906646 	 0.00678389 	 0.453439 	 0.00771426 	 0.593673 	 0.00938767 	 1 	 9.4713e-16
3.075 	 0.910665 	 0.00680634 	 0.451895 	 0.00768035 	 0.591937 	 0.00936593 	 1 	 1.22628e-15
3.1 	 0.914669 	 0.00682845 	 0.450368 	 0.00764663 	 0.590215 	 0.00934359 	 1 	 1.59519e-15
3.125 	 0.918657 	 0.00685069 	 0.448857 	 0.00761385 	 0.588507 	 0.00932223 	 1 	 1.2734e-15
3.15 	 0.922631 	 0.00687319 	 0.447362 	 0.00758237 	 0.586814 	 0.00930284 	 1 	 1.20317e-15
3.175 	 0.926591 	 0.0068959 	 0.445882 	 0.00755224 	 0.585134 	 0.00928546 	 1 	 6.64075e-16
3.2 	 0.930535 	 0.00691865 	 0.444419 	 0.00752331 	 0.58347 	 0.00926958 	 1 	 1.73225e-15
3.225 	 0.934464 	 0.00694133 	 0.442972 	 0.00749528 	 0.581821 	 0.00925442 	 1 	 1.51956e-15
3.25 	 0.938378 	 0.00696373 	 0.44154 	 0.00746754 	 0.580187 	 0.00923887 	 1 	 1.25662e-15
3.275 	 0.942278 	 0.00698568 	 0.440124 	 0.0074395 	 0.578567 	 0.00922192 	 1 	 1.16793e-15
3.3 	 0.946163 	 0.00700711 	 0.438722 	 0.00741102 	 0.576961 	 0.00920354 	 1 	 1.61481e-15
3.325 	 0.950035 	 0.0070282 	 0.437334 	 0.00738239 	 0.575368 	 0.00918459 	 1 	 1.61947e-15
3.35 	 0.953892 	 0.00704912 	 0.435961 	 0.00735387 	 0.573788 	 0.00916572 	 1 	 9.94392e-16
3.375 	 0.957736 	 0.00707004 	 0.434603 	 0.00732539 	 0.572221 	 0.00914668 	 1 	 1.44519e-15
3.4 	 0.961566 	 0.00709087 	 0.433258 	 0.00729667 	 0.570667 	 0.00912689 	 1 	 1.34302e-15
3.425 	 0.965382 	 0.00711163 	 0.431927 	 0.00726784 	 0.569127 	 0.00910654 	 1 	 2.00558e-15
3.45 	 0.969184 	 0.0071324 	 0.43061 	 0.00723958 	 0.567599 	 0.0090868 	 1 	 1.39945e-15
3.475 	 0.972973 	 0.00715335 	 0.429306 	 0.00721259 	 0.566084 	 0.00906902 	 1 	 9.13267e-16
3.5 	 0.97675 	 0.00717439 	 0.428014 	 0.00718699 	 0.56458 	 0.00905359 	 1 	 1.01078e-15
3.525 	 0.980514 	 0.00719518 	 0.426734 	 0.00716234 	 0.563087 	 0.00903992 	 1 	 1.01484e-15
3.55 	 0.984267 	 0.00721552 	 0.425465 	 0.00713811 	 0.561604 	 0.00902703 	 1 	 1.29208e-15
3.575 	 0.988008 	 0.00723536 	 0.424208 	 0.00711385 	 0.560131 	 0.00901392 	 1 	 8.51975e-16
3.6 	 0.991736 	 0.00725495 	 0.422963 	 0.00708925 	 0.558669 	 0.00899952 	 1 	 1.62412e-15
3.625 	 0.995452 	 0.00727449 	 0.421729 	 0.00706411 	 0.557218 	 0.00898295 	 1 	 1.72591e-15
3.65 	 0.999158 	 0.00729403 	 0.420506 	 0.0070385 	 0.555777 	 0.00896395 	 1 	 9.26665e-16
3.675 	 1.00285 	 0.00731359 	 0.419294 	 0.00701269 	 0.554347 	 0.00894298 	 1 	 1.03024e-15
3.7 	 1.00654 	 0.00733317 	 0.418092 	 0.00698694 	 0.552927 	 0.00892073 	 1 	 7.07994e-16
3.725 	 1.01022 	 0.00735269 	 0.416901 	 0.00696131 	 0.551517 	 0.00889766 	 1 	 1.85555e-15
3.75 	 1.01389 	 0.00737217 	 0.41572 	 0.00693583 	 0.550118 	 0.00887409 	 1 	 1.09407e-15
3.775 	 1.01755 	 0.00739174 	 0.41455 	 0.00691074 	 0.548729 	 0.00885058 	 1 	 1.62243e-15
3.8 	 1.02119 	 0.00741154 	 0.413391 	 0.0068865 	 0.547352 	 0.00882802 	 1 	 1.14842e-15
3.825 	 1.02483 	 0.00743171 	 0.412243 	 0.00686352 	 0.545985 	 0.00880733 	 1 	 1.62875e-15
3.85 	 1.02846 	 0.00745222 	 0.411105 	 0.00684193 	 0.544629 	 0.00878919 	 1 	 7.81549e-16
3.875 	 1.03207 	 0.0074729 	 0.409978 	 0.00682155 	 0.543283 	 0.00877381 	 1 	 1.0565e-15
3.9 	 1.03567 	 0.0074935 	 0.408861 	 0.00680204 	 0.541948 	 0.00876087 	 1 	 1.49228e-15
3.925 	 1.03926 	 0.00751375 	 0.407754 	 0.00678307 	 0.540622 	 0.00874971 	 1 	 1.43568e-15
3.95 	 1.04284 	 0.00753349 	 0.406658 	 0.00676439 	 0.539306 	 0.0087397 	 1 	 1.50916e-15
3.975 	 1.0464 	 0.00755266 	 0.405571 	 0.00674585 	 0.537999 	 0.00873051 	 1 	 1.52586e-15
4 	 1.04996 	 0.00757113 	 0.404493 	 0.00672731 	 0.5367 	 0.0087219 	 1 	 1.27071e-15
4.025 	 1.0535 	 0.00758896 	 0.403423 	 0.00670862 	 0.535409 	 0.00871348 	 1 	 9.5505e-16
4.05 	 1.05703 	 0.00760637 	 0.402363 	 0.00668966 	 0.534127 	 0.00870459 	 1 	 1.56135e-15
4.075 	 1.06055 	 0.00762348 	 0.401311 	 0.0066703 	 0.532853 	 0.00869443 	 1 	 1.67477e-15
4.1 	 1.06407 	 0.00764039 	 0.400268 	 0.0066504 	 0.531588 	 0.00868226 	 1 	 1.45651e-15
4.125 	 1.06757 	 0.00765708 	 0.399234 	 0.00662983 	 0.530333 	 0.00866766 	 1 	 1.1767e-15
4.15 	 1.07107 	 0.00767353 	 0.398209 	 0.00660868 	 0.529089 	 0.00865092 	 1 	 1.47195e-15
4.175 	 1.07455 	 0.00768994 	 0.397193 	 0.00658728 	 0.527856 	 0.00863299 	 1 	 1.46074e-15
4.2 	 1.07802 	 0.00770655 	 0.396186 	 0.00656603 	 0.526635 	 0.00861484 	 1 	 1.56529e-15
4.225 	 1.08149 	 0.00772344 	 0.395189 	 0.00654514 	 0.525424 	 0.00859672 	 1 	 1.07767e-15
4.25 	 1.08494 	 0.00774054 	 0.3942 	 0.00652447 	 0.524223 	 0.00857821 	 1 	 1.29314e-15
4.275 	 1.08838 	 0.00775763 	 0.393219 	 0.00650379 	 0.523031 	 0.00855882 	 1 	 9.46407e-16
4.3 	 1.09181 	 0.00777466 	 0.392246 	 0.00648306 	 0.521847 	 0.00853859 	 1 	 9.20734e-16
4.325 	 1.09523 	 0.00779164 	 0.39128 	 0.00646253 	 0.52067 	 0.00851812 	 1 	 1.65502e-15
4.35 	 1.09865 	 0.00780866 	 0.39032 	 0.00644248 	 0.5195 	 0.00849791 	 1 	 1.50825e-15
4.375 	 1.10206 	 0.00782583 	 0.389367 	 0.00642304 	 0.518338 	 0.00847811 	 1 	 1.99874e-15
4.4 	 1.10546 	 0.00784308 	 0.38842 	 0.00640405 	 0.517182 	 0.00845873 	 1 	 1.98637e-15
4.425 	 1.10885 	 0.00786035 	 0.38748 	 0.00638538 	 0.516032 	 0.00843998 	 1 	 1.55078e-15
4.45 	 1.11224 	 0.00787769 	 0.386546 	 0.00636712 	 0.51489 	 0.00842227 	 1 	 1.26639e-15
4.475 	 1.11562 	 0.00789518 	 0.385619 	 0.00634944 	 0.513755 	 0.00840579 	 1 	 1.10404e-15
4.5 	 1.11898 	 0.00791289 	 0.3847 	 0.00633237 	 0.512629 	 0.00839035 	 1 	 1.30893e-15
4.525 	 1.12234 	 0.00793084 	 0.383788 	 0.00631578 	 0.511511 	 0.0083754 	 1 	 7.99737e-16
4.55 	 1.12569 	 0.00794901 	 0.382884 	 0.0062994 	 0.510401 	 0.0083602 	 1 	 1.35772e-15
4.575 	 1.12903 	 0.00796729 	 0.381987 	 0.00628295 	 0.5093 	 0.00834413 	 1 	 1.72194e-15
4.6 	 1.13235 	 0.00798547 	 0.381099 	 0.00626627 	 0.508207 	 0.00832707 	 1 	 1.55034e-15
4.625 	 1.13566 	 0.00800349 	 0.380217 	 0.00624945 	 0.507123 	 0.00830939 	 1 	 2.06082e-15
4.65 	 1.13896 	 0.00802137 	 0.379344 	 0.00623262 	 0.506048 	 0.00829164 	 1 	 1.36125e-15
4.675 	 1.14226 	 0.00803893 	 0.378476 	 0.00621578 	 0.504981 	 0.00827424 	 1 	 1.26097e-15
4.7 	 1.14554 	 0.0080559 	 0.377615 	 0.00619879 	 0.503921 	 0.00825722 	 1 	 8.88949e-16
4.725 	 1.14882 	 0.00807221 	 0.37676 	 0.00618152 	 0.502867 	 0.00824032 	 1 	 1.83252e-15
4.75 	 1.15209 	 0.00808806 	 0.37591 	 0.0061641 	 0.501819 	 0.00822334 	 1 	 1.23961e-15
4.775 	 1.15536 	 0.00810372 	 0.375067 	 0.00614675 	 0.500775 	 0.00820646 	 1 	 1.39749e-15
4.8 	 1.15861 	 0.0081192 	 0.374229 	 0.00612955 	 0.499737 	 0.00818991 	 1 	 1.42611e-15
4.825 	 1.16186 	 0.00813434 	 0.373396 	 0.00611226 	 0.498704 	 0.00817356 	 1 	 1.22572e-15
4.85 	 1.16509 	 0.00814908 	 0.37257 	 0.00609478 	 0.497676 	 0.00815721 	 1 	 1.10775e-15
4.875 	 1.16832 	 0.00816374 	 0.371749 	 0.00607738 	 0.496656 	 0.00814116 	 1 	 1.30422e-15
4.9 	 1.17155 	 0.00817898 	 0.370933 	 0.00606065 	 0.495642 	 0.00812611 	 1 	 1.37127e-15
4.925 	 1.17477 	 0.0081952 	 0.370123 	 0.00604498 	 0.494635 	 0.00811244 	 1 	 2.11494e-15
4.95 	 1.17798 	 0.00821225 	 0.369318 	 0.00603016 	 0.493634 	 0.00809969 	 1 	 1.76475e-15
4.975 	 1.18118 	 0.00822978 	 0.368519 	 0.00601568 	 0.49264 	 0.00808681 	 1 	 1.90651e-15
5 	 1.18437 	 0.00824744 	 0.367726 	 0.00600119 	 0.491653 	 0.00807325 	 1 	 1.51097e-15
5.025 	 1.18756 	 0.00826513 	 0.366938 	 0.00598673 	 0.490673 	 0.00805937 	 1 	 1.11515e-15
5.05 	 1.19073 	 0.00828269 	 0.366157 	 0.00597245 	 0.489699 	 0.00804587 	 1 	 1.80958e-15
5.075 	 1.1939 	 0.00829994 	 0.365381 	 0.00595834 	 0.488731 	 0.00803303 	 1 	 1.56397e-15
5.1 	 1.19706 	 0.00831671 	 0.36461 	 0.00594425 	 0.48777 	 0.00802069 	 1 	 1.14484e-15
5.125 	 1.20021 	 0.00833306 	 0.363844 	 0.00593011 	 0.486814 	 0.00800854 	 1 	 1.82616e-15
5.15 	 1.20335 	 0.00834933 	 0.363083 	 0.00591608 	 0.485865 	 0.00799629 	 1 	 2.14707e-15
5.175 	 1.20649 	 0.00836599 	 0.362327 	 0.00590242 	 0.48492 	 0.00798374 	 1 	 1.2528e-15
5.2 	 1.20962 	 0.00838322 	 0.361576 	 0.00588923 	 0.483981 	 0.00797092 	 1 	 1.92189e-15
5.225 	 1.21274 	 0.00840096 	 0.36083 	 0.00587642 	 0.483046 	 0.00795804 	 1 	 2.21767e-15
5.25 	 1.21585 	 0.0084191 	 0.360089 	 0.00586388 	 0.482116 	 0.0079454 	 1 	 1.5357e-15
5.275 	 1.21896 	 0.0084376 	 0.359353 	 0.00585161 	 0.481192 	 0.00793344 	 1 	 1.85296e-15
5.3 	 1.22206 	 0.00845636 	 0.35862 	 0.00583967 	 0.480274 	 0.00792229 	 1 	 1.35216e-15
5.325 	 1.22515 	 0.00847523 	 0.357893 	 0.00582808 	 0.479361 	 0.00791186 	 1 	 1.61312e-15
5.35 	 1.22824 	 0.00849405 	 0.35717 	 0.00581683 	 0.478454 	 0.00790219 	 1 	 1.40969e-15
5.375 	 1.23131 	 0.00851278 	 0.356452 	 0.00580592 	 0.477554 	 0.00789343 	 1 	 1.60033e-15
5.4 	 1.23438 	 0.00853138 	 0.355739 	 0.00579519 	 0.476659 	 0.00788534 	 1 	 1.86254e-15
5.425 	 1.23744 	 0.00854972 	 0.355032 	 0.00578439 	 0.475771 	 0.00787715 	 1 	 1.05714e-15
5.45 	 1.2405 	 0.00856771 	 0.354329 	 0.00577329 	 0.474887 	 0.00786809 	 1 	 1.19804e-15
5.475 	 1.24355 	 0.00858523 	 0.35363 	 0.00576173 	 0.474009 	 0.00785758 	 1 	 1.54813e-15
5.5 	 1.24659 	 0.00860224 	 0.352935 	 0.00574963 	 0.473135 	 0.00784513 	 1 	 1.57009e-15
5.525 	 1.24962 	 0.00861872 	 0.352244 	 0.00573697 	 0.472267 	 0.00783047 	 1 	 1.64548e-15
5.55 	 1.25265 	 0.00863494 	 0.351557 	 0.00572397 	 0.471403 	 0.00781396 	 1 	 1.52496e-15
5.575 	 1.25568 	 0.00865129 	 0.350874 	 0.005711 	 0.470545 	 0.0077965 	 1 	 2.05116e-15
5.6 	 1.2587 	 0.00866799 	 0.350195 	 0.00569829 	 0.469693 	 0.00777889 	 1 	 1.70917e-15
5.625 	 1.26171 	 0.00868506 	 0.349521 	 0.00568584 	 0.468845 	 0.00776147 	 1 	 1.46775e-15
5.65 	 1.26471 	 0.00870238 	 0.348851 	 0.00567358 	 0.468002 	 0.00774433 	 1 	 1.50416e-15
5.675 	 1.26771 	 0.00871992 	 0.348185 	 0.00566148 	 0.467164 	 0.00772756 	 1 	 1.58355e-15
5.7 	 1.2707 	 0.00873772 	 0.347523 	 0.00564959 	 0.466331 	 0.00771132 	 1 	 9.64326e-16
5.725 	 1.27369 	 0.00875563 	 0.346866 	 0.00563788 	 0.465502 	 0.0076958 	 1 	 1.17786e-15
5.75 	 1.27667 	 0.00877332 	 0.346213 	 0.00562625 	 0.46468 	 0.00768116 	 1 	 1.98292e-15
5.775 	 1.27964 	 0.00879052 	 0.345564 	 0.00561459 	 0.463862 	 0.00766742 	 1 	 1.54813e-15
5.8 	 1.2826 	 0.00880721 	 0.344918 	 0.00560291 	 0.463049 	 0.00765447 	 1 	 1.03024e-15
5.825 	 1.28557 	 0.00882373 	 0.344276 	 0.00559134 	 0.462241 	 0.00764227 	 1 	 2.07275e-15
5.85 	 1.28853 	 0.00884057 	 0.343638 	 0.00558008 	 0.461437 	 0.00763071 	 1 	 8.76537e-16
5.875 	 1.29148 	 0.00885791 	 0.343004 	 0.00556915 	 0.460637 	 0.00761955 	 1 	 1.34862e-15
5.9 	 1.29443 	 0.0088756 	 0.342372 	 0.00555833 	 0.45984 	 0.00760837 	 1 	 1.45463e-15
5.925 	 1.29737 	 0.00889349 	 0.341745 	 0.00554748 	 0.459047 	 0.00759709 	 1 	 6.77347e-16
5.95 	 1.3003 	 0.00891129 	 0.341121 	 0.00553657 	 0.458257 	 0.00758618 	 1 	 1.71796e-15
5.975 	 1.30323 	 0.00892882 	 0.340501 	 0.0055256 	 0.457469 	 0.00757613 	 1 	 1.9537e-15
6 	 1.30615 	 0.00894571 	 0.339885 	 0.00551428 	 0.456686 	 0.00756653 	 1 	 1.71237e-15
6.025 	 1.30907 	 0.00896151 	 0.339272 	 0.00550223 	 0.455906 	 0.00755624 	 1 	 1.32609e-15
6.05 	 1.31198 	 0.0089761 	 0.338663 	 0.00548931 	 0.455132 	 0.0075444 	 1 	 1.7421e-15
6.075 	 1.31488 	 0.00898994 	 0.338057 	 0.00547591 	 0.454363 	 0.00753105 	 1 	 1.66821e-15
6.1 	 1.31778 	 0.0090037 	 0.337455 	 0.00546266 	 0.453599 	 0.00751685 	 1 	 1.57662e-15
6.125 	 1.32067 	 0.00901786 	 0.336856 	 0.00544999 	 0.452838 	 0.00750253 	 1 	 9.04981e-16
6.15 	 1.32356 	 0.00903247 	 0.33626 	 0.00543805 	 0.45208 	 0.00748872 	 1 	 1.61312e-15
6.175 	 1.32645 	 0.00904725 	 0.335667 	 0.00542673 	 0.451325 	 0.00747587 	 1 	 1.19345e-15
6.2 	 1.32932 	 0.009062 	 0.335077 	 0.00541584 	 0.450574 	 0.00746413 	 1 	 1.74838e-15
6.225 	 1.3322 	 0.00907661 	 0.33449 	 0.00540521 	 0.449826 	 0.00745362 	 1 	 1.84221e-15
6.25 	 1.33507 	 0.00909109 	 0.333907 	 0.0053947 	 0.449081 	 0.0074444 	 1 	 1.45039e-15
6.275 	 1.33793 	 0.00910524 	 0.333326 	 0.00538407 	 0.448341 	 0.0074362 	 1 	 1.61566e-15
6.3 	 1.34079 	 0.00911891 	 0.33275 	 0.00537317 	 0.447606 	 0.00742841 	 1 	 6.28037e-16
6.325 	 1.34365 	 0.00913222 	 0.332176 	 0.00536206 	 0.446876 	 0.00742037 	 1 	 1.22851e-15
6.35 	 1.34649 	 0.00914548 	 0.331607 	 0.00535094 	 0.44615 	 0.00741148 	 1 	 6.20358e-16
6.375 	 1.34933 	 0.00915891 	 0.33104 	 0.00533995 	 0.445429 	 0.00740122 	 1 	 1.43186e-15
6.4 	 1.35217 	 0.0091725 	 0.330476 	 0.00532907 	 0.444711 	 0.00738938 	 1 	 1.41792e-15
6.425 	 1.355 	 0.00918603 	 0.329916 	 0.00531831 	 0.443998 	 0.00737644 	 1 	 1.54415e-15
6.45 	 1.35783 	 0.0091993 	 0.329358 	 0.00530771 	 0.443289 	 0.00736343 	 1 	 1.85997e-15
6.475 	 1.36066 	 0.00921232 	 0.328804 	 0.00529734 	 0.442584 	 0.00735121 	 1 	 1.32298e-15
6.5 	 1.36347 	 0.00922527 	 0.328253 	 0.00528719 	 0.441885 	 0.00733987 	 1 	 1.07194e-15
6.525 	 1.36628 	 0.00923842 	 0.327706 	 0.00527729 	 0.44119 	 0.00732902 	 1 	 1.36978e-15
6.55 	 1.36909 	 0.00925189 	 0.327161 	 0.00526763 	 0.4405 	 0.00731827 	 1 	 1.34404e-15
6.575 	 1.37189 	 0.0092655 	 0.32662 	 0.00525808 	 0.439813 	 0.0073075 	 1 	 1.62201e-15
6.6 	 1.37468 	 0.00927897 	 0.326081 	 0.00524843 	 0.439128 	 0.00729691 	 1 	 1.53302e-15
6.625 	 1.37747 	 0.00929204 	 0.325544 	 0.00523854 	 0.438444 	 0.00728678 	 1 	 2.14004e-15
6.65 	 1.38026 	 0.00930475 	 0.325009 	 0.0052285 	 0.437762 	 0.00727714 	 1 	 1.71796e-15
6.675 	 1.38305 	 0.00931743 	 0.324477 	 0.00521847 	 0.437084 	 0.00726758 	 1 	 1.44139e-15
6.7 	 1.38583 	 0.0093303 	 0.323946 	 0.00520855 	 0.43641 	 0.00725738 	 1 	 1.08021e-15
6.725 	 1.38861 	 0.00934332 	 0.323419 	 0.00519868 	 0.435742 	 0.00724615 	 1 	 1.6971e-15
6.75 	 1.39139 	 0.00935634 	 0.322894 	 0.00518881 	 0.435078 	 0.00723416 	 1 	 1.67477e-15
6.775 	 1.39416 	 0.00936943 	 0.322373 	 0.00517912 	 0.434418 	 0.00722224 	 1 	 1.48261e-15
6.8 	 1.39692 	 0.00938276 	 0.321855 	 0.00516987 	 0.433761 	 0.00721122 	 1 	 1.15556e-15
6.825 	 1.39967 	 0.00939654 	 0.32134 	 0.00516117 	 0.433108 	 0.0072014 	 1 	 1.4014e-15
6.85 	 1.40242 	 0.00941084 	 0.320828 	 0.00515288 	 0.432458 	 0.00719237 	 1 	 1.3235e-15
6.875 	 1.40515 	 0.00942565 	 0.320319 	 0.00514475 	 0.431812 	 0.0071833 	 1 	 1.51821e-15
6.9 	 1.40789 	 0.00944087 	 0.319814 	 0.00513656 	 0.43117 	 0.00717353 	 1 	 1.34302e-15
6.925 	 1.41061 	 0.00945627 	 0.319311 	 0.00512825 	 0.430531 	 0.00716298 	 1 	 1.6488e-15
6.95 	 1.41334 	 0.00947161 	 0.318811 	 0.00511982 	 0.429896 	 0.00715192 	 1 	 1.62538e-15
6.975 	 1.41606 	 0.00948658 	 0.318312 	 0.00511126 	 0.429262 	 0.00714052 	 1 	 1.0859e-15
7 	 1.41878 	 0.00950091 	 0.317816 	 0.00510246 	 0.42863 	 0.00712866 	 1 	 2.08526e-15
7.025 	 1.42149 	 0.0095146 	 0.317321 	 0.00509336 	 0.428001 	 0.00711608 	 1 	 1.6434e-15
7.05 	 1.4242 	 0.00952797 	 0.316828 	 0.00508404 	 0.427372 	 0.00710286 	 1 	 1.05844e-15
7.075 	 1.42691 	 0.00954153 	 0.316337 	 0.00507475 	 0.426744 	 0.00708964 	 1 	 7.02167e-16
7.1 	 1.42961 	 0.00955556 	 0.315848 	 0.00506567 	 0.426118 	 0.00707731 	 1 	 1.47334e-15
7.125 	 1.43231 	 0.00956982 	 0.315361 	 0.00505669 	 0.425493 	 0.00706621 	 1 	 1.84593e-15
7.15 	 1.43501 	 0.00958378 	 0.314877 	 0.00504751 	 0.424872 	 0.00705579 	 1 	 1.86988e-15
7.175 	 1.4377 	 0.00959706 	 0.314395 	 0.00503788 	 0.424255 	 0.00704489 	 1 	 1.58355e-15
7.2 	 1.44039 	 0.00960976 	 0.313915 	 0.00502787 	 0.423641 	 0.00703252 	 1 	 1.44092e-15
7.225 	 1.44308 	 0.00962227 	 0.313438 	 0.00501772 	 0.423032 	 0.00701849 	 1 	 1.70957e-15
7.25 	 1.44575 	 0.00963482 	 0.312963 	 0.00500766 	 0.422426 	 0.00700326 	 1 	 1.10155e-15
7.275 	 1.44843 	 0.0096475 	 0.31249 	 0.00499778 	 0.421824 	 0.00698743 	 1 	 1.64589e-15
7.3 	 1.4511 	 0.0096602 	 0.31202 	 0.00498806 	 0.421225 	 0.00697143 	 1 	 1.41695e-15
7.325 	 1.45376 	 0.00967281 	 0.311552 	 0.00497847 	 0.42063 	 0.00695546 	 1 	 1.25934e-15
7.35 	 1.45642 	 0.0096852 	 0.311086 	 0.00496894 	 0.420037 	 0.00693959 	 1 	 1.23185e-15
7.375 	 1.45908 	 0.0096974 	 0.310622 	 0.00495946 	 0.419446 	 0.00692379 	 1 	 1.92972e-15
7.4 	 1.46173 	 0.00970955 	 0.31016 	 0.00495004 	 0.418856 	 0.00690785 	 1 	 1.4551e-15
7.425 	 1.46438 	 0.0097221 	 0.3097 	 0.00494086 	 0.418266 	 0.00689154 	 1 	 1.45604e-15
7.45 	 1.46702 	 0.00973533 	 0.309242 	 0.00493204 	 0.417678 	 0.00687482 	 1 	 1.57488e-15
7.475 	 1.46966 	 0.00974923 	 0.308786 	 0.00492357 	 0.417093 	 0.00685777 	 1 	 1.73462e-15
7.5 	 1.47229 	 0.00976332 	 0.308332 	 0.00491519 	 0.41651 	 0.00684056 	 1 	 1.95895e-15
7.525 	 1.47492 	 0.00977704 	 0.307881 	 0.00490664 	 0.415932 	 0.00682354 	 1 	 1.77944e-15
7.55 	 1.47754 	 0.00979028 	 0.307433 	 0.00489793 	 0.415357 	 0.00680694 	 1 	 1.34455e-15
7.575 	 1.48016 	 0.00980327 	 0.306987 	 0.00488921 	 0.414785 	 0.0067906 	 1 	 1.53123e-15
7.6 	 1.48277 	 0.00981614 	 0.306543 	 0.00488056 	 0.414215 	 0.00677426 	 1 	 1.21675e-15
7.625 	 1.48538 	 0.00982882 	 0.306101 	 0.00487189 	 0.413647 	 0.00675789 	 1 	 1.4092e-15
7.65 	 1.48799 	 0.00984126 	 0.305661 	 0.0048631 	 0.413081 	 0.00674172 	 1 	 1.75503e-15
7.675 	 1.49059 	 0.00985366 	 0.305223 	 0.00485429 	 0.412518 	 0.00672632 	 1 	 1.47427e-15
7.7 	 1.49318 	 0.00986617 	 0.304786 	 0.0048456 	 0.411957 	 0.0067122 	 1 	 1.0681e-15
7.725 	 1.49577 	 0.00987878 	 0.304351 	 0.00483705 	 0.411398 	 0.00669909 	 1 	 1.06296e-15
7.75 	 1.49836 	 0.00989143 	 0.303919 	 0.00482851 	 0.410843 	 0.00668623 	 1 	 1.25116e-15
7.775 	 1.50095 	 0.00990395 	 0.303488 	 0.00481983 	 0.41029 	 0.00667323 	 1 	 1.62875e-15
7.8 	 1.50353 	 0.0099163 	 0.303058 	 0.00481104 	 0.40974 	 0.00666023 	 1 	 1.10837e-15
7.825 	 1.50611 	 0.00992853 	 0.302631 	 0.00480232 	 0.409193 	 0.00664735 	 1 	 1.02758e-15
7.85 	 1.50869 	 0.00994072 	 0.302204 	 0.00479375 	 0.408648 	 0.00663432 	 1 	 1.6575e-15
7.875 	 1.51126 	 0.00995307 	 0.30178 	 0.00478534 	 0.408104 	 0.00662055 	 1 	 1.61099e-15
7.9 	 1.51382 	 0.0099657 	 0.301358 	 0.00477709 	 0.407563 	 0.00660559 	 1 	 1.79781e-15
7.925 	 1.51638 	 0.0099786 	 0.300938 	 0.00476899 	 0.407024 	 0.00658954 	 1 	 1.55607e-15
7.95 	 1.51894 	 0.0099915 	 0.300519 	 0.00476107 	 0.406489 	 0.00657317 	 1 	 1.1316e-15
7.975 	 1.52149 	 0.0100044 	 0.300103 	 0.00475344 	 0.405957 	 0.00655782 	 1 	 1.51278e-15
8 	 1.52404 	 0.0100174 	 0.29969 	 0.0047462 	 0.405429 	 0.00654474 	 1 	 1.7421e-15
8.025 	 1.52659 	 0.0100303 	 0.299277 	 0.0047392 	 0.404902 	 0.00653416 	 1 	 9.53615e-16
8.05 	 1.52913 	 0.0100428 	 0.298866 	 0.00473213 	 0.404377 	 0.00652503 	 1 	 1.77867e-15
8.075 	 1.53167 	 0.0100545 	 0.298457 	 0.00472464 	 0.403853 	 0.00651586 	 1 	 1.98085e-15
8.1 	 1.5342 	 0.0100654 	 0.298049 	 0.00471657 	 0.40333 	 0.00650586 	 1 	 1.17728e-15
8.125 	 1.53673 	 0.0100757 	 0.297643 	 0.00470803 	 0.402811 	 0.00649525 	 1 	 1.1316e-15
8.15 	 1.53926 	 0.0100857 	 0.29724 	 0.00469934 	 0.402293 	 0.00648476 	 1 	 1.5164e-15
8.175 	 1.54177 	 0.010096 	 0.296839 	 0.00469083 	 0.401778 	 0.00647491 	 1 	 2.13556e-15
8.2 	 1.54429 	 0.0101067 	 0.296439 	 0.00468256 	 0.401265 	 0.00646552 	 1 	 1.61481e-15
8.225 	 1.5468 	 0.0101176 	 0.296041 	 0.00467431 	 0.400753 	 0.00645587 	 1 	 1.86401e-15
8.25 	 1.54931 	 0.0101286 	 0.295645 	 0.00466584 	 0.400244 	 0.0064452 	 1 	 1.38469e-15
8.275 	 1.55181 	 0.0101396 	 0.295251 	 0.00465709 	 0.399738 	 0.00643331 	 1 	 1.86365e-15
8.3 	 1.55431 	 0.0101508 	 0.294858 	 0.00464827 	 0.399234 	 0.00642075 	 1 	 1.03753e-15
8.325 	 1.5568 	 0.0101622 	 0.294467 	 0.00463975 	 0.398732 	 0.00640868 	 1 	 2.21365e-15
8.35 	 1.55929 	 0.0101741 	 0.294077 	 0.00463177 	 0.398231 	 0.00639834 	 1 	 2.01376e-15
8.375 	 1.56178 	 0.0101865 	 0.293689 	 0.00462437 	 0.397732 	 0.00639047 	 1 	 1.43854e-15
8.4 	 1.56427 	 0.0101994 	 0.293302 	 0.00461755 	 0.397235 	 0.00638502 	 1 	 1.27662e-15
8.425 	 1.56674 	 0.0102128 	 0.292917 	 0.0046113 	 0.396741 	 0.00638118 	 1 	 1.85333e-15
8.45 	 1.56922 	 0.0102269 	 0.292534 	 0.00460561 	 0.396249 	 0.0063778 	 1 	 1.7725e-15
8.475 	 1.57169 	 0.0102417 	 0.292153 	 0.00460047 	 0.395759 	 0.00637393 	 1 	 1.56573e-15
8.5 	 1.57416 	 0.0102572 	 0.291773 	 0.00459578 	 0.395272 	 0.00636914 	 1 	 1.18828e-15
8.525 	 1.57662 	 0.0102728 	 0.291395 	 0.0045912 	 0.394787 	 0.00636325 	 1 	 1.29208e-15
8.55 	 1.57908 	 0.0102879 	 0.291018 	 0.00458632 	 0.394303 	 0.00635612 	 1 	 1.4886e-15
8.575 	 1.58154 	 0.010302 	 0.290643 	 0.00458084 	 0.393821 	 0.00634773 	 1 	 2.11169e-15
8.6 	 1.58399 	 0.010315 	 0.290269 	 0.00457464 	 0.393339 	 0.00633814 	 1 	 1.43281e-15
8.625 	 1.58644 	 0.0103272 	 0.289896 	 0.00456777 	 0.392858 	 0.00632738 	 1 	 1.33586e-15
8.65 	 1.58889 	 0.0103389 	 0.289525 	 0.00456036 	 0.392377 	 0.00631553 	 1 	 8.22531e-16
8.675 	 1.59134 	 0.0103505 	 0.289155 	 0.00455263 	 0.391899 	 0.00630294 	 1 	 1.50553e-15
8.7 	 1.59378 	 0.0103623 	 0.288787 	 0.00454484 	 0.391423 	 0.0062903 	 1 	 1.58528e-15
8.725 	 1.59622 	 0.0103744 	 0.28842 	 0.00453717 	 0.390949 	 0.00627813 	 1 	 1.68536e-15
8.75 	 1.59866 	 0.0103868 	 0.288055 	 0.00452971 	 0.390478 	 0.0062666 	 1 	 1.55915e-15
8.775 	 1.60109 	 0.0103993 	 0.287691 	 0.00452248 	 0.390009 	 0.00625575 	 1 	 1.51143e-15
8.8 	 1.60352 	 0.0104117 	 0.287328 	 0.00451542 	 0.389541 	 0.00624552 	 1 	 1.53034e-15
8.825 	 1.60594 	 0.010424 	 0.286967 	 0.00450849 	 0.389075 	 0.00623562 	 1 	 1.7275e-15
8.85 	 1.60836 	 0.010436 	 0.286607 	 0.00450165 	 0.388611 	 0.00622546 	 1 	 1.5437e-15
8.875 	 1.61078 	 0.010448 	 0.286249 	 0.00449487 	 0.388148 	 0.00621461 	 1 	 1.8111e-15
8.9 	 1.61319 	 0.01046 	 0.285892 	 0.00448807 	 0.387687 	 0.00620322 	 1 	 1.75268e-15
8.925 	 1.6156 	 0.0104719 	 0.285536 	 0.00448121 	 0.387229 	 0.00619169 	 1 	 2.03069e-15
8.95 	 1.61801 	 0.010484 	 0.285182 	 0.00447433 	 0.386773 	 0.00618032 	 1 	 1.39455e-15
8.975 	 1.62042 	 0.0104965 	 0.284829 	 0.00446755 	 0.38632 	 0.00616936 	 1 	 1.72234e-15
9 	 1.62282 	 0.0105093 	 0.284478 	 0.00446101 	 0.38587 	 0.00615914 	 1 	 1.60247e-15
9.025 	 1.62522 	 0.0105226 	 0.284127 	 0.0044548 	 0.385421 	 0.0061498 	 1 	 1.50416e-15
9.05 	 1.62762 	 0.0105361 	 0.283778 	 0.00444881 	 0.384974 	 0.00614101 	 1 	 9.53615e-16
9.075 	 1.63001 	 0.0105495 	 0.283431 	 0.00444279 	 0.384529 	 0.00613224 	 1 	 1.78482e-15
9.1 	 1.63241 	 0.0105624 	 0.283084 	 0.00443653 	 0.384085 	 0.00612314 	 1 	 1.36276e-15
9.125 	 1.63479 	 0.0105749 	 0.282739 	 0.00442999 	 0.383641 	 0.00611383 	 1 	 8.70265e-16
9.15 	 1.63718 	 0.010587 	 0.282395 	 0.0044234 	 0.383199 	 0.0061049 	 1 	 1.31468e-15
9.175 	 1.63957 	 0.0105995 	 0.282052 	 0.00441705 	 0.382757 	 0.006097 	 1 	 1.48538e-15
9.2 	 1.64195 	 0.0106125 	 0.28171 	 0.00441106 	 0.382317 	 0.00609036 	 1 	 1.05325e-15
9.225 	 1.64434 	 0.0106258 	 0.281369 	 0.00440537 	 0.38188 	 0.00608488 	 1 	 1.67803e-15
9.25 	 1.64671 	 0.0106389 	 0.281029 	 0.00439981 	 0.381444 	 0.00608047 	 1 	 8.43899e-16
9.275 	 1.64909 	 0.0106516 	 0.280692 	 0.00439428 	 0.381011 	 0.00607687 	 1 	 1.12432e-15
9.3 	 1.65146 	 0.0106638 	 0.280355 	 0.00438868 	 0.380581 	 0.00607339 	 1 	 1.1059e-15
9.325 	 1.65382 	 0.010676 	 0.280021 	 0.00438303 	 0.380152 	 0.0060693 	 1 	 1.58442e-15
9.35 	 1.65618 	 0.0106882 	 0.279687 	 0.0043773 	 0.379724 	 0.00606419 	 1 	 1.96e-15
9.375 	 1.65854 	 0.0107005 	 0.279355 	 0.00437147 	 0.379296 	 0.00605806 	 1 	 1.92403e-15
9.4 	 1.6609 	 0.0107127 	 0.279024 	 0.00436557 	 0.378869 	 0.00605111 	 1 	 1.7725e-15
9.425 	 1.66325 	 0.0107249 	 0.278695 	 0.00435968 	 0.378443 	 0.0060434 	 1 	 1.45839e-15
9.45 	 1.66559 	 0.0107371 	 0.278366 	 0.00435386 	 0.378019 	 0.00603507 	 1 	 1.63127e-15
9.475 	 1.66794 	 0.0107493 	 0.278039 	 0.00434825 	 0.377598 	 0.00602669 	 1 	 1.74799e-15
9.5 	 1.67028 	 0.0107619 	 0.277714 	 0.00434297 	 0.377178 	 0.00601898 	 1 	 1.72075e-15
9.525 	 1.67261 	 0.0107748 	 0.277389 	 0.00433808 	 0.376758 	 0.00601246 	 1 	 1.42755e-15
9.55 	 1.67495 	 0.0107881 	 0.277065 	 0.00433355 	 0.376339 	 0.00600713 	 1 	 1.7362e-15
9.575 	 1.67729 	 0.0108019 	 0.276742 	 0.00432937 	 0.375919 	 0.00600278 	 1 	 1.38172e-15
9.6 	 1.67962 	 0.0108161 	 0.27642 	 0.00432543 	 0.375501 	 0.00599926 	 1 	 1.45369e-15
9.625 	 1.68195 	 0.0108303 	 0.276099 	 0.00432158 	 0.375085 	 0.00599651 	 1 	 2.06082e-15
9.65 	 1.68428 	 0.0108441 	 0.275779 	 0.00431767 	 0.37467 	 0.00599454 	 1 	 1.91654e-15
9.675 	 1.68661 	 0.0108572 	 0.27546 	 0.00431359 	 0.374257 	 0.00599343 	 1 	 1.77944e-15
9.7 	 1.68893 	 0.0108697 	 0.275143 	 0.00430934 	 0.373847 	 0.005993 	 1 	 1.1597e-15
9.725 	 1.69125 	 0.0108818 	 0.274827 	 0.00430498 	 0.37344 	 0.00599272 	 1 	 1.60332e-15
9.75 	 1.69357 	 0.0108939 	 0.274513 	 0.00430051 	 0.373036 	 0.00599193 	 1 	 1.41502e-15
9.775 	 1.69588 	 0.0109058 	 0.2742 	 0.00429585 	 0.372635 	 0.00599009 	 1 	 1.55959e-15
9.8 	 1.69819 	 0.0109175 	 0.273888 	 0.00429092 	 0.372236 	 0.00598694 	 1 	 1.06296e-15
9.825 	 1.70049 	 0.010929 	 0.273577 	 0.0042857 	 0.371839 	 0.00598241 	 1 	 8.34926e-16
9.85 	 1.70279 	 0.0109401 	 0.273267 	 0.00428021 	 0.371443 	 0.00597661 	 1 	 1.54326e-15
9.875 	 1.7051 	 0.0109508 	 0.272959 	 0.00427444 	 0.371048 	 0.00596961 	 1 	 2.0192e-15
9.9 	 1.70739 	 0.0109612 	 0.272651 	 0.00426843 	 0.370653 	 0.00596136 	 1 	 1.44755e-15
9.925 	 1.70969 	 0.0109716 	 0.272344 	 0.0042622 	 0.370259 	 0.00595192 	 1 	 1.73974e-15
9.95 	 1.71199 	 0.010982 	 0.272038 	 0.00425575 	 0.369865 	 0.00594173 	 1 	 2.70382e-15
9.975 	 1.71428 	 0.0109923 	 0.271732 	 0.00424912 	 0.369471 	 0.00593159 	 1 	 1.34047e-15
10 	 1.71657 	 0.0110025 	 0.271428 	 0.00424238 	 0.369077 	 0.00592225 	 1 	 2.85869e-15
10.025 	 1.71886 	 0.0110124 	 0.271125 	 0.00423566 	 0.368684 	 0.00591393 	 1 	 1.48399e-15
10.05 	 1.72115 	 0.0110223 	 0.270823 	 0.00422907 	 0.368291 	 0.00590633 	 1 	 1.86365e-15
10.075 	 1.72343 	 0.0110321 	 0.270522 	 0.00422275 	 0.367901 	 0.0058992 	 1 	 1.51459e-15
10.1 	 1.72571 	 0.0110422 	 0.270223 	 0.00421683 	 0.367512 	 0.00589259 	 1 	 1.24072e-15
10.125 	 1.72799 	 0.0110528 	 0.269924 	 0.00421141 	 0.367124 	 0.00588654 	 1 	 1.44708e-15
10.15 	 1.73027 	 0.0110639 	 0.269626 	 0.00420645 	 0.366738 	 0.00588081 	 1 	 9.22221e-16
10.175 	 1.73254 	 0.0110755 	 0.269328 	 0.00420184 	 0.366353 	 0.00587507 	 1 	 2.4394e-15
10.2 	 1.73482 	 0.0110874 	 0.269032 	 0.00419741 	 0.365968 	 0.00586922 	 1 	 2.1696e-15
10.225 	 1.73709 	 0.0110993 	 0.268737 	 0.00419304 	 0.365585 	 0.0058633 	 1 	 2.48832e-15
10.25 	 1.73936 	 0.0111112 	 0.268442 	 0.00418864 	 0.365204 	 0.00585733 	 1 	 1.40969e-15
10.275 	 1.74162 	 0.0111229 	 0.268148 	 0.00418417 	 0.364825 	 0.00585152 	 1 	 1.14604e-15
10.3 	 1.74389 	 0.0111344 	 0.267856 	 0.00417958 	 0.364448 	 0.00584615 	 1 	 1.8001e-15
10.325 	 1.74615 	 0.0111454 	 0.267565 	 0.00417474 	 0.364073 	 0.00584093 	 1 	 1.53748e-15
10.35 	 1.74841 	 0.0111561 	 0.267274 	 0.0041696 	 0.363698 	 0.00583501 	 1 	 1.72631e-15
10.375 	 1.75066 	 0.0111665 	 0.266985 	 0.00416427 	 0.363324 	 0.0058278 	 1 	 9.97143e-16
10.4 	 1.75291 	 0.0111769 	 0.266697 	 0.00415897 	 0.362951 	 0.00581963 	 1 	 1.01955e-15
10.425 	 1.75515 	 0.0111872 	 0.266411 	 0.00415387 	 0.362578 	 0.00581159 	 1 	 1.14005e-15
10.45 	 1.75739 	 0.0111973 	 0.266125 	 0.00414894 	 0.362207 	 0.00580476 	 1 	 1.60929e-15
10.475 	 1.75963 	 0.0112071 	 0.26584 	 0.00414396 	 0.361838 	 0.0057995 	 1 	 1.40092e-15
10.5 	 1.76187 	 0.0112165 	 0.265557 	 0.00413877 	 0.361471 	 0.00579521 	 1 	 1.81261e-15
10.525 	 1.7641 	 0.0112258 	 0.265275 	 0.00413336 	 0.361108 	 0.00579085 	 1 	 2.13524e-15
10.55 	 1.76633 	 0.0112353 	 0.264994 	 0.00412793 	 0.360748 	 0.00578577 	 1 	 2.02326e-15
10.575 	 1.76856 	 0.0112451 	 0.264713 	 0.00412264 	 0.360389 	 0.00577968 	 1 	 1.09844e-15
10.6 	 1.77078 	 0.0112552 	 0.264434 	 0.00411756 	 0.360031 	 0.00577234 	 1 	 2.30369e-15
10.625 	 1.773 	 0.0112654 	 0.264156 	 0.0041127 	 0.359672 	 0.00576375 	 1 	 1.7358e-15
10.65 	 1.77522 	 0.0112758 	 0.263879 	 0.00410805 	 0.359312 	 0.00575461 	 1 	 1.40336e-15
10.675 	 1.77743 	 0.0112863 	 0.263601 	 0.00410353 	 0.358951 	 0.00574627 	 1 	 1.34912e-15
10.7 	 1.77965 	 0.0112967 	 0.263325 	 0.004099 	 0.358589 	 0.00573986 	 1 	 1.59733e-15
10.725 	 1.78187 	 0.0113068 	 0.263048 	 0.00409435 	 0.358226 	 0.00573572 	 1 	 1.9251e-15
10.75 	 1.78408 	 0.0113167 	 0.262773 	 0.00408954 	 0.357865 	 0.00573351 	 1 	 1.31624e-15
10.775 	 1.7863 	 0.0113264 	 0.262499 	 0.00408469 	 0.357504 	 0.0057324 	 1 	 1.0565e-15
10.8 	 1.7885 	 0.0113365 	 0.262226 	 0.00408002 	 0.357145 	 0.00573158 	 1 	 2.65269e-15
10.825 	 1.79071 	 0.0113471 	 0.261954 	 0.00407569 	 0.356788 	 0.00573076 	 1 	 1.64006e-15
10.85 	 1.7929 	 0.0113583 	 0.261684 	 0.0040718 	 0.356433 	 0.00573011 	 1 	 1.86622e-15
10.875 	 1.7951 	 0.0113701 	 0.261414 	 0.00406831 	 0.356081 	 0.00572976 	 1 	 1.64465e-15
10.9 	 1.79729 	 0.0113823 	 0.261145 	 0.00406502 	 0.35573 	 0.0057293 	 1 	 1.0526e-15
10.925 	 1.79949 	 0.0113947 	 0.260877 	 0.00406169 	 0.355381 	 0.00572802 	 1 	 1.43759e-15
10.95 	 1.80168 	 0.0114072 	 0.26061 	 0.00405815 	 0.355033 	 0.00572535 	 1 	 1.69468e-15
10.975 	 1.80387 	 0.0114196 	 0.260343 	 0.00405436 	 0.354686 	 0.0057212 	 1 	 1.39651e-15
11 	 1.80606 	 0.0114318 	 0.260076 	 0.00405044 	 0.35434 	 0.005716 	 1 	 6.94321e-16
11.025 	 1.80824 	 0.0114438 	 0.259811 	 0.00404648 	 0.353996 	 0.00571057 	 1 	 1.73106e-15
11.05 	 1.81042 	 0.0114553 	 0.259547 	 0.0040425 	 0.353653 	 0.00570571 	 1 	 1.67231e-15
11.075 	 1.8126 	 0.0114664 	 0.259284 	 0.00403839 	 0.353312 	 0.00570168 	 1 	 1.37626e-15
11.1 	 1.81478 	 0.0114771 	 0.259022 	 0.00403407 	 0.352973 	 0.00569826 	 1 	 1.20601e-15
11.125 	 1.81695 	 0.0114877 	 0.258761 	 0.00402953 	 0.352636 	 0.00569496 	 1 	 1.30789e-15
11.15 	 1.81912 	 0.0114982 	 0.2585 	 0.00402484 	 0.352302 	 0.00569113 	 1 	 1.13221e-15
11.175 	 1.82129 	 0.0115089 	 0.25824 	 0.00402004 	 0.351969 	 0.005686 	 1 	 1.11637e-15
11.2 	 1.82346 	 0.0115194 	 0.257981 	 0.00401513 	 0.351637 	 0.00567909 	 1 	 1.89245e-15
11.225 	 1.82563 	 0.0115297 	 0.257722 	 0.00401024 	 0.351304 	 0.00567075 	 1 	 1.19575e-15
11.25 	 1.82779 	 0.0115402 	 0.257464 	 0.00400543 	 0.350972 	 0.00566182 	 1 	 1.23352e-15
11.275 	 1.82995 	 0.0115508 	 0.257207 	 0.00400072 	 0.350639 	 0.0056532 	 1 	 1.38568e-15
11.3 	 1.83211 	 0.0115613 	 0.256951 	 0.00399606 	 0.350308 	 0.00564546 	 1 	 1.67722e-15
11.325 	 1.83427 	 0.0115716 	 0.256695 	 0.00399134 	 0.349977 	 0.00563859 	 1 	 2.09836e-15
11.35 	 1.83643 	 0.0115816 	 0.25644 	 0.00398645 	 0.349647 	 0.00563201 	 1 	 1.54282e-15
11.375 	 1.83858 	 0.0115914 	 0.256186 	 0.00398137 	 0.349318 	 0.00562499 	 1 	 1.50689e-15
11.4 	 1.84073 	 0.011601 	 0.255932 	 0.00397623 	 0.34899 	 0.00561721 	 1 	 1.56441e-15
11.425 	 1.84288 	 0.0116108 	 0.255679 	 0.00397113 	 0.348663 	 0.0056087 	 1 	 1.49777e-15
11.45 	 1.84502 	 0.0116208 	 0.255427 	 0.00396614 	 0.348338 	 0.00559985 	 1 	 9.60769e-16
11.475 	 1.84717 	 0.011631 	 0.255176 	 0.00396129 	 0.348014 	 0.00559133 	 1 	 1.15911e-15
11.5 	 1.84931 	 0.0116411 	 0.254925 	 0.00395654 	 0.347692 	 0.00558376 	 1 	 1.19173e-15
11.525 	 1.85145 	 0.0116512 	 0.254676 	 0.0039519 	 0.347372 	 0.00557737 	 1 	 2.41032e-15
11.55 	 1.85359 	 0.0116614 	 0.254427 	 0.0039474 	 0.347052 	 0.00557203 	 1 	 1.81412e-15
11.575 	 1.85572 	 0.011672 	 0.25418 	 0.00394307 	 0.346734 	 0.00556736 	 1 	 1.38123e-15
11.6 	 1.85785 	 0.0116833 	 0.253933 	 0.0039389 	 0.346415 	 0.00556288 	 1 	 1.54548e-15
11.625 	 1.85998 	 0.0116952 	 0.253686 	 0.00393487 	 0.346097 	 0.00555815 	 1 	 1.45228e-15
11.65 	 1.86211 	 0.0117076 	 0.25344 	 0.00393101 	 0.34578 	 0.00555306 	 1 	 1.15318e-15
11.675 	 1.86424 	 0.0117202 	 0.253196 	 0.00392736 	 0.345465 	 0.00554776 	 1 	 1.15556e-15
11.7 	 1.86636 	 0.0117327 	 0.252951 	 0.00392386 	 0.345153 	 0.00554244 	 1 	 2.06812e-15
11.725 	 1.86848 	 0.0117448 	 0.252708 	 0.00392043 	 0.344841 	 0.00553726 	 1 	 1.7875e-15
11.75 	 1.8706 	 0.0117564 	 0.252465 	 0.0039169 	 0.34453 	 0.00553222 	 1 	 9.40601e-16
11.775 	 1.87272 	 0.0117676 	 0.252223 	 0.00391317 	 0.34422 	 0.00552717 	 1 	 1.78865e-15
11.8 	 1.87484 	 0.0117787 	 0.251981 	 0.00390925 	 0.34391 	 0.00552198 	 1 	 1.22684e-15
11.825 	 1.87695 	 0.0117899 	 0.25174 	 0.00390523 	 0.3436 	 0.00551676 	 1 	 1.12249e-15
11.85 	 1.87907 	 0.0118012 	 0.251499 	 0.00390119 	 0.343292 	 0.00551177 	 1 	 1.93184e-15
11.875 	 1.88118 	 0.0118124 	 0.251259 	 0.00389709 	 0.342984 	 0.00550714 	 1 	 1.79362e-15
11.9 	 1.8833 	 0.0118233 	 0.25102 	 0.00389289 	 0.342677 	 0.0055029 	 1 	 1.87646e-15
11.925 	 1.8854 	 0.0118339 	 0.250781 	 0.00388866 	 0.34237 	 0.00549909 	 1 	 1.4996e-15
11.95 	 1.88751 	 0.0118444 	 0.250543 	 0.00388446 	 0.342063 	 0.0054955 	 1 	 9.04981e-16
11.975 	 1.88961 	 0.0118551 	 0.250306 	 0.00388042 	 0.341756 	 0.00549162 	 1 	 1.76747e-15
12 	 1.89172 	 0.0118661 	 0.250069 	 0.00387661 	 0.341451 	 0.00548717 	 1 	 2.25594e-15
12.025 	 1.89382 	 0.0118777 	 0.249834 	 0.00387307 	 0.341146 	 0.00548237 	 1 	 1.66533e-15
12.05 	 1.89591 	 0.0118896 	 0.249599 	 0.00386974 	 0.340843 	 0.00547766 	 1 	 1.84926e-15
12.075 	 1.89801 	 0.0119014 	 0.249365 	 0.00386643 	 0.34054 	 0.00547347 	 1 	 1.64423e-15
12.1 	 1.9001 	 0.0119128 	 0.249131 	 0.00386298 	 0.340237 	 0.00546989 	 1 	 2.17747e-15
12.125 	 1.90219 	 0.0119237 	 0.248899 	 0.00385929 	 0.339934 	 0.00546669 	 1 	 1.43472e-15
12.15 	 1.90427 	 0.011934 	 0.248667 	 0.00385535 	 0.339631 	 0.00546361 	 1 	 1.07385e-15
12.175 	 1.90636 	 0.0119439 	 0.248436 	 0.00385123 	 0.339329 	 0.00546047 	 1 	 1.57532e-15
12.2 	 1.90843 	 0.0119537 	 0.248205 	 0.00384701 	 0.339028 	 0.00545696 	 1 	 1.56091e-15
12.225 	 1.91051 	 0.0119636 	 0.247976 	 0.0038427 	 0.338728 	 0.00545248 	 1 	 1.64631e-15
12.25 	 1.91259 	 0.0119737 	 0.247747 	 0.00383833 	 0.338429 	 0.00544669 	 1 	 1.99188e-15
12.275 	 1.91466 	 0.0119842 	 0.247519 	 0.00383398 	 0.338131 	 0.00544002 	 1 	 1.77828e-15
12.3 	 1.91673 	 0.0119949 	 0.247291 	 0.00382972 	 0.337835 	 0.00543331 	 1 	 2.32941e-15
12.325 	 1.91881 	 0.0120057 	 0.247063 	 0.0038256 	 0.33754 	 0.00542729 	 1 	 1.82878e-15
12.35 	 1.92088 	 0.0120166 	 0.246837 	 0.0038216 	 0.337247 	 0.00542217 	 1 	 1.20771e-15
12.375 	 1.92295 	 0.0120274 	 0.246611 	 0.00381761 	 0.336954 	 0.00541766 	 1 	 2.31437e-15
12.4 	 1.92501 	 0.0120379 	 0.246386 	 0.00381349 	 0.336663 	 0.00541325 	 1 	 1.86512e-15
12.425 	 1.92708 	 0.0120483 	 0.246162 	 0.00380929 	 0.336374 	 0.00540854 	 1 	 1.76553e-15
12.45 	 1.92914 	 0.0120588 	 0.245938 	 0.00380511 	 0.336086 	 0.00540327 	 1 	 2.03575e-15
12.475 	 1.93119 	 0.0120693 	 0.245715 	 0.00380103 	 0.3358 	 0.00539745 	 1 	 1.96488e-15
12.5 	 1.93325 	 0.0120799 	 0.245493 	 0.00379712 	 0.335516 	 0.00539146 	 1 	 1.56485e-15
12.525 	 1.9353 	 0.0120909 	 0.245271 	 0.0037934 	 0.335231 	 0.00538593 	 1 	 1.47566e-15
12.55 	 1.93735 	 0.0121021 	 0.24505 	 0.00378991 	 0.334946 	 0.00538146 	 1 	 2.08986e-15
12.575 	 1.9394 	 0.0121136 	 0.244829 	 0.0037866 	 0.33466 	 0.00537837 	 1 	 1.71477e-15
12.6 	 1.94145 	 0.012125 	 0.244609 	 0.00378333 	 0.334374 	 0.00537638 	 1 	 1.35368e-15
12.625 	 1.9435 	 0.0121363 	 0.244389 	 0.00377997 	 0.334089 	 0.00537473 	 1 	 9.8956e-16
12.65 	 1.94555 	 0.0121472 	 0.244169 	 0.00377644 	 0.333804 	 0.0053727 	 1 	 2.29565e-15
12.675 	 1.94759 	 0.0121579 	 0.243951 	 0.00377275 	 0.333521 	 0.00536983 	 1 	 1.43663e-15
12.7 	 1.94963 	 0.0121682 	 0.243733 	 0.00376889 	 0.33324 	 0.00536581 	 1 	 1.81261e-15
12.725 	 1.95167 	 0.0121782 	 0.243515 	 0.00376485 	 0.33296 	 0.00536046 	 1 	 1.802e-15
12.75 	 1.95371 	 0.012188 	 0.243298 	 0.00376066 	 0.332682 	 0.00535389 	 1 	 1.4485e-15
12.775 	 1.95575 	 0.0121981 	 0.243082 	 0.00375646 	 0.332405 	 0.00534651 	 1 	 1.63043e-15
12.8 	 1.95778 	 0.0122087 	 0.242866 	 0.00375242 	 0.332129 	 0.00533899 	 1 	 5.22054e-16
12.825 	 1.95981 	 0.0122199 	 0.242651 	 0.00374862 	 0.331853 	 0.00533207 	 1 	 1.60076e-15
12.85 	 1.96184 	 0.0122314 	 0.242436 	 0.00374501 	 0.331577 	 0.00532632 	 1 	 2.11007e-15
12.875 	 1.96387 	 0.0122427 	 0.242222 	 0.00374156 	 0.331303 	 0.00532202 	 1 	 1.54769e-15
12.9 	 1.9659 	 0.012254 	 0.242009 	 0.00373826 	 0.33103 	 0.00531909 	 1 	 2.01716e-15
12.925 	 1.96792 	 0.0122652 	 0.241796 	 0.00373512 	 0.330758 	 0.00531707 	 1 	 1.39307e-15
12.95 	 1.96994 	 0.0122766 	 0.241584 	 0.00373211 	 0.330486 	 0.00531522 	 1 	 1.52944e-15
12.975 	 1.97196 	 0.012288 	 0.241373 	 0.00372916 	 0.330215 	 0.00531271 	 1 	 1.55783e-15
13 	 1.97398 	 0.0122995 	 0.241162 	 0.00372617 	 0.329942 	 0.00530898 	 1 	 1.26531e-15
