time = tau * tau_parallel
rms: rms distance of hole to its origin
rms std: estimated standard error on the mean of rms from 100 samples
IPR: inverse participation ratio, IPR(tau) = sum_i (n_h(i,tau))^2, with hole density n_h(i,tau) at site i at time tau.
IPR std: estimated standard error on the mean of IPR from 100 samples
return prob: probability of the hole to return to its origin, n_h(0,tau).
return prob std: estimated standard error on the mean of return prob from 100 samples
leg imbalance: difference between the occupation in the two legs of the ladder (see Eq. (15) in the manuscript).
leg imbalance std: estimated standard error on the mean of leg imbalance from 100 samples


time, rms, rms std, IPR, IPR std, return prob, return prob std, leg imbalance, leg imbalance std
0 	 0 	 0 	 1 	 0 	 1 	 0 	 1 	 0
0.1 	 0.100157 	 5.04764e-08 	 0.980284 	 6.23858e-08 	 0.990043 	 3.18254e-08 	 1 	 3.51083e-16
0.2 	 0.200277 	 0.000132654 	 0.925107 	 0.00030675 	 0.961051 	 0.000166102 	 1 	 2.48253e-16
0.3 	 0.300248 	 0.000516081 	 0.845038 	 0.00159492 	 0.915531 	 0.000951701 	 1 	 3.26841e-16
0.4 	 0.399825 	 0.00124316 	 0.753892 	 0.00437433 	 0.857266 	 0.00297369 	 1 	 3.14018e-16
0.5 	 0.498613 	 0.0023771 	 0.664916 	 0.00860701 	 0.790807 	 0.00683973 	 1 	 5.29866e-16
0.6 	 0.596073 	 0.0039512 	 0.587992 	 0.0137748 	 0.720908 	 0.0129678 	 1 	 4.34739e-16
0.7 	 0.691561 	 0.00597102 	 0.528534 	 0.0193224 	 0.652007 	 0.0214405 	 1 	 2.8184e-16
0.8 	 0.784397 	 0.00841688 	 0.487791 	 0.0251048 	 0.58782 	 0.0319274 	 1 	 1.95825e-16
0.9 	 0.87391 	 0.0112457 	 0.463865 	 0.0314645 	 0.53112 	 0.0436946 	 1 	 2.5371e-16
1 	 0.959477 	 0.0143941 	 0.452848 	 0.0388403 	 0.483671 	 0.0556992 	 1 	 3.54963e-16
1.1 	 1.04055 	 0.0177825 	 0.449884 	 0.0471919 	 0.446313 	 0.0667518 	 1 	 2.61682e-16
1.2 	 1.11667 	 0.021323 	 0.450178 	 0.05572 	 0.419144 	 0.0757143 	 1 	 2.39836e-16
1.3 	 1.18742 	 0.0249282 	 0.449951 	 0.0631115 	 0.401737 	 0.0816942 	 1 	 3.49127e-16
1.4 	 1.25248 	 0.0285215 	 0.447118 	 0.0681029 	 0.393347 	 0.0841975 	 1 	 6.43121e-16
1.5 	 1.31157 	 0.0320468 	 0.441467 	 0.0699859 	 0.393075 	 0.0832129 	 1 	 4.40994e-16
1.6 	 1.36452 	 0.035475 	 0.43427 	 0.0688189 	 0.399958 	 0.0792116 	 1 	 4.29988e-16
1.7 	 1.41123 	 0.0388084 	 0.427545 	 0.0653742 	 0.413006 	 0.0730637 	 1 	 2.8184e-16
1.8 	 1.45171 	 0.0420779 	 0.423318 	 0.0609605 	 0.431174 	 0.0658873 	 1 	 3.73757e-16
1.9 	 1.48611 	 0.0453366 	 0.423149 	 0.057114 	 0.453324 	 0.058852 	 1 	 3.54963e-16
2 	 1.51467 	 0.0486484 	 0.42796 	 0.0550137 	 0.478179 	 0.0529743 	 1 	 3.81015e-16
2.1 	 1.53779 	 0.052076 	 0.438036 	 0.0548326 	 0.504326 	 0.0489575 	 1 	 3.75584e-16
2.2 	 1.55594 	 0.0556704 	 0.453033 	 0.0557684 	 0.530258 	 0.0471404 	 1 	 4.81097e-16
2.3 	 1.56969 	 0.0594612 	 0.471938 	 0.0568749 	 0.554472 	 0.0475614 	 1 	 5.00627e-16
2.4 	 1.57973 	 0.0634517 	 0.493025 	 0.0578288 	 0.575599 	 0.0500453 	 1 	 3.81015e-16
2.5 	 1.58678 	 0.0676152 	 0.513938 	 0.0590116 	 0.592538 	 0.0542399 	 1 	 2.98363e-16
2.6 	 1.59164 	 0.0718958 	 0.531987 	 0.0610023 	 0.604563 	 0.059649 	 1 	 3.07407e-16
2.7 	 1.59511 	 0.0762139 	 0.544658 	 0.0640378 	 0.611374 	 0.0657187 	 1 	 4.36311e-16
2.8 	 1.59792 	 0.0804747 	 0.550184 	 0.0679234 	 0.613089 	 0.0719476 	 1 	 3.33067e-16
2.9 	 1.60075 	 0.0845806 	 0.547992 	 0.072195 	 0.610169 	 0.077961 	 1 	 4.63702e-16
3 	 1.60406 	 0.088443 	 0.538861 	 0.0761639 	 0.603313 	 0.083521 	 1 	 2.8184e-16
3.1 	 1.60815 	 0.0919929 	 0.524738 	 0.0790177 	 0.593342 	 0.0884868 	 1 	 4.02004e-16
3.2 	 1.61307 	 0.0951891 	 0.508286 	 0.0802731 	 0.581097 	 0.0927589 	 1 	 3.09626e-16
3.3 	 1.61872 	 0.0980215 	 0.492296 	 0.0803283 	 0.567369 	 0.0962452 	 1 	 2.74454e-16
3.4 	 1.62482 	 0.100511 	 0.479123 	 0.0804397 	 0.552878 	 0.0988671 	 1 	 3.51083e-16
3.5 	 1.63104 	 0.102706 	 0.470267 	 0.0817314 	 0.538264 	 0.100593 	 1 	 4.68111e-16
3.6 	 1.63704 	 0.104674 	 0.46617 	 0.0840048 	 0.524109 	 0.101468 	 1 	 3.49127e-16
3.7 	 1.64251 	 0.106494 	 0.466238 	 0.085775 	 0.51096 	 0.101602 	 1 	 3.14018e-16
3.8 	 1.64724 	 0.108243 	 0.46906 	 0.0854665 	 0.499336 	 0.101113 	 1 	 4.5925e-16
3.9 	 1.6511 	 0.109986 	 0.472799 	 0.082407 	 0.489728 	 0.100052 	 1 	 2.12592e-16
4 	 1.65405 	 0.111763 	 0.475673 	 0.0769656 	 0.482588 	 0.0983619 	 1 	 3.56887e-16
4.1 	 1.65614 	 0.113587 	 0.476446 	 0.0700732 	 0.4783 	 0.0959055 	 1 	 4.79671e-16
4.2 	 1.65748 	 0.115441 	 0.47478 	 0.0626041 	 0.477155 	 0.0925699 	 1 	 3.41192e-16
4.3 	 1.65823 	 0.117286 	 0.471334 	 0.0550657 	 0.479314 	 0.0883951 	 1 	 3.84593e-16
4.4 	 1.65859 	 0.11907 	 0.467538 	 0.0478729 	 0.48479 	 0.083672 	 1 	 3.14018e-16
4.5 	 1.65878 	 0.120741 	 0.465111 	 0.0420854 	 0.493425 	 0.0789626 	 1 	 3.0065e-16
4.6 	 1.65903 	 0.122246 	 0.465495 	 0.039826 	 0.504884 	 0.0750064 	 1 	 5.28572e-16
4.7 	 1.65955 	 0.123543 	 0.469405 	 0.0428201 	 0.51867 	 0.0725049 	 1 	 3.75584e-16
4.8 	 1.66055 	 0.124595 	 0.476663 	 0.050104 	 0.534136 	 0.0718531 	 1 	 4.44089e-16
4.9 	 1.66222 	 0.125377 	 0.486317 	 0.0590171 	 0.55052 	 0.0729857 	 1 	 4.92352e-16
5 	 1.66472 	 0.125868 	 0.496975 	 0.0672966 	 0.566978 	 0.0754633 	 1 	 3.05171e-16
5.1 	 1.66821 	 0.126055 	 0.507183 	 0.0735617 	 0.582632 	 0.0787095 	 1 	 3.24739e-16
5.2 	 1.6728 	 0.125932 	 0.515754 	 0.077099 	 0.596603 	 0.0822061 	 1 	 4.56258e-16
5.3 	 1.6786 	 0.125491 	 0.521956 	 0.0776982 	 0.608065 	 0.0855631 	 1 	 4.56258e-16
5.4 	 1.68565 	 0.124727 	 0.525543 	 0.0756714 	 0.616283 	 0.0885075 	 1 	 4.17053e-16
5.5 	 1.69393 	 0.123634 	 0.526625 	 0.071933 	 0.620669 	 0.0908559 	 1 	 3.39179e-16
5.6 	 1.70334 	 0.122212 	 0.525446 	 0.0678874 	 0.620829 	 0.0925061 	 1 	 5.53877e-16
5.7 	 1.71366 	 0.120469 	 0.522173 	 0.0649115 	 0.616609 	 0.0934425 	 1 	 4.2195e-16
5.8 	 1.7246 	 0.118431 	 0.516816 	 0.063596 	 0.608135 	 0.0937319 	 1 	 3.02919e-16
5.9 	 1.73577 	 0.116144 	 0.509311 	 0.0634607 	 0.595826 	 0.093491 	 1 	 3.54963e-16
6 	 1.74677 	 0.113672 	 0.499705 	 0.0635118 	 0.58039 	 0.0928197 	 1 	 5.06069e-16
6.1 	 1.75719 	 0.111091 	 0.488296 	 0.0629508 	 0.562779 	 0.0917201 	 1 	 2.59052e-16
6.2 	 1.76666 	 0.108481 	 0.475631 	 0.0613928 	 0.544119 	 0.0900406 	 1 	 5.15454e-16
6.3 	 1.77488 	 0.105919 	 0.462379 	 0.0587604 	 0.525609 	 0.0874831 	 1 	 4.33161e-16
6.4 	 1.78167 	 0.103468 	 0.449226 	 0.055244 	 0.508413 	 0.0836904 	 1 	 2.74454e-16
6.5 	 1.78694 	 0.101176 	 0.436882 	 0.0513945 	 0.493547 	 0.0784067 	 1 	 2.5371e-16
6.6 	 1.79069 	 0.0990722 	 0.426198 	 0.0481195 	 0.481791 	 0.0716871 	 1 	 4.2195e-16
6.7 	 1.79301 	 0.0971678 	 0.418233 	 0.0463326 	 0.473629 	 0.0641469 	 1 	 5.85139e-16
6.8 	 1.79407 	 0.0954617 	 0.414125 	 0.0463278 	 0.469241 	 0.0572223 	 1 	 4.51733e-16
6.9 	 1.79407 	 0.093942 	 0.414755 	 0.0475536 	 0.468531 	 0.0531933 	 1 	 5.6368e-16
7 	 1.79324 	 0.0925887 	 0.420353 	 0.0492217 	 0.471191 	 0.0541937 	 1 	 2.61682e-16
7.1 	 1.79181 	 0.0913734 	 0.430307 	 0.0511223 	 0.476786 	 0.0603318 	 1 	 4.92352e-16
7.2 	 1.78996 	 0.0902602 	 0.443288 	 0.0538995 	 0.484828 	 0.0695904 	 1 	 4.40994e-16
7.3 	 1.78784 	 0.0892055 	 0.457625 	 0.0585721 	 0.494832 	 0.0795585 	 1 	 5.79258e-16
7.4 	 1.78555 	 0.0881608 	 0.471704 	 0.0655598 	 0.506336 	 0.0884256 	 1 	 3.98582e-16
7.5 	 1.7831 	 0.0870781 	 0.484193 	 0.0740404 	 0.518889 	 0.0950676 	 1 	 3.75584e-16
7.6 	 1.78051 	 0.0859156 	 0.494061 	 0.0821965 	 0.53202 	 0.0989174 	 1 	 3.05171e-16
7.7 	 1.77777 	 0.0846452 	 0.500532 	 0.0879702 	 0.545201 	 0.0998463 	 1 	 3.45182e-16
7.8 	 1.77487 	 0.0832576 	 0.503111 	 0.0897991 	 0.55783 	 0.0980666 	 1 	 2.84259e-16
7.9 	 1.77189 	 0.0817653 	 0.501726 	 0.0871183 	 0.569247 	 0.0940402 	 1 	 5.10112e-16
8 	 1.76892 	 0.0802024 	 0.496888 	 0.0805252 	 0.57878 	 0.0883889 	 1 	 5.53877e-16
8.1 	 1.76614 	 0.0786207 	 0.489698 	 0.0715779 	 0.585818 	 0.0818106 	 1 	 4.10432e-16
8.2 	 1.76377 	 0.0770848 	 0.481636 	 0.0623187 	 0.589892 	 0.0750079 	 1 	 3.39179e-16
8.3 	 1.76204 	 0.0756623 	 0.474195 	 0.0546661 	 0.590758 	 0.0686296 	 1 	 4.0876e-16
8.4 	 1.76117 	 0.0744145 	 0.468486 	 0.0497658 	 0.588441 	 0.0632133 	 1 	 3.75584e-16
8.5 	 1.76137 	 0.0733841 	 0.464997 	 0.0475586 	 0.583254 	 0.0591144 	 1 	 4.57757e-16
8.6 	 1.76278 	 0.072586 	 0.463558 	 0.0470971 	 0.575769 	 0.0564305 	 1 	 2.96059e-16
8.7 	 1.76547 	 0.0720015 	 0.463511 	 0.0474758 	 0.566751 	 0.0549793 	 1 	 5.1279e-16
8.8 	 1.76944 	 0.0715811 	 0.463984 	 0.0483998 	 0.557065 	 0.0543818 	 1 	 5.40106e-16
8.9 	 1.7746 	 0.0712552 	 0.464163 	 0.0499358 	 0.547564 	 0.0542191 	 1 	 4.47163e-16
9 	 1.78077 	 0.070951 	 0.463466 	 0.0519111 	 0.538985 	 0.0541664 	 1 	 3.45182e-16
9.1 	 1.7877 	 0.0706107 	 0.461585 	 0.0537295 	 0.531863 	 0.0540312 	 1 	 2.18939e-16
9.2 	 1.79508 	 0.0702053 	 0.458424 	 0.0547468 	 0.526484 	 0.0536966 	 1 	 4.23569e-16
9.3 	 1.80253 	 0.0697418 	 0.454022 	 0.0546802 	 0.522875 	 0.0530246 	 1 	 4.13756e-16
9.4 	 1.80969 	 0.0692612 	 0.448532 	 0.0536562 	 0.520851 	 0.0518015 	 1 	 3.96861e-16
9.5 	 1.81617 	 0.0688281 	 0.442297 	 0.0519409 	 0.520082 	 0.0497768 	 1 	 4.71028e-16
9.6 	 1.82166 	 0.0685143 	 0.435947 	 0.0496783 	 0.520187 	 0.0468028 	 1 	 5.16781e-16
9.7 	 1.82591 	 0.0683795 	 0.430403 	 0.0469846 	 0.520818 	 0.0430326 	 1 	 3.95131e-16
9.8 	 1.82877 	 0.0684562 	 0.426716 	 0.0443721 	 0.521718 	 0.0391349 	 1 	 4.40994e-16
9.9 	 1.83016 	 0.0687429 	 0.425797 	 0.0429197 	 0.522747 	 0.0364056 	 1 	 2.64286e-16
10 	 1.83009 	 0.0692074 	 0.428141 	 0.0435872 	 0.523872 	 0.0363819 	 1 	 5.85139e-16
10.1 	 1.82864 	 0.0698004 	 0.433691 	 0.0462265 	 0.525134 	 0.0396883 	 1 	 3.53028e-16
10.2 	 1.82593 	 0.0704712 	 0.441832 	 0.0496813 	 0.526602 	 0.0453954 	 1 	 7.16646e-16
10.3 	 1.82212 	 0.0711823 	 0.451463 	 0.0526525 	 0.52834 	 0.0518498 	 1 	 4.20324e-16
10.4 	 1.81738 	 0.0719171 	 0.461086 	 0.0541141 	 0.530384 	 0.0575678 	 1 	 3.39179e-16
10.5 	 1.81191 	 0.0726803 	 0.468972 	 0.0533178 	 0.532736 	 0.0615033 	 1 	 4.85348e-16
10.6 	 1.8059 	 0.0734929 	 0.473475 	 0.049906 	 0.535382 	 0.0630684 	 1 	 4.18691e-16
10.7 	 1.79956 	 0.0743833 	 0.473529 	 0.0442932 	 0.5383 	 0.0621424 	 1 	 4.71028e-16
10.8 	 1.79307 	 0.0753791 	 0.46913 	 0.0381511 	 0.541477 	 0.0591033 	 1 	 5.33729e-16
10.9 	 1.78661 	 0.0764986 	 0.461547 	 0.034362 	 0.544915 	 0.0548643 	 1 	 3.77403e-16
11 	 1.78036 	 0.0777444 	 0.453038 	 0.0349139 	 0.548632 	 0.0508469 	 1 	 2.34056e-16
11.1 	 1.77447 	 0.0790984 	 0.446135 	 0.0383293 	 0.552649 	 0.0487001 	 1 	 6.87383e-16
11.2 	 1.76911 	 0.0805216 	 0.442812 	 0.0417552 	 0.556983 	 0.0495604 	 1 	 4.05396e-16
11.3 	 1.76442 	 0.0819577 	 0.44393 	 0.0439742 	 0.561632 	 0.0533196 	 1 	 4.13756e-16
11.4 	 1.76054 	 0.0833417 	 0.449162 	 0.0457625 	 0.566562 	 0.0588565 	 1 	 3.37154e-16
11.5 	 1.7576 	 0.0846116 	 0.457341 	 0.0486991 	 0.571692 	 0.0648841 	 1 	 3.73757e-16
11.6 	 1.75571 	 0.08572 	 0.466937 	 0.0534128 	 0.576886 	 0.0704448 	 1 	 3.39179e-16
11.7 	 1.75497 	 0.0866413 	 0.476454 	 0.0589277 	 0.581954 	 0.0749693 	 1 	 3.49127e-16
11.8 	 1.75544 	 0.0873752 	 0.484642 	 0.0636773 	 0.586655 	 0.0781936 	 1 	 5.23364e-16
11.9 	 1.75716 	 0.0879432 	 0.490606 	 0.06665 	 0.590724 	 0.0800844 	 1 	 3.07407e-16
12 	 1.76015 	 0.0883824 	 0.493892 	 0.0677265 	 0.593895 	 0.0807979 	 1 	 4.31577e-16
12.1 	 1.76442 	 0.0887392 	 0.494537 	 0.0673757 	 0.595934 	 0.0806498 	 1 	 4.97884e-16
12.2 	 1.76997 	 0.089062 	 0.493033 	 0.0661206 	 0.596656 	 0.0800627 	 1 	 4.23569e-16
12.3 	 1.7768 	 0.0893961 	 0.490147 	 0.0642198 	 0.595937 	 0.0794703 	 1 	 5.04714e-16
12.4 	 1.78491 	 0.0897808 	 0.486638 	 0.0618495 	 0.593699 	 0.0791946 	 1 	 3.77403e-16
12.5 	 1.79431 	 0.0902441 	 0.482983 	 0.0595912 	 0.589893 	 0.0793449 	 1 	 3.62597e-16
12.6 	 1.80498 	 0.0908005 	 0.479239 	 0.0585815 	 0.584473 	 0.0797925 	 1 	 4.79671e-16
12.7 	 1.81688 	 0.091448 	 0.475083 	 0.0597765 	 0.577383 	 0.0802373 	 1 	 4.07082e-16
12.8 	 1.8299 	 0.0921681 	 0.470011 	 0.0628657 	 0.568571 	 0.0803285 	 1 	 3.56887e-16
12.9 	 1.8439 	 0.0929279 	 0.463574 	 0.066279 	 0.558013 	 0.0797869 	 1 	 4.20324e-16
13 	 1.85864 	 0.0936853 	 0.455577 	 0.0683017 	 0.545769 	 0.0784966 	 1 	 2.86658e-16
13.1 	 1.87382 	 0.0943936 	 0.446163 	 0.0680016 	 0.532033 	 0.0765524 	 1 	 4.33161e-16
13.2 	 1.88909 	 0.0950081 	 0.435795 	 0.0654425 	 0.517175 	 0.074254 	 1 	 3.49127e-16
13.3 	 1.90402 	 0.0954887 	 0.425151 	 0.0613953 	 0.501762 	 0.072036 	 1 	 4.69572e-16
13.4 	 1.91821 	 0.0958043 	 0.414987 	 0.056857 	 0.486532 	 0.0703321 	 1 	 4.15407e-16
13.5 	 1.93123 	 0.0959339 	 0.406014 	 0.0526426 	 0.472342 	 0.0694086 	 1 	 4.20324e-16
13.6 	 1.94273 	 0.0958674 	 0.398809 	 0.049229 	 0.460075 	 0.0692466 	 1 	 4.45629e-16
13.7 	 1.95241 	 0.0956066 	 0.393786 	 0.0468556 	 0.450535 	 0.0695475 	 1 	 3.96861e-16
13.8 	 1.96007 	 0.0951651 	 0.391182 	 0.0456989 	 0.444346 	 0.0698574 	 1 	 4.28392e-16
13.9 	 1.96564 	 0.0945675 	 0.391049 	 0.0459409 	 0.441862 	 0.0697293 	 1 	 4.18691e-16
14 	 1.96911 	 0.0938483 	 0.393227 	 0.0476652 	 0.443136 	 0.0688487 	 1 	 5.11453e-16
14.1 	 1.9706 	 0.0930498 	 0.397329 	 0.0505964 	 0.447915 	 0.0670901 	 1 	 3.89898e-16
14.2 	 1.9703 	 0.0922206 	 0.402767 	 0.0539054 	 0.455704 	 0.0645139 	 1 	 5.06069e-16
14.3 	 1.96846 	 0.0914125 	 0.408855 	 0.0564342 	 0.465847 	 0.0613184 	 1 	 3.28929e-16
14.4 	 1.96535 	 0.0906792 	 0.414962 	 0.0573078 	 0.477644 	 0.0577819 	 1 	 4.00297e-16
14.5 	 1.96129 	 0.0900751 	 0.420684 	 0.0564587 	 0.490444 	 0.0542344 	 1 	 4.5925e-16
14.6 	 1.95657 	 0.0896527 	 0.42595 	 0.0546462 	 0.503721 	 0.0510927 	 1 	 4.39439e-16
14.7 	 1.9515 	 0.0894603 	 0.431012 	 0.0529505 	 0.517093 	 0.0489353 	 1 	 4.66646e-16
14.8 	 1.94635 	 0.0895367 	 0.436334 	 0.0521424 	 0.530306 	 0.0484965 	 1 	 2.31111e-16
14.9 	 1.94138 	 0.0899054 	 0.442417 	 0.0524615 	 0.543177 	 0.0504123 	 1 	 2.50997e-16
15 	 1.93679 	 0.0905681 	 0.449623 	 0.0538653 	 0.555512 	 0.0547967 	 1 	 2.42674e-16
15.1 	 1.93275 	 0.0915007 	 0.458011 	 0.056279 	 0.567049 	 0.0610679 	 1 	 2.34056e-16
15.2 	 1.92942 	 0.0926512 	 0.467213 	 0.0595315 	 0.577411 	 0.0681948 	 1 	 4.00297e-16
15.3 	 1.92689 	 0.0939432 	 0.476373 	 0.0631441 	 0.586116 	 0.0750581 	 1 	 3.588e-16
15.4 	 1.92527 	 0.0952832 	 0.484221 	 0.0662941 	 0.592615 	 0.0806926 	 1 	 3.66355e-16
15.5 	 1.92461 	 0.0965703 	 0.489307 	 0.0680772 	 0.596375 	 0.0844118 	 1 	 2.74454e-16
15.6 	 1.92497 	 0.0977052 	 0.490372 	 0.0679175 	 0.596971 	 0.0858661 	 1 	 5.52639e-16
15.7 	 1.9264 	 0.0985995 	 0.486743 	 0.0658635 	 0.594162 	 0.0850549 	 1 	 4.76807e-16
15.8 	 1.9289 	 0.0991831 	 0.478587 	 0.0625816 	 0.587962 	 0.0822978 	 1 	 4.47163e-16
15.9 	 1.93247 	 0.0994101 	 0.466923 	 0.0590508 	 0.578655 	 0.0781684 	 1 	 3.05171e-16
16 	 1.93706 	 0.099264 	 0.453384 	 0.0561633 	 0.566779 	 0.0733974 	 1 	 4.33161e-16
16.1 	 1.94256 	 0.0987608 	 0.439817 	 0.0544857 	 0.553074 	 0.0687504 	 1 	 6.76336e-16
16.2 	 1.94885 	 0.0979487 	 0.427844 	 0.0542074 	 0.538405 	 0.0648874 	 1 	 3.09626e-16
16.3 	 1.95572 	 0.0969042 	 0.418529 	 0.0550908 	 0.523671 	 0.0622236 	 1 	 4.29988e-16
16.4 	 1.96297 	 0.0957259 	 0.412202 	 0.0564194 	 0.509723 	 0.0608463 	 1 	 4.36311e-16
16.5 	 1.97033 	 0.0945244 	 0.408491 	 0.057174 	 0.497306 	 0.0605469 	 1 	 4.71028e-16
16.6 	 1.97753 	 0.0934121 	 0.40653 	 0.0564606 	 0.487014 	 0.0609554 	 1 	 2.91397e-16
16.7 	 1.9843 	 0.0924929 	 0.405289 	 0.0539383 	 0.479277 	 0.0616863 	 1 	 6.18146e-16
16.8 	 1.99038 	 0.0918538 	 0.403901 	 0.0499914 	 0.474365 	 0.0624182 	 1 	 3.95131e-16
16.9 	 1.99556 	 0.0915571 	 0.401894 	 0.0455522 	 0.472402 	 0.062901 	 1 	 3.49127e-16
17 	 1.99966 	 0.0916351 	 0.399254 	 0.0416582 	 0.47337 	 0.0629412 	 1 	 3.51083e-16
17.1 	 2.0026 	 0.0920871 	 0.396354 	 0.0389736 	 0.477122 	 0.062419 	 1 	 3.62597e-16
17.2 	 2.00432 	 0.0928792 	 0.393821 	 0.0375698 	 0.483377 	 0.061359 	 1 	 3.05171e-16
17.3 	 2.00486 	 0.0939489 	 0.392404 	 0.0371676 	 0.491725 	 0.0600275 	 1 	 6.90365e-16
17.4 	 2.00427 	 0.0952127 	 0.392859 	 0.0377208 	 0.501633 	 0.0589815 	 1 	 3.02919e-16
17.5 	 2.0027 	 0.0965766 	 0.395808 	 0.0398642 	 0.512473 	 0.0589651 	 1 	 3.82808e-16
17.6 	 2.00028 	 0.0979461 	 0.40157 	 0.0445864 	 0.523561 	 0.0605913 	 1 	 1.69589e-16
17.7 	 1.99719 	 0.0992352 	 0.410002 	 0.0521148 	 0.534216 	 0.0639676 	 1 	 3.05171e-16
17.8 	 1.99363 	 0.100372 	 0.420425 	 0.0613021 	 0.543821 	 0.068593 	 1 	 3.47161e-16
17.9 	 1.9898 	 0.101304 	 0.431699 	 0.0701964 	 0.551873 	 0.0736098 	 1 	 4.36311e-16
18 	 1.98593 	 0.101995 	 0.44243 	 0.0769369 	 0.558023 	 0.0781543 	 1 	 5.14124e-16
18.1 	 1.98226 	 0.102426 	 0.451228 	 0.0803375 	 0.562086 	 0.0815771 	 1 	 2.71948e-16
18.2 	 1.97904 	 0.102593 	 0.456932 	 0.0800857 	 0.564034 	 0.0835027 	 1 	 4.5925e-16
18.3 	 1.97653 	 0.102498 	 0.458756 	 0.0766407 	 0.563963 	 0.0837838 	 1 	 3.24739e-16
18.4 	 1.97497 	 0.102151 	 0.456376 	 0.0709535 	 0.562055 	 0.0824116 	 1 	 3.26841e-16
18.5 	 1.97459 	 0.101568 	 0.449994 	 0.0641242 	 0.558543 	 0.0794346 	 1 	 4.69572e-16
18.6 	 1.97553 	 0.100765 	 0.44038 	 0.0570588 	 0.553674 	 0.074923 	 1 	 2.15789e-16
18.7 	 1.97789 	 0.099765 	 0.428845 	 0.0502183 	 0.547692 	 0.0689879 	 1 	 3.82808e-16
18.8 	 1.98167 	 0.0985964 	 0.41707 	 0.043649 	 0.540833 	 0.0618388 	 1 	 4.65176e-16
18.9 	 1.98677 	 0.0972933 	 0.406786 	 0.0374117 	 0.533334 	 0.0538491 	 1 	 5.53877e-16
19 	 1.99299 	 0.0958958 	 0.399371 	 0.0321996 	 0.52545 	 0.0456107 	 1 	 3.16192e-16
19.1 	 2.00007 	 0.0944479 	 0.395508 	 0.029531 	 0.517478 	 0.0379752 	 1 	 4.48691e-16
19.2 	 2.00767 	 0.0929951 	 0.395044 	 0.0305613 	 0.509769 	 0.0320512 	 1 	 5.66105e-16
19.3 	 2.01545 	 0.0915826 	 0.397092 	 0.0344281 	 0.502724 	 0.0289595 	 1 	 4.90959e-16
19.4 	 2.02306 	 0.0902528 	 0.400349 	 0.0390711 	 0.496779 	 0.0291096 	 1 	 3.68219e-16
19.5 	 2.03019 	 0.0890449 	 0.403486 	 0.0428666 	 0.492354 	 0.0317606 	 1 	 4.23569e-16
19.6 	 2.0366 	 0.0879941 	 0.405494 	 0.0450316 	 0.489805 	 0.0357487 	 1 	 3.09626e-16
19.7 	 2.04213 	 0.0871311 	 0.405878 	 0.0454704 	 0.489362 	 0.0402266 	 1 	 2.61682e-16
19.8 	 2.04669 	 0.0864817 	 0.404673 	 0.0445564 	 0.491083 	 0.044706 	 1 	 5.00627e-16
19.9 	 2.0503 	 0.0860655 	 0.402343 	 0.042922 	 0.494842 	 0.0488566 	 1 	 3.66355e-16
20 	 2.05305 	 0.0858947 	 0.399611 	 0.0412865 	 0.500337 	 0.052376 	 1 	 3.26841e-16
20.1 	 2.0551 	 0.0859731 	 0.397298 	 0.0403118 	 0.507141 	 0.0549713 	 1 	 4.10432e-16
20.2 	 2.05665 	 0.0862955 	 0.396174 	 0.0404124 	 0.514764 	 0.0564128 	 1 	 4.02004e-16
20.3 	 2.05794 	 0.0868485 	 0.396828 	 0.0415574 	 0.522719 	 0.0566087 	 1 	 6.78357e-16
20.4 	 2.0592 	 0.0876109 	 0.39955 	 0.0432761 	 0.53058 	 0.0556613 	 1 	 6.14814e-16
20.5 	 2.06064 	 0.0885555 	 0.404232 	 0.0449263 	 0.538007 	 0.0538826 	 1 	 5.28572e-16
20.6 	 2.06244 	 0.0896498 	 0.410353 	 0.0460004 	 0.544747 	 0.0517569 	 1 	 3.60704e-16
20.7 	 2.06474 	 0.090858 	 0.417067 	 0.0462883 	 0.550603 	 0.0498413 	 1 	 3.47161e-16
20.8 	 2.06761 	 0.0921413 	 0.423411 	 0.0459085 	 0.555396 	 0.0486095 	 1 	 5.03356e-16
20.9 	 2.07109 	 0.0934587 	 0.428539 	 0.0452778 	 0.558919 	 0.0482885 	 1 	 4.02004e-16
21 	 2.07517 	 0.0947683 	 0.431892 	 0.0449942 	 0.56092 	 0.0487832 	 1 	 3.73757e-16
21.1 	 2.07978 	 0.0960285 	 0.433214 	 0.0455416 	 0.561095 	 0.0497519 	 1 	 5.68519e-16
21.2 	 2.08485 	 0.0971998 	 0.432451 	 0.0469245 	 0.559122 	 0.0507736 	 1 	 2.8184e-16
21.3 	 2.09026 	 0.0982475 	 0.429613 	 0.0485921 	 0.554714 	 0.0515016 	 1 	 6.39918e-16
21.4 	 2.09589 	 0.0991432 	 0.424726 	 0.0497557 	 0.547702 	 0.0517454 	 1 	 6.58899e-16
21.5 	 2.1016 	 0.0998654 	 0.417886 	 0.0497969 	 0.5381 	 0.0514803 	 1 	 4.02004e-16
21.6 	 2.10725 	 0.1004 	 0.409387 	 0.0485054 	 0.526178 	 0.0508009 	 1 	 3.1835e-16
21.7 	 2.1127 	 0.100741 	 0.399783 	 0.0460992 	 0.51248 	 0.04984 	 1 	 3.41192e-16
21.8 	 2.11783 	 0.10089 	 0.389829 	 0.0430863 	 0.497811 	 0.0486888 	 1 	 5.10112e-16
21.9 	 2.12252 	 0.100855 	 0.380341 	 0.0400653 	 0.483171 	 0.0473668 	 1 	 3.86369e-16
22 	 2.12666 	 0.100653 	 0.372034 	 0.0375583 	 0.469642 	 0.0458725 	 1 	 5.94427e-16
22.1 	 2.13015 	 0.100308 	 0.365451 	 0.0359181 	 0.458262 	 0.0442982 	 1 	 3.64481e-16
22.2 	 2.1329 	 0.0998528 	 0.360967 	 0.0353226 	 0.449885 	 0.0429392 	 1 	 2.96059e-16
22.3 	 2.13483 	 0.099329 	 0.358823 	 0.0358168 	 0.44508 	 0.0422944 	 1 	 3.77403e-16
22.4 	 2.13589 	 0.0987821 	 0.359117 	 0.0372894 	 0.444068 	 0.0428746 	 1 	 4.28392e-16
22.5 	 2.13602 	 0.0982596 	 0.361745 	 0.0393658 	 0.446721 	 0.044882 	 1 	 5.23364e-16
22.6 	 2.13522 	 0.0978065 	 0.366348 	 0.0413915 	 0.452614 	 0.0480393 	 1 	 5.67313e-16
22.7 	 2.13352 	 0.0974599 	 0.372342 	 0.042637 	 0.461112 	 0.051744 	 1 	 3.81015e-16
22.8 	 2.13101 	 0.0972453 	 0.379055 	 0.0426595 	 0.471478 	 0.0553731 	 1 	 5.51398e-16
22.9 	 2.12783 	 0.0971738 	 0.385897 	 0.0416646 	 0.482973 	 0.0585029 	 1 	 4.34739e-16
23 	 2.12416 	 0.0972422 	 0.392492 	 0.040649 	 0.49493 	 0.060979 	 1 	 3.24739e-16
23.1 	 2.12022 	 0.097435 	 0.398684 	 0.0409695 	 0.506794 	 0.0628702 	 1 	 4.54755e-16
23.2 	 2.11625 	 0.0977278 	 0.40444 	 0.04327 	 0.518127 	 0.0643497 	 1 	 5.55112e-16
23.3 	 2.1125 	 0.0980935 	 0.409708 	 0.0468379 	 0.528591 	 0.0655554 	 1 	 3.70074e-16
23.4 	 2.10918 	 0.0985064 	 0.414328 	 0.05024 	 0.537916 	 0.0664915 	 1 	 8.45521e-16
23.5 	 2.10648 	 0.0989475 	 0.418041 	 0.0522686 	 0.54587 	 0.0670223 	 1 	 5.03356e-16
23.6 	 2.10455 	 0.0994066 	 0.420587 	 0.0523662 	 0.552245 	 0.0669615 	 1 	 2.98363e-16
23.7 	 2.10351 	 0.0998834 	 0.421828 	 0.0506929 	 0.556854 	 0.0662072 	 1 	 4.65176e-16
23.8 	 2.10341 	 0.100386 	 0.421823 	 0.0480808 	 0.559551 	 0.0648568 	 1 	 4.13756e-16
23.9 	 2.10427 	 0.10093 	 0.420812 	 0.0458205 	 0.560257 	 0.0632429 	 1 	 4.28392e-16
24 	 2.10611 	 0.101529 	 0.419105 	 0.0450725 	 0.558989 	 0.0618512 	 1 	 3.53028e-16
24.1 	 2.10888 	 0.102199 	 0.416951 	 0.0461131 	 0.555882 	 0.0611209 	 1 	 4.17053e-16
24.2 	 2.11254 	 0.102946 	 0.414436 	 0.0482456 	 0.55119 	 0.0612096 	 1 	 4.47163e-16
24.3 	 2.11704 	 0.103769 	 0.411479 	 0.0504897 	 0.545273 	 0.0618822 	 1 	 4.45629e-16
24.4 	 2.12231 	 0.104655 	 0.407909 	 0.0521414 	 0.538558 	 0.0626106 	 1 	 3.28929e-16
24.5 	 2.12827 	 0.105586 	 0.403598 	 0.052834 	 0.531495 	 0.0628019 	 1 	 3.31005e-16
24.6 	 2.13483 	 0.106534 	 0.398572 	 0.0524153 	 0.5245 	 0.0620025 	 1 	 4.40994e-16
24.7 	 2.14188 	 0.107467 	 0.393059 	 0.0508943 	 0.517917 	 0.0600025 	 1 	 4.33161e-16
24.8 	 2.14926 	 0.108353 	 0.387455 	 0.0484602 	 0.511987 	 0.056851 	 1 	 4.02004e-16
24.9 	 2.15682 	 0.109157 	 0.382231 	 0.045486 	 0.506838 	 0.0528215 	 1 	 3.9165e-16
25 	 2.16437 	 0.109847 	 0.377844 	 0.0424734 	 0.502498 	 0.0483658 	 1 	 3.77403e-16
25.1 	 2.17169 	 0.110393 	 0.374667 	 0.039957 	 0.498924 	 0.0440781 	 1 	 5.00627e-16
25.2 	 2.1786 	 0.11077 	 0.372954 	 0.0383985 	 0.496026 	 0.0406594 	 1 	 2.84259e-16
25.3 	 2.18489 	 0.110961 	 0.372826 	 0.0380799 	 0.493706 	 0.0388147 	 1 	 3.7192e-16
25.4 	 2.19041 	 0.110957 	 0.374253 	 0.0390212 	 0.491878 	 0.0390136 	 1 	 4.96507e-16
25.5 	 2.19503 	 0.110761 	 0.377033 	 0.0409982 	 0.490484 	 0.0412317 	 1 	 4.60739e-16
25.6 	 2.19869 	 0.110383 	 0.380786 	 0.0436397 	 0.48949 	 0.0449581 	 1 	 3.68219e-16
25.7 	 2.20137 	 0.109845 	 0.38498 	 0.0464936 	 0.488886 	 0.0494607 	 1 	 6.0016e-16
25.8 	 2.20311 	 0.109179 	 0.388996 	 0.049043 	 0.488665 	 0.0540254 	 1 	 3.79213e-16
25.9 	 2.20398 	 0.10842 	 0.392234 	 0.0507387 	 0.48882 	 0.0580547 	 1 	 6.44185e-16
26 	 2.20411 	 0.107614 	 0.394224 	 0.0510741 	 0.489328 	 0.0610898 	 1 	 4.85348e-16
26.1 	 2.20362 	 0.106807 	 0.394726 	 0.0497005 	 0.490153 	 0.0628211 	 1 	 4.71028e-16
26.2 	 2.20268 	 0.106048 	 0.393771 	 0.0465698 	 0.491248 	 0.063109 	 1 	 5.62464e-16
26.3 	 2.20141 	 0.105381 	 0.391667 	 0.0420584 	 0.49257 	 0.0620135 	 1 	 4.66646e-16
26.4 	 2.19997 	 0.104843 	 0.388932 	 0.0369903 	 0.494084 	 0.0598183 	 1 	 5.69722e-16
26.5 	 2.19847 	 0.104465 	 0.386195 	 0.032523 	 0.495778 	 0.0570299 	 1 	 5.60024e-16
26.6 	 2.197 	 0.104262 	 0.384077 	 0.0299339 	 0.497657 	 0.0543248 	 1 	 5.85139e-16
26.7 	 2.19563 	 0.104239 	 0.383073 	 0.0302426 	 0.499735 	 0.0524126 	 1 	 5.20741e-16
26.8 	 2.19439 	 0.10439 	 0.383463 	 0.0336092 	 0.502023 	 0.0518134 	 1 	 6.19253e-16
26.9 	 2.19331 	 0.104696 	 0.385256 	 0.0391311 	 0.504508 	 0.0526485 	 1 	 5.53877e-16
27 	 2.19235 	 0.105131 	 0.388172 	 0.0453766 	 0.507141 	 0.0546117 	 1 	 6.66134e-16
27.1 	 2.19148 	 0.105663 	 0.391676 	 0.0509644 	 0.509832 	 0.0571483 	 1 	 4.15407e-16
27.2 	 2.19064 	 0.106254 	 0.395072 	 0.0548795 	 0.512462 	 0.0596849 	 1 	 5.83967e-16
27.3 	 2.18977 	 0.106867 	 0.397669 	 0.0566265 	 0.514897 	 0.0617701 	 1 	 4.68111e-16
27.4 	 2.18882 	 0.107467 	 0.398975 	 0.0562594 	 0.517021 	 0.0631135 	 1 	 3.1183e-16
27.5 	 2.18774 	 0.108019 	 0.398838 	 0.0542541 	 0.518758 	 0.0635643 	 1 	 5.52639e-16
27.6 	 2.18651 	 0.108498 	 0.397481 	 0.0512144 	 0.520086 	 0.0630717 	 1 	 3.588e-16
27.7 	 2.18516 	 0.108885 	 0.395407 	 0.047547 	 0.521046 	 0.0616555 	 1 	 4.00297e-16
27.8 	 2.1837 	 0.109168 	 0.393225 	 0.0433977 	 0.521726 	 0.0594088 	 1 	 4.47163e-16
27.9 	 2.18221 	 0.109346 	 0.391478 	 0.0390071 	 0.522243 	 0.0565383 	 1 	 4.89562e-16
28 	 2.18077 	 0.109428 	 0.390546 	 0.0352312 	 0.522707 	 0.0534262 	 1 	 4.79671e-16
28.1 	 2.1795 	 0.109428 	 0.390623 	 0.0336159 	 0.523193 	 0.0506589 	 1 	 4.53247e-16
28.2 	 2.17849 	 0.109371 	 0.391742 	 0.0353365 	 0.523715 	 0.0489325 	 1 	 4.97884e-16
28.3 	 2.17787 	 0.109282 	 0.393776 	 0.0398468 	 0.524213 	 0.0487728 	 1 	 3.45182e-16
28.4 	 2.17773 	 0.10919 	 0.396424 	 0.0453502 	 0.524555 	 0.0502044 	 1 	 5.89801e-16
28.5 	 2.17817 	 0.109119 	 0.399207 	 0.050065 	 0.524556 	 0.0526942 	 1 	 3.53028e-16
28.6 	 2.17924 	 0.109093 	 0.401524 	 0.052752 	 0.52401 	 0.0554453 	 1 	 6.04706e-16
28.7 	 2.18094 	 0.109125 	 0.402779 	 0.0528498 	 0.522733 	 0.057759 	 1 	 4.99258e-16
28.8 	 2.18328 	 0.109223 	 0.402532 	 0.0505632 	 0.520604 	 0.0592399 	 1 	 5.67313e-16
28.9 	 2.18617 	 0.109383 	 0.400613 	 0.0468425 	 0.517604 	 0.0598304 	 1 	 6.87383e-16
29 	 2.18955 	 0.109594 	 0.397151 	 0.0431068 	 0.513824 	 0.059731 	 1 	 3.73757e-16
29.1 	 2.19329 	 0.109838 	 0.392521 	 0.040642 	 0.509468 	 0.0592567 	 1 	 5.95578e-16
29.2 	 2.19725 	 0.110092 	 0.387246 	 0.0399129 	 0.504823 	 0.058682 	 1 	 6.32383e-16
29.3 	 2.2013 	 0.110333 	 0.38191 	 0.0404458 	 0.500217 	 0.0581402 	 1 	 4.18691e-16
29.4 	 2.2053 	 0.110541 	 0.377091 	 0.0414601 	 0.495971 	 0.0576231 	 1 	 2.5371e-16
29.5 	 2.20913 	 0.110702 	 0.373312 	 0.0425003 	 0.492361 	 0.0570698 	 1 	 3.96861e-16
29.6 	 2.21267 	 0.110808 	 0.37099 	 0.0435678 	 0.489587 	 0.0564814 	 1 	 4.63702e-16
29.7 	 2.21586 	 0.110859 	 0.370356 	 0.044872 	 0.487769 	 0.0559895 	 1 	 6.56817e-16
29.8 	 2.21865 	 0.110859 	 0.371392 	 0.0465111 	 0.486958 	 0.0558372 	 1 	 4.90959e-16
29.9 	 2.22106 	 0.110814 	 0.373795 	 0.0483624 	 0.48716 	 0.0562745 	 1 	 6.0016e-16
30 	 2.22313 	 0.110733 	 0.37703 	 0.0502248 	 0.488353 	 0.057421 	 1 	 5.81617e-16
