time = tau * tau_parallel
rms: rms distance of hole to its origin
rms std: estimated standard error on the mean of rms from 200 samples
IPR: inverse participation ratio, IPR(tau) = sum_i (n_h(i,tau))^2, with hole density n_h(i,tau) at site i at time tau.
IPR std: estimated standard error on the mean of IPR from 200 samples
return prob: probability of the hole to return to its origin, n_h(0,tau).
return prob std: estimated standard error on the mean of return prob from 200 samples
leg imbalance: difference between the occupation in the two legs of the ladder (see Eq. (15) in the manuscript).
leg imbalance std: estimated standard error on the mean of leg imbalance from 200 samples


time, rms, rms std, IPR, IPR std, return prob, return prob std, leg imbalance, leg imbalance std
0 	 0 	 0 	 1 	 0 	 1 	 0 	 1 	 0
0.2 	 0.201224 	 4.1402e-12 	 0.92443 	 5.23364e-17 	 0.960684 	 1.17028e-16 	 1 	 1.81299e-16
0.4 	 0.401123 	 0.00100566 	 0.752092 	 0.00353986 	 0.856043 	 0.00242321 	 1 	 2.34056e-16
0.6 	 0.59705 	 0.00365525 	 0.585822 	 0.0126279 	 0.718852 	 0.0120773 	 1 	 2.5371e-16
0.8 	 0.784815 	 0.00810587 	 0.486026 	 0.023779 	 0.585304 	 0.0309766 	 1 	 3.66355e-16
1 	 0.959593 	 0.0140957 	 0.451919 	 0.0374922 	 0.481062 	 0.0550232 	 1 	 3.43193e-16
1.2 	 1.117 	 0.0210583 	 0.450214 	 0.0547385 	 0.416556 	 0.0754888 	 1 	 3.60704e-16
1.4 	 1.25356 	 0.0283203 	 0.447592 	 0.0677269 	 0.390651 	 0.0843314 	 1 	 3.79213e-16
1.6 	 1.36672 	 0.0353768 	 0.434224 	 0.0688412 	 0.396969 	 0.0794266 	 1 	 4.12097e-16
1.8 	 1.45521 	 0.0421133 	 0.422282 	 0.0608822 	 0.427887 	 0.0659408 	 1 	 3.75584e-16
2 	 1.51944 	 0.0488177 	 0.426306 	 0.0544608 	 0.474889 	 0.0528653 	 1 	 4.65176e-16
2.2 	 1.56179 	 0.0559478 	 0.451584 	 0.0550377 	 0.527463 	 0.0470169 	 1 	 3.588e-16
2.4 	 1.5864 	 0.0638067 	 0.49275 	 0.057238 	 0.573734 	 0.0499104 	 1 	 2.74454e-16
2.6 	 1.59879 	 0.0723145 	 0.533763 	 0.0605187 	 0.603776 	 0.0594785 	 1 	 4.29988e-16
2.8 	 1.60512 	 0.0809756 	 0.554161 	 0.0675006 	 0.613228 	 0.0718012 	 1 	 3.07407e-16
3 	 1.61077 	 0.0890782 	 0.544047 	 0.0759316 	 0.604057 	 0.083504 	 1 	 3.73757e-16
3.2 	 1.61883 	 0.0960251 	 0.513214 	 0.080492 	 0.582071 	 0.0930618 	 1 	 3.37154e-16
3.4 	 1.62932 	 0.101611 	 0.483075 	 0.0809091 	 0.553697 	 0.0996602 	 1 	 5.14124e-16
3.6 	 1.64016 	 0.106109 	 0.469738 	 0.0848388 	 0.524421 	 0.102653 	 1 	 3.89898e-16
3.8 	 1.64889 	 0.110112 	 0.473696 	 0.0869891 	 0.498915 	 0.102316 	 1 	 3.39179e-16
4 	 1.65409 	 0.114179 	 0.482583 	 0.0786257 	 0.481426 	 0.0992599 	 1 	 4.5925e-16
4.2 	 1.6558 	 0.118482 	 0.483794 	 0.0635512 	 0.475484 	 0.0930589 	 1 	 2.8184e-16
4.4 	 1.65514 	 0.122746 	 0.477185 	 0.0474836 	 0.483038 	 0.0837084 	 1 	 2.61682e-16
4.6 	 1.65382 	 0.126506 	 0.474679 	 0.0375215 	 0.503614 	 0.0746821 	 1 	 2.74454e-16
4.8 	 1.65358 	 0.12938 	 0.486068 	 0.0480168 	 0.533986 	 0.0717839 	 1 	 6.11463e-16
5 	 1.65591 	 0.131148 	 0.508404 	 0.0676057 	 0.568568 	 0.0763816 	 1 	 4.15407e-16
5.2 	 1.66205 	 0.131693 	 0.530319 	 0.0800863 	 0.600416 	 0.084274 	 1 	 3.70074e-16
5.4 	 1.673 	 0.130903 	 0.542701 	 0.0802916 	 0.622509 	 0.0915854 	 1 	 4.54755e-16
5.6 	 1.68906 	 0.128636 	 0.543736 	 0.0722811 	 0.629201 	 0.0963769 	 1 	 4.53247e-16
5.8 	 1.70918 	 0.12485 	 0.535243 	 0.066757 	 0.617817 	 0.0979954 	 1 	 2.02698e-16
6 	 1.7307 	 0.119818 	 0.517934 	 0.0655665 	 0.590035 	 0.0970742 	 1 	 3.49127e-16
6.2 	 1.75025 	 0.114148 	 0.4934 	 0.0619527 	 0.552179 	 0.0943375 	 1 	 5.61246e-16
6.4 	 1.76499 	 0.108551 	 0.466338 	 0.0540854 	 0.513663 	 0.0885173 	 1 	 5.31157e-16
6.6 	 1.77357 	 0.10355 	 0.442412 	 0.0456997 	 0.483816 	 0.0771098 	 1 	 2.31111e-16
6.8 	 1.77628 	 0.0993602 	 0.42899 	 0.0450831 	 0.468604 	 0.0615979 	 1 	 2.39836e-16
7 	 1.77461 	 0.0959429 	 0.434346 	 0.0489916 	 0.469153 	 0.0543733 	 1 	 4.0876e-16
7.2 	 1.77046 	 0.0930972 	 0.458606 	 0.0509325 	 0.482858 	 0.0672889 	 1 	 2.31111e-16
7.4 	 1.76524 	 0.0905099 	 0.490888 	 0.0610623 	 0.505725 	 0.0873923 	 1 	 2.89037e-16
7.6 	 1.7593 	 0.0878291 	 0.518391 	 0.0810861 	 0.533756 	 0.100377 	 1 	 4.20324e-16
7.8 	 1.75235 	 0.084802 	 0.532118 	 0.093416 	 0.562592 	 0.101754 	 1 	 3.89898e-16
8 	 1.74432 	 0.0814219 	 0.528379 	 0.0869424 	 0.58687 	 0.093613 	 1 	 2.18939e-16
8.2 	 1.73619 	 0.0779919 	 0.512719 	 0.0685378 	 0.601054 	 0.0810789 	 1 	 3.24739e-16
8.4 	 1.72987 	 0.0750367 	 0.497443 	 0.0535393 	 0.601735 	 0.0691452 	 1 	 4.39439e-16
8.6 	 1.72742 	 0.0730265 	 0.490744 	 0.0487665 	 0.589654 	 0.0609201 	 1 	 4.33161e-16
8.8 	 1.73017 	 0.0720272 	 0.491025 	 0.0496599 	 0.569803 	 0.0570398 	 1 	 3.20494e-16
9 	 1.7382 	 0.0716201 	 0.49191 	 0.0533042 	 0.549293 	 0.0562142 	 1 	 3.7192e-16
9.2 	 1.75008 	 0.0713002 	 0.489096 	 0.0557546 	 0.534103 	 0.0570167 	 1 	 3.66355e-16
9.4 	 1.76312 	 0.0709973 	 0.481202 	 0.0533297 	 0.526638 	 0.0575434 	 1 	 4.33161e-16
9.6 	 1.77413 	 0.0711701 	 0.468551 	 0.0508404 	 0.525655 	 0.0542797 	 1 	 3.1835e-16
9.8 	 1.78055 	 0.0723554 	 0.45628 	 0.0489241 	 0.528348 	 0.0454752 	 1 	 3.588e-16
10 	 1.78107 	 0.0746376 	 0.454431 	 0.0458646 	 0.532642 	 0.0378273 	 1 	 2.794e-16
10.2 	 1.77566 	 0.0776635 	 0.469231 	 0.0484385 	 0.5379 	 0.0442644 	 1 	 3.24739e-16
10.4 	 1.76512 	 0.0811373 	 0.495954 	 0.054374 	 0.544198 	 0.0586426 	 1 	 3.14018e-16
10.6 	 1.75067 	 0.085123 	 0.519374 	 0.051247 	 0.551576 	 0.0669366 	 1 	 3.02919e-16
10.8 	 1.73387 	 0.0898606 	 0.522939 	 0.0349006 	 0.559939 	 0.0643811 	 1 	 5.41372e-16
11 	 1.71656 	 0.0953963 	 0.506372 	 0.0344485 	 0.569167 	 0.0567987 	 1 	 3.07407e-16
11.2 	 1.70076 	 0.10133 	 0.489759 	 0.0512145 	 0.579078 	 0.0579348 	 1 	 3.62597e-16
11.4 	 1.68841 	 0.106839 	 0.491695 	 0.0567293 	 0.589381 	 0.0717969 	 1 	 4.0876e-16
11.6 	 1.68107 	 0.111043 	 0.51186 	 0.0650322 	 0.599651 	 0.0883843 	 1 	 1.69589e-16
11.8 	 1.67965 	 0.113482 	 0.537442 	 0.0792224 	 0.609058 	 0.100063 	 1 	 2.93737e-16
12 	 1.68434 	 0.114257 	 0.555576 	 0.0824072 	 0.616114 	 0.104291 	 1 	 3.28929e-16
12.2 	 1.69501 	 0.113813 	 0.560353 	 0.0753682 	 0.619001 	 0.10259 	 1 	 3.02919e-16
12.4 	 1.71168 	 0.112689 	 0.554389 	 0.0680846 	 0.616362 	 0.0991533 	 1 	 4.02004e-16
12.6 	 1.73457 	 0.111424 	 0.543218 	 0.0623566 	 0.607596 	 0.0970854 	 1 	 3.79213e-16
12.8 	 1.76362 	 0.110455 	 0.528658 	 0.0645579 	 0.592376 	 0.0960681 	 1 	 2.61682e-16
13 	 1.7977 	 0.109939 	 0.509574 	 0.0743416 	 0.570365 	 0.0942941 	 1 	 2.61682e-16
13.2 	 1.83423 	 0.109686 	 0.487119 	 0.0774294 	 0.542099 	 0.0910455 	 1 	 4.05396e-16
13.4 	 1.86941 	 0.109302 	 0.466259 	 0.072298 	 0.510445 	 0.0876652 	 1 	 3.588e-16
13.6 	 1.89923 	 0.10841 	 0.452028 	 0.0653587 	 0.48103 	 0.0864177 	 1 	 3.53028e-16
13.8 	 1.92059 	 0.106832 	 0.446176 	 0.0609022 	 0.460634 	 0.0873681 	 1 	 3.70074e-16
14 	 1.93214 	 0.104691 	 0.447943 	 0.0596239 	 0.45421 	 0.087255 	 1 	 3.22623e-16
14.2 	 1.93442 	 0.102397 	 0.45603 	 0.0632691 	 0.462475 	 0.0825438 	 1 	 3.77403e-16
14.4 	 1.92928 	 0.100537 	 0.468419 	 0.0699417 	 0.48195 	 0.0725175 	 1 	 4.54755e-16
14.6 	 1.91912 	 0.0996994 	 0.482049 	 0.0707071 	 0.507499 	 0.0595855 	 1 	 4.86757e-16
14.8 	 1.90634 	 0.100306 	 0.495742 	 0.0657968 	 0.535231 	 0.0500965 	 1 	 4.31577e-16
15 	 1.89298 	 0.102501 	 0.51213 	 0.0605532 	 0.563211 	 0.0549033 	 1 	 3.98582e-16
15.2 	 1.88052 	 0.106084 	 0.53363 	 0.0591504 	 0.589695 	 0.0735129 	 1 	 2.93737e-16
15.4 	 1.86988 	 0.110478 	 0.556067 	 0.0646025 	 0.611164 	 0.0929998 	 1 	 2.4548e-16
15.6 	 1.86157 	 0.114794 	 0.567322 	 0.0710641 	 0.622601 	 0.103832 	 1 	 2.48253e-16
15.8 	 1.85597 	 0.118027 	 0.556499 	 0.07091 	 0.620088 	 0.103086 	 1 	 3.14018e-16
16 	 1.8533 	 0.119369 	 0.526989 	 0.0681015 	 0.603583 	 0.0937867 	 1 	 3.84593e-16
16.2 	 1.85352 	 0.118544 	 0.496397 	 0.0686893 	 0.577592 	 0.0828594 	 1 	 4.66646e-16
16.4 	 1.85615 	 0.116017 	 0.480957 	 0.0717764 	 0.549209 	 0.0771034 	 1 	 4.81097e-16
16.6 	 1.86025 	 0.112849 	 0.48159 	 0.0708159 	 0.52503 	 0.0773437 	 1 	 3.60704e-16
16.8 	 1.86438 	 0.110253 	 0.485255 	 0.0603299 	 0.509132 	 0.0788821 	 1 	 3.20494e-16
17 	 1.86675 	 0.109131 	 0.479566 	 0.0462513 	 0.50309 	 0.0790319 	 1 	 4.37878e-16
17.2 	 1.86546 	 0.109806 	 0.464925 	 0.0391872 	 0.506929 	 0.07872 	 1 	 4.02004e-16
17.4 	 1.85911 	 0.111999 	 0.452456 	 0.0412397 	 0.51941 	 0.0785107 	 1 	 2.91397e-16
17.6 	 1.8473 	 0.11499 	 0.454575 	 0.0494788 	 0.537597 	 0.0786596 	 1 	 3.39179e-16
17.8 	 1.83095 	 0.11789 	 0.476194 	 0.0660472 	 0.557043 	 0.0815855 	 1 	 4.02004e-16
18 	 1.81212 	 0.119896 	 0.509193 	 0.0843294 	 0.573244 	 0.0882295 	 1 	 3.45182e-16
18.2 	 1.79366 	 0.120479 	 0.536809 	 0.0921406 	 0.583373 	 0.0947344 	 1 	 3.09626e-16
18.4 	 1.77855 	 0.119392 	 0.545464 	 0.0875082 	 0.586902 	 0.0963825 	 1 	 2.56395e-16
18.6 	 1.76913 	 0.116578 	 0.531681 	 0.0761219 	 0.584915 	 0.0905536 	 1 	 3.95131e-16
18.8 	 1.76637 	 0.112165 	 0.503399 	 0.0628572 	 0.578861 	 0.0768998 	 1 	 3.51083e-16
19 	 1.76956 	 0.106521 	 0.478485 	 0.047127 	 0.56969 	 0.059005 	 1 	 2.93737e-16
19.2 	 1.77665 	 0.100181 	 0.473435 	 0.0323063 	 0.557983 	 0.0462174 	 1 	 3.1835e-16
19.4 	 1.78516 	 0.0936599 	 0.487571 	 0.0363032 	 0.545019 	 0.0460047 	 1 	 4.69572e-16
19.6 	 1.79306 	 0.0873976 	 0.503712 	 0.0519166 	 0.533648 	 0.0517777 	 1 	 2.36963e-16
19.8 	 1.79922 	 0.0818891 	 0.506648 	 0.0596363 	 0.527571 	 0.057313 	 1 	 3.22623e-16
20 	 1.80332 	 0.0777504 	 0.495533 	 0.0528395 	 0.529184 	 0.0630662 	 1 	 4.07082e-16
20.2 	 1.80568 	 0.075569 	 0.479842 	 0.0380206 	 0.537996 	 0.0689294 	 1 	 2.76938e-16
20.4 	 1.80706 	 0.0756631 	 0.471637 	 0.0388583 	 0.551204 	 0.0734438 	 1 	 3.7192e-16
20.6 	 1.80852 	 0.0779738 	 0.479058 	 0.051693 	 0.565632 	 0.076712 	 1 	 5.51398e-16
20.8 	 1.81113 	 0.0820927 	 0.4987 	 0.0543193 	 0.578901 	 0.0790552 	 1 	 3.60704e-16
21 	 1.8157 	 0.0872979 	 0.517718 	 0.0474004 	 0.588839 	 0.0789459 	 1 	 3.98582e-16
21.2 	 1.82245 	 0.0926609 	 0.5267 	 0.045542 	 0.592252 	 0.0742059 	 1 	 2.76938e-16
21.4 	 1.83088 	 0.0973087 	 0.523238 	 0.0484406 	 0.584915 	 0.0638804 	 1 	 3.53028e-16
21.6 	 1.83978 	 0.100694 	 0.506428 	 0.0452968 	 0.563678 	 0.0503624 	 1 	 4.34739e-16
21.8 	 1.84744 	 0.102654 	 0.479666 	 0.0387893 	 0.529694 	 0.0434665 	 1 	 4.95126e-16
22 	 1.85208 	 0.10324 	 0.453615 	 0.0364523 	 0.490238 	 0.0527694 	 1 	 3.49127e-16
22.2 	 1.8522 	 0.102533 	 0.437861 	 0.0383645 	 0.456819 	 0.068825 	 1 	 2.86658e-16
22.4 	 1.8467 	 0.100649 	 0.435262 	 0.0438759 	 0.439971 	 0.0810224 	 1 	 4.07082e-16
22.6 	 1.83501 	 0.0978806 	 0.444951 	 0.0530069 	 0.444149 	 0.0865412 	 1 	 4.12097e-16
22.8 	 1.81721 	 0.0947688 	 0.46276 	 0.0584436 	 0.466343 	 0.0863919 	 1 	 3.77403e-16
23 	 1.79443 	 0.091997 	 0.48134 	 0.0558879 	 0.498878 	 0.0823308 	 1 	 4.99258e-16
23.2 	 1.76887 	 0.0901609 	 0.49577 	 0.0542857 	 0.533694 	 0.0764425 	 1 	 5.1279e-16
23.4 	 1.74352 	 0.0895638 	 0.506229 	 0.056491 	 0.565083 	 0.0714319 	 1 	 3.68219e-16
23.6 	 1.72139 	 0.0901079 	 0.513713 	 0.0537614 	 0.590055 	 0.0689295 	 1 	 3.588e-16
23.8 	 1.70495 	 0.0913086 	 0.518176 	 0.0465754 	 0.607398 	 0.0684974 	 1 	 4.96507e-16
24 	 1.69585 	 0.0924875 	 0.521568 	 0.0429793 	 0.616839 	 0.0704042 	 1 	 2.09346e-16
24.2 	 1.69502 	 0.0930868 	 0.526191 	 0.0496535 	 0.618795 	 0.0757439 	 1 	 5.38836e-16
24.4 	 1.70283 	 0.0928844 	 0.529179 	 0.0587534 	 0.614342 	 0.0822357 	 1 	 3.28929e-16
24.6 	 1.71912 	 0.0919895 	 0.524597 	 0.0615987 	 0.604884 	 0.0849412 	 1 	 3.60704e-16
24.8 	 1.74291 	 0.0907004 	 0.510534 	 0.0577644 	 0.591639 	 0.0804686 	 1 	 2.8184e-16
25 	 1.77198 	 0.0892989 	 0.491117 	 0.0500951 	 0.575458 	 0.0688044 	 1 	 2.69418e-16
25.2 	 1.80286 	 0.0878561 	 0.473999 	 0.0406886 	 0.557234 	 0.0548738 	 1 	 2.02698e-16
25.4 	 1.83148 	 0.0862201 	 0.465352 	 0.0352614 	 0.538368 	 0.0498471 	 1 	 5.57573e-16
25.6 	 1.85438 	 0.0842135 	 0.464998 	 0.0382188 	 0.520755 	 0.0583067 	 1 	 2.18939e-16
25.8 	 1.86972 	 0.0818376 	 0.46858 	 0.0481667 	 0.506297 	 0.0692105 	 1 	 3.09626e-16
26 	 1.87746 	 0.079338 	 0.473017 	 0.0600449 	 0.496408 	 0.073848 	 1 	 5.43896e-16
26.2 	 1.87879 	 0.0771225 	 0.476423 	 0.0623437 	 0.491821 	 0.0702063 	 1 	 3.14018e-16
26.4 	 1.87534 	 0.0755676 	 0.476915 	 0.0504046 	 0.492694 	 0.060733 	 1 	 3.75584e-16
26.6 	 1.8685 	 0.0748457 	 0.475603 	 0.0351744 	 0.498907 	 0.053178 	 1 	 4.17053e-16
26.8 	 1.85908 	 0.0749142 	 0.47714 	 0.0327376 	 0.510242 	 0.0579459 	 1 	 1.85037e-16
27 	 1.84722 	 0.0756303 	 0.485439 	 0.0427861 	 0.526064 	 0.0736473 	 1 	 4.39439e-16
27.2 	 1.83268 	 0.0768372 	 0.500441 	 0.0585624 	 0.544714 	 0.0906946 	 1 	 3.22623e-16
27.4 	 1.8153 	 0.0783651 	 0.516768 	 0.0718428 	 0.563359 	 0.102906 	 1 	 3.1183e-16
27.6 	 1.7953 	 0.07999 	 0.526364 	 0.075014 	 0.578768 	 0.107366 	 1 	 4.57757e-16
27.8 	 1.77345 	 0.081399 	 0.526578 	 0.0672782 	 0.588561 	 0.102801 	 1 	 3.79213e-16
28 	 1.75107 	 0.0822182 	 0.522537 	 0.0503051 	 0.592121 	 0.090468 	 1 	 2.12592e-16
28.2 	 1.7299 	 0.0821439 	 0.52025 	 0.041483 	 0.59074 	 0.0781655 	 1 	 2.15789e-16
28.4 	 1.71182 	 0.0811242 	 0.522006 	 0.0647772 	 0.586873 	 0.0798242 	 1 	 3.0065e-16
28.6 	 1.69823 	 0.0794343 	 0.526178 	 0.0942753 	 0.582619 	 0.0959963 	 1 	 2.25107e-16
28.8 	 1.68954 	 0.0775147 	 0.527888 	 0.10907 	 0.578254 	 0.112477 	 1 	 2.34056e-16
29 	 1.68519 	 0.0756551 	 0.523396 	 0.102208 	 0.572194 	 0.120449 	 1 	 4.44089e-16
29.2 	 1.68415 	 0.0738354 	 0.513999 	 0.0792366 	 0.562817 	 0.11858 	 1 	 3.45182e-16
29.4 	 1.68506 	 0.0719038 	 0.503269 	 0.0568064 	 0.550615 	 0.108322 	 1 	 5.27275e-16
29.6 	 1.68627 	 0.0698581 	 0.493388 	 0.0489322 	 0.538689 	 0.0922591 	 1 	 3.41192e-16
29.8 	 1.68606 	 0.0679069 	 0.487127 	 0.048083 	 0.531329 	 0.0759829 	 1 	 4.96507e-16
30 	 1.68352 	 0.0663077 	 0.489405 	 0.0530981 	 0.532072 	 0.0682738 	 1 	 2.98363e-16
30.2 	 1.67928 	 0.0651971 	 0.501258 	 0.0656365 	 0.542403 	 0.0715687 	 1 	 2.74454e-16
30.4 	 1.67545 	 0.0645661 	 0.515947 	 0.0722885 	 0.561186 	 0.076159 	 1 	 3.66355e-16
30.6 	 1.67455 	 0.0643102 	 0.527264 	 0.064381 	 0.58468 	 0.0732207 	 1 	 2.31111e-16
30.8 	 1.67801 	 0.0642095 	 0.535719 	 0.0503918 	 0.607354 	 0.0626011 	 1 	 2.56395e-16
31 	 1.68543 	 0.0638892 	 0.541104 	 0.0452481 	 0.623404 	 0.0509428 	 1 	 3.62597e-16
31.2 	 1.69489 	 0.0629512 	 0.53928 	 0.0433476 	 0.628364 	 0.0440765 	 1 	 3.1835e-16
31.4 	 1.70417 	 0.0612424 	 0.530147 	 0.0358048 	 0.620242 	 0.0401669 	 1 	 3.1835e-16
31.6 	 1.7121 	 0.0589774 	 0.51844 	 0.0288919 	 0.600042 	 0.0353816 	 1 	 3.66355e-16
31.8 	 1.71915 	 0.0566067 	 0.50686 	 0.0279436 	 0.571611 	 0.0313818 	 1 	 2.91397e-16
32 	 1.72689 	 0.0546174 	 0.495647 	 0.0270705 	 0.540762 	 0.0340734 	 1 	 2.48253e-16
32.2 	 1.73679 	 0.0533933 	 0.485474 	 0.0254919 	 0.513963 	 0.044315 	 1 	 3.68219e-16
32.4 	 1.74926 	 0.0531062 	 0.477413 	 0.0292077 	 0.497055 	 0.0574879 	 1 	 5.56344e-16
32.6 	 1.76348 	 0.0537498 	 0.472885 	 0.0350448 	 0.494061 	 0.0705132 	 1 	 4.97884e-16
32.8 	 1.77773 	 0.055343 	 0.472952 	 0.0443682 	 0.505885 	 0.0816038 	 1 	 4.37878e-16
33 	 1.79011 	 0.0579554 	 0.477614 	 0.0587619 	 0.529382 	 0.0884154 	 1 	 4.05396e-16
33.2 	 1.79902 	 0.0614349 	 0.487288 	 0.0669509 	 0.557815 	 0.0884501 	 1 	 3.49127e-16
33.4 	 1.80375 	 0.0652734 	 0.501944 	 0.062023 	 0.582984 	 0.0810963 	 1 	 3.26841e-16
33.6 	 1.80475 	 0.0688814 	 0.517916 	 0.0513742 	 0.598051 	 0.0695856 	 1 	 4.15407e-16
33.8 	 1.8037 	 0.0719829 	 0.528729 	 0.0510517 	 0.599662 	 0.0611961 	 1 	 3.79213e-16
34 	 1.80319 	 0.0747316 	 0.529001 	 0.0575989 	 0.588542 	 0.0613233 	 1 	 2.93737e-16
34.2 	 1.80613 	 0.0774314 	 0.517386 	 0.057066 	 0.568539 	 0.0654164 	 1 	 2.91397e-16
34.4 	 1.81481 	 0.0801522 	 0.498032 	 0.0526051 	 0.54468 	 0.0655673 	 1 	 3.14018e-16
34.6 	 1.82982 	 0.0827247 	 0.478403 	 0.0519912 	 0.521402 	 0.0596317 	 1 	 4.89562e-16
34.8 	 1.84963 	 0.0851098 	 0.464603 	 0.0498539 	 0.501983 	 0.0530914 	 1 	 3.16192e-16
35 	 1.87088 	 0.0876153 	 0.458603 	 0.040489 	 0.489117 	 0.0538354 	 1 	 2.31111e-16
35.2 	 1.88951 	 0.0907052 	 0.458281 	 0.0377316 	 0.485411 	 0.060711 	 1 	 3.47161e-16
35.4 	 1.90215 	 0.0946761 	 0.460491 	 0.0505079 	 0.492813 	 0.0675138 	 1 	 4.56258e-16
35.6 	 1.90726 	 0.0995156 	 0.465573 	 0.061349 	 0.511229 	 0.0725292 	 1 	 4.54755e-16
35.8 	 1.90557 	 0.104942 	 0.477136 	 0.0648524 	 0.537538 	 0.0762989 	 1 	 3.64481e-16
36 	 1.89982 	 0.11052 	 0.495645 	 0.0666874 	 0.566073 	 0.0780709 	 1 	 2.74454e-16
36.2 	 1.89389 	 0.115813 	 0.513959 	 0.0687934 	 0.590658 	 0.077836 	 1 	 4.40994e-16
36.4 	 1.89146 	 0.120507 	 0.522616 	 0.0719508 	 0.607092 	 0.0787087 	 1 	 3.1183e-16
36.6 	 1.89502 	 0.124448 	 0.520464 	 0.0760669 	 0.614227 	 0.0834144 	 1 	 3.51083e-16
36.8 	 1.90533 	 0.127588 	 0.515609 	 0.0741701 	 0.612682 	 0.0891009 	 1 	 2.98363e-16
37 	 1.92152 	 0.129938 	 0.513934 	 0.0642795 	 0.602493 	 0.0901021 	 1 	 3.56887e-16
37.2 	 1.94152 	 0.131537 	 0.511911 	 0.0543642 	 0.582261 	 0.0846657 	 1 	 4.5925e-16
37.4 	 1.96273 	 0.132414 	 0.502204 	 0.0531262 	 0.550982 	 0.0764141 	 1 	 2.74454e-16
37.6 	 1.98258 	 0.132577 	 0.482249 	 0.0529006 	 0.511017 	 0.0687162 	 1 	 4.34739e-16
37.8 	 1.99896 	 0.132074 	 0.45785 	 0.044646 	 0.469465 	 0.0607483 	 1 	 4.05396e-16
38 	 2.01029 	 0.131117 	 0.439122 	 0.0362955 	 0.436505 	 0.0535189 	 1 	 4.20324e-16
38.2 	 2.0156 	 0.130097 	 0.430653 	 0.0360067 	 0.421479 	 0.0531757 	 1 	 3.47161e-16
38.4 	 2.01451 	 0.129382 	 0.430229 	 0.037528 	 0.428879 	 0.060683 	 1 	 4.13756e-16
38.6 	 2.00726 	 0.129062 	 0.438128 	 0.0400967 	 0.456414 	 0.069923 	 1 	 5.03356e-16
38.8 	 1.99449 	 0.128899 	 0.456964 	 0.0545012 	 0.496104 	 0.0770403 	 1 	 3.7192e-16
39 	 1.97703 	 0.128528 	 0.482428 	 0.0738647 	 0.537578 	 0.0807645 	 1 	 3.98582e-16
39.2 	 1.95579 	 0.127737 	 0.5042 	 0.0783174 	 0.571681 	 0.0803209 	 1 	 3.7192e-16
39.4 	 1.93195 	 0.126626 	 0.514659 	 0.0691703 	 0.592861 	 0.0761548 	 1 	 4.17053e-16
39.6 	 1.90726 	 0.125556 	 0.513891 	 0.0655686 	 0.599902 	 0.0709214 	 1 	 4.2195e-16
39.8 	 1.88419 	 0.124956 	 0.508886 	 0.0688604 	 0.595182 	 0.067479 	 1 	 3.77403e-16
40 	 1.86574 	 0.125115 	 0.506151 	 0.0643948 	 0.582853 	 0.0652019 	 1 	 2.91397e-16
40.2 	 1.85478 	 0.126101 	 0.504909 	 0.0501191 	 0.56685 	 0.0623103 	 1 	 2.39836e-16
40.4 	 1.85294 	 0.127858 	 0.500362 	 0.0452768 	 0.549988 	 0.0631811 	 1 	 3.96861e-16
40.6 	 1.85938 	 0.130367 	 0.491114 	 0.0575213 	 0.534465 	 0.0753878 	 1 	 4.34739e-16
40.8 	 1.8705 	 0.133621 	 0.481189 	 0.0717234 	 0.522682 	 0.096 	 1 	 3.62597e-16
41 	 1.88121 	 0.137417 	 0.476138 	 0.0830433 	 0.517013 	 0.115962 	 1 	 4.26791e-16
41.2 	 1.887 	 0.141173 	 0.477897 	 0.0919941 	 0.518501 	 0.129796 	 1 	 3.53028e-16
41.4 	 1.88575 	 0.144048 	 0.483785 	 0.0993431 	 0.525754 	 0.135784 	 1 	 1.61312e-16
41.6 	 1.87809 	 0.145316 	 0.489859 	 0.104128 	 0.535278 	 0.133092 	 1 	 5.27275e-16
41.8 	 1.8668 	 0.144734 	 0.494131 	 0.0994199 	 0.543287 	 0.121229 	 1 	 3.22623e-16
42 	 1.85545 	 0.142612 	 0.49773 	 0.0790334 	 0.547866 	 0.103396 	 1 	 4.00297e-16
42.2 	 1.84697 	 0.139557 	 0.502837 	 0.056152 	 0.549901 	 0.0898578 	 1 	 3.53028e-16
42.4 	 1.84263 	 0.136102 	 0.508245 	 0.0556275 	 0.551957 	 0.0905148 	 1 	 2.59052e-16
42.6 	 1.84186 	 0.132447 	 0.510728 	 0.0649726 	 0.555956 	 0.0994583 	 1 	 3.07407e-16
42.8 	 1.84304 	 0.128474 	 0.511282 	 0.0668312 	 0.56158 	 0.104854 	 1 	 2.02698e-16
43 	 1.84455 	 0.123969 	 0.513676 	 0.0614332 	 0.566622 	 0.10316 	 1 	 2.91397e-16
43.2 	 1.84537 	 0.118848 	 0.517977 	 0.054827 	 0.568795 	 0.0971945 	 1 	 3.88137e-16
43.4 	 1.8451 	 0.113289 	 0.521065 	 0.0525402 	 0.567454 	 0.0896535 	 1 	 3.88137e-16
43.6 	 1.84392 	 0.107719 	 0.520532 	 0.0527051 	 0.564033 	 0.0803214 	 1 	 4.17053e-16
43.8 	 1.8426 	 0.102745 	 0.516186 	 0.0523425 	 0.560958 	 0.0705584 	 1 	 4.20324e-16
44 	 1.84229 	 0.0989883 	 0.511074 	 0.054894 	 0.559871 	 0.0681419 	 1 	 1.92296e-16
44.2 	 1.844 	 0.0968893 	 0.508566 	 0.0613431 	 0.560609 	 0.077211 	 1 	 3.51083e-16
44.4 	 1.84798 	 0.0966072 	 0.507687 	 0.0663338 	 0.56186 	 0.0885278 	 1 	 4.00297e-16
44.6 	 1.85368 	 0.0980823 	 0.505758 	 0.0650884 	 0.562824 	 0.0929056 	 1 	 3.66355e-16
44.8 	 1.86017 	 0.101098 	 0.503378 	 0.0582581 	 0.564027 	 0.0886112 	 1 	 4.57757e-16
45 	 1.86664 	 0.105277 	 0.50279 	 0.0529774 	 0.566449 	 0.0787147 	 1 	 2.76938e-16
45.2 	 1.87258 	 0.110134 	 0.504319 	 0.0544119 	 0.570029 	 0.0673421 	 1 	 2.66864e-16
45.4 	 1.87778 	 0.115183 	 0.505924 	 0.0590268 	 0.573227 	 0.0586974 	 1 	 3.56887e-16
45.6 	 1.88225 	 0.11995 	 0.504705 	 0.0620476 	 0.57391 	 0.0575246 	 1 	 2.86658e-16
45.8 	 1.88624 	 0.123884 	 0.50007 	 0.0621432 	 0.570593 	 0.0653406 	 1 	 4.13756e-16
46 	 1.89014 	 0.126381 	 0.495629 	 0.0637457 	 0.563129 	 0.0773607 	 1 	 5.28572e-16
46.2 	 1.89439 	 0.126975 	 0.49635 	 0.0670315 	 0.552643 	 0.0873009 	 1 	 2.74454e-16
46.4 	 1.89913 	 0.125525 	 0.502288 	 0.0713073 	 0.540868 	 0.0910259 	 1 	 3.0065e-16
46.6 	 1.90385 	 0.122269 	 0.505862 	 0.0797543 	 0.529423 	 0.0867029 	 1 	 3.53028e-16
46.8 	 1.90729 	 0.117733 	 0.499404 	 0.0834108 	 0.519583 	 0.0745284 	 1 	 4.29988e-16
47 	 1.90799 	 0.112589 	 0.484943 	 0.0726687 	 0.512515 	 0.0581962 	 1 	 4.34739e-16
47.2 	 1.90512 	 0.107521 	 0.472118 	 0.0559004 	 0.509199 	 0.0482836 	 1 	 3.9165e-16
47.4 	 1.89905 	 0.103059 	 0.468779 	 0.0494244 	 0.509825 	 0.0550941 	 1 	 4.15407e-16
47.6 	 1.89112 	 0.0994517 	 0.475824 	 0.0487859 	 0.513607 	 0.0693321 	 1 	 3.02919e-16
47.8 	 1.88305 	 0.0967039 	 0.486905 	 0.0467537 	 0.519732 	 0.078555 	 1 	 4.13756e-16
48 	 1.87635 	 0.0947674 	 0.494362 	 0.0413167 	 0.528454 	 0.0784538 	 1 	 3.22623e-16
48.2 	 1.87205 	 0.0936528 	 0.497318 	 0.0318995 	 0.54071 	 0.0709538 	 1 	 4.17053e-16
48.4 	 1.87078 	 0.0933524 	 0.49975 	 0.0360805 	 0.556328 	 0.063428 	 1 	 2.91397e-16
48.6 	 1.87272 	 0.0937325 	 0.503462 	 0.0515978 	 0.572774 	 0.0661353 	 1 	 4.50215e-16
48.8 	 1.87752 	 0.0945392 	 0.507868 	 0.0620748 	 0.585858 	 0.0801372 	 1 	 4.50215e-16
49 	 1.88416 	 0.0955165 	 0.51122 	 0.0698186 	 0.591758 	 0.0949758 	 1 	 4.62223e-16
49.2 	 1.89103 	 0.0965404 	 0.510742 	 0.0762587 	 0.588693 	 0.101281 	 1 	 3.41192e-16
49.4 	 1.89628 	 0.097627 	 0.506181 	 0.0764763 	 0.577293 	 0.096781 	 1 	 2.98363e-16
49.6 	 1.8986 	 0.0988067 	 0.499461 	 0.0694646 	 0.559874 	 0.0870079 	 1 	 2.39836e-16
49.8 	 1.89772 	 0.100041 	 0.490132 	 0.0568814 	 0.539481 	 0.081201 	 1 	 4.78241e-16
50 	 1.89426 	 0.101257 	 0.478142 	 0.0412827 	 0.519435 	 0.0826277 	 1 	 4.07082e-16
50.2 	 1.8891 	 0.102354 	 0.468439 	 0.0313824 	 0.503422 	 0.085547 	 1 	 3.88137e-16
50.4 	 1.88298 	 0.103131 	 0.465532 	 0.0317734 	 0.495291 	 0.0840904 	 1 	 4.47163e-16
50.6 	 1.87644 	 0.103267 	 0.467599 	 0.0311273 	 0.497839 	 0.076663 	 1 	 3.45182e-16
50.8 	 1.87002 	 0.102476 	 0.471083 	 0.0324715 	 0.511106 	 0.0644008 	 1 	 4.15407e-16
51 	 1.86423 	 0.100684 	 0.475899 	 0.0395665 	 0.531666 	 0.051881 	 1 	 1.77481e-16
51.2 	 1.85915 	 0.0981052 	 0.482869 	 0.0445303 	 0.553816 	 0.0514701 	 1 	 3.56887e-16
51.4 	 1.85448 	 0.0951379 	 0.491213 	 0.053201 	 0.571962 	 0.069039 	 1 	 4.57757e-16
51.6 	 1.84996 	 0.0921652 	 0.500074 	 0.073904 	 0.582637 	 0.0920494 	 1 	 2.84259e-16
51.8 	 1.84608 	 0.0894207 	 0.507504 	 0.09054 	 0.585135 	 0.109708 	 1 	 2.4548e-16
52 	 1.84414 	 0.0870347 	 0.509283 	 0.0907262 	 0.580786 	 0.117332 	 1 	 3.7192e-16
52.2 	 1.8457 	 0.085194 	 0.503699 	 0.0790475 	 0.571668 	 0.114498 	 1 	 4.20324e-16
52.4 	 1.85165 	 0.084227 	 0.494394 	 0.0649246 	 0.559687 	 0.1034 	 1 	 4.15407e-16
52.6 	 1.86152 	 0.084492 	 0.485387 	 0.0528838 	 0.546438 	 0.0873135 	 1 	 2.89037e-16
52.8 	 1.87345 	 0.0861451 	 0.477458 	 0.0457317 	 0.533528 	 0.0700473 	 1 	 3.39179e-16
53 	 1.88495 	 0.0889731 	 0.470504 	 0.0444926 	 0.5227 	 0.0561436 	 1 	 2.09346e-16
53.2 	 1.89405 	 0.0923674 	 0.464858 	 0.0428751 	 0.515495 	 0.0497287 	 1 	 3.82808e-16
53.4 	 1.89989 	 0.0954293 	 0.460795 	 0.0394733 	 0.512722 	 0.0526037 	 1 	 3.41192e-16
53.6 	 1.9024 	 0.0972661 	 0.460138 	 0.0424969 	 0.514159 	 0.0640717 	 1 	 2.71948e-16
53.8 	 1.90151 	 0.0974292 	 0.465662 	 0.0474558 	 0.518811 	 0.0791825 	 1 	 3.20494e-16
54 	 1.89676 	 0.0961795 	 0.476987 	 0.0451033 	 0.525609 	 0.0901387 	 1 	 3.14018e-16
54.2 	 1.88782 	 0.0943088 	 0.490255 	 0.041884 	 0.533943 	 0.0921029 	 1 	 4.88162e-16
54.4 	 1.87519 	 0.0926472 	 0.501654 	 0.0503727 	 0.54338 	 0.0869606 	 1 	 3.88137e-16
54.6 	 1.86048 	 0.0916282 	 0.509515 	 0.0609505 	 0.552786 	 0.0815632 	 1 	 3.70074e-16
54.8 	 1.84601 	 0.091166 	 0.514084 	 0.0615026 	 0.560019 	 0.0795224 	 1 	 2.794e-16
55 	 1.83404 	 0.0908602 	 0.515207 	 0.0515495 	 0.562882 	 0.0771283 	 1 	 4.86757e-16
55.2 	 1.8261 	 0.0903508 	 0.512681 	 0.0410608 	 0.56055 	 0.0724542 	 1 	 4.29988e-16
55.4 	 1.82266 	 0.0895668 	 0.509626 	 0.0392859 	 0.554113 	 0.070547 	 1 	 3.56887e-16
55.6 	 1.82323 	 0.0887392 	 0.508549 	 0.0425901 	 0.545949 	 0.0730473 	 1 	 5.19424e-16
55.8 	 1.82683 	 0.088243 	 0.505703 	 0.0469832 	 0.538766 	 0.0724115 	 1 	 3.24739e-16
56 	 1.83238 	 0.0884286 	 0.497056 	 0.0480562 	 0.534884 	 0.0637315 	 1 	 5.4766e-16
56.2 	 1.83878 	 0.0895328 	 0.484921 	 0.0442785 	 0.535665 	 0.0524939 	 1 	 3.1183e-16
56.4 	 1.84478 	 0.0916398 	 0.474924 	 0.0448147 	 0.541062 	 0.0519847 	 1 	 4.51733e-16
56.6 	 1.84905 	 0.094647 	 0.472652 	 0.0528888 	 0.549622 	 0.0657895 	 1 	 4.33161e-16
56.8 	 1.85054 	 0.0982448 	 0.481261 	 0.0644932 	 0.558991 	 0.0845457 	 1 	 5.15454e-16
57 	 1.84881 	 0.10195 	 0.496649 	 0.0763582 	 0.566595 	 0.102397 	 1 	 2.69418e-16
57.2 	 1.84411 	 0.105223 	 0.509124 	 0.0870437 	 0.570361 	 0.117283 	 1 	 3.20494e-16
57.4 	 1.83719 	 0.107625 	 0.512373 	 0.0947475 	 0.569519 	 0.126786 	 1 	 3.09626e-16
57.6 	 1.82909 	 0.108911 	 0.50756 	 0.0923329 	 0.565022 	 0.127541 	 1 	 4.03703e-16
57.8 	 1.82064 	 0.109016 	 0.499932 	 0.0797105 	 0.558942 	 0.117697 	 1 	 2.84259e-16
58 	 1.81221 	 0.108008 	 0.494143 	 0.0650742 	 0.553193 	 0.0984502 	 1 	 4.12097e-16
58.2 	 1.80367 	 0.106086 	 0.490917 	 0.0516441 	 0.548849 	 0.0737465 	 1 	 3.84593e-16
58.4 	 1.79487 	 0.10356 	 0.487976 	 0.039194 	 0.546531 	 0.0514829 	 1 	 4.54755e-16
58.6 	 1.78593 	 0.100757 	 0.485798 	 0.0406753 	 0.546927 	 0.0463092 	 1 	 4.02004e-16
58.8 	 1.77729 	 0.0979292 	 0.489452 	 0.0559372 	 0.550491 	 0.0589813 	 1 	 3.53028e-16
59 	 1.76961 	 0.0952596 	 0.501619 	 0.0660066 	 0.55676 	 0.0703467 	 1 	 4.15407e-16
59.2 	 1.76361 	 0.0929385 	 0.516558 	 0.0590801 	 0.564283 	 0.06897 	 1 	 3.05171e-16
59.4 	 1.76007 	 0.0912117 	 0.525046 	 0.0376781 	 0.571291 	 0.0528712 	 1 	 4.26791e-16
59.6 	 1.75951 	 0.0903379 	 0.524126 	 0.0274259 	 0.576478 	 0.0298972 	 1 	 3.45182e-16
59.8 	 1.76185 	 0.0904837 	 0.518558 	 0.0393725 	 0.579458 	 0.0278842 	 1 	 3.77403e-16
60 	 1.7663 	 0.0916467 	 0.51367 	 0.0473294 	 0.580807 	 0.0487854 	 1 	 3.49127e-16
60.2 	 1.7718 	 0.0936013 	 0.511127 	 0.0528989 	 0.581543 	 0.0682458 	 1 	 2.74454e-16
60.4 	 1.77763 	 0.0958256 	 0.511088 	 0.0628588 	 0.58212 	 0.0831417 	 1 	 4.29988e-16
60.6 	 1.78371 	 0.0975568 	 0.512673 	 0.0704327 	 0.581728 	 0.0921119 	 1 	 3.56887e-16
60.8 	 1.79031 	 0.0981605 	 0.511752 	 0.0678993 	 0.578867 	 0.0919124 	 1 	 3.33067e-16
61 	 1.7976 	 0.0975733 	 0.50405 	 0.0558774 	 0.572983 	 0.0819249 	 1 	 4.45629e-16
61.2 	 1.80526 	 0.09631 	 0.491523 	 0.0441791 	 0.56572 	 0.0680776 	 1 	 2.91397e-16
61.4 	 1.81258 	 0.0949773 	 0.481643 	 0.0459605 	 0.560364 	 0.0620547 	 1 	 3.1835e-16
61.6 	 1.81894 	 0.0938067 	 0.480916 	 0.0576238 	 0.559533 	 0.069788 	 1 	 3.51083e-16
61.8 	 1.82431 	 0.0926069 	 0.49111 	 0.0667487 	 0.562801 	 0.0836785 	 1 	 2.93737e-16
62 	 1.8294 	 0.0910261 	 0.507694 	 0.0673984 	 0.566375 	 0.095172 	 1 	 3.26841e-16
62.2 	 1.83525 	 0.0888337 	 0.519525 	 0.0601974 	 0.565535 	 0.0990002 	 1 	 2.4548e-16
62.4 	 1.84258 	 0.0860735 	 0.515529 	 0.0518199 	 0.558103 	 0.0917868 	 1 	 4.10432e-16
62.6 	 1.85133 	 0.0830627 	 0.496279 	 0.0469822 	 0.54604 	 0.0737117 	 1 	 4.0876e-16
62.8 	 1.86085 	 0.0802719 	 0.475342 	 0.041 	 0.533832 	 0.0524163 	 1 	 3.07407e-16
63 	 1.8704 	 0.078142 	 0.46606 	 0.0356034 	 0.525141 	 0.0462114 	 1 	 3.82808e-16
63.2 	 1.87979 	 0.0769218 	 0.470187 	 0.0412178 	 0.520634 	 0.0603128 	 1 	 3.7192e-16
63.4 	 1.88944 	 0.0766275 	 0.479892 	 0.0513551 	 0.518566 	 0.0765585 	 1 	 4.31577e-16
63.6 	 1.8999 	 0.0771377 	 0.485005 	 0.0558948 	 0.517241 	 0.0856554 	 1 	 4.39439e-16
63.8 	 1.91119 	 0.0783177 	 0.478807 	 0.0541058 	 0.517001 	 0.0861869 	 1 	 4.62223e-16
64 	 1.92255 	 0.080081 	 0.463982 	 0.0487573 	 0.520009 	 0.0808536 	 1 	 4.05396e-16
64.2 	 1.93294 	 0.0823956 	 0.452045 	 0.0422041 	 0.528081 	 0.0745935 	 1 	 2.96059e-16
64.4 	 1.94173 	 0.0852429 	 0.452791 	 0.0368507 	 0.540592 	 0.0705192 	 1 	 3.96861e-16
64.6 	 1.94915 	 0.0885118 	 0.466405 	 0.0411754 	 0.554318 	 0.0671291 	 1 	 3.14018e-16
64.8 	 1.95593 	 0.0918809 	 0.486088 	 0.0539184 	 0.565105 	 0.0612739 	 1 	 4.29988e-16
65 	 1.96263 	 0.0948283 	 0.503162 	 0.0581513 	 0.569651 	 0.0525146 	 1 	 5.36289e-16
65.2 	 1.9691 	 0.0968496 	 0.509524 	 0.0483395 	 0.566224 	 0.0452632 	 1 	 3.93394e-16
65.4 	 1.97464 	 0.0977412 	 0.501441 	 0.0341301 	 0.554707 	 0.0466309 	 1 	 2.794e-16
65.6 	 1.97839 	 0.0977129 	 0.483329 	 0.0278443 	 0.53676 	 0.0562081 	 1 	 4.05396e-16
65.8 	 1.97983 	 0.0972543 	 0.464624 	 0.0300327 	 0.515936 	 0.0660336 	 1 	 2.56395e-16
66 	 1.97901 	 0.0968891 	 0.452561 	 0.0337472 	 0.49709 	 0.0703529 	 1 	 5.99018e-16
66.2 	 1.97647 	 0.0969495 	 0.449298 	 0.0360264 	 0.48505 	 0.0690808 	 1 	 3.0065e-16
66.4 	 1.97306 	 0.0974626 	 0.452964 	 0.0372801 	 0.483046 	 0.0672559 	 1 	 3.79213e-16
66.6 	 1.96959 	 0.0982453 	 0.46058 	 0.0409383 	 0.491471 	 0.0692786 	 1 	 3.24739e-16
66.8 	 1.96646 	 0.0991657 	 0.471066 	 0.0500802 	 0.507552 	 0.0726268 	 1 	 5.95578e-16
67 	 1.96348 	 0.100288 	 0.48389 	 0.0589097 	 0.526495 	 0.0719172 	 1 	 3.09626e-16
67.2 	 1.96002 	 0.101718 	 0.495976 	 0.0568876 	 0.543735 	 0.0660153 	 1 	 3.49127e-16
67.4 	 1.95546 	 0.103312 	 0.50316 	 0.0445922 	 0.556704 	 0.0591628 	 1 	 2.06049e-16
67.6 	 1.94985 	 0.104576 	 0.504361 	 0.0385894 	 0.564799 	 0.0565422 	 1 	 1.99291e-16
67.8 	 1.94414 	 0.1049 	 0.502125 	 0.0476428 	 0.56807 	 0.058154 	 1 	 2.86658e-16
68 	 1.93972 	 0.103992 	 0.498635 	 0.0581206 	 0.56634 	 0.0592839 	 1 	 3.62597e-16
68.2 	 1.93746 	 0.102216 	 0.493905 	 0.0590575 	 0.559625 	 0.0559015 	 1 	 2.93737e-16
68.4 	 1.93707 	 0.100509 	 0.488108 	 0.0495312 	 0.549159 	 0.0479471 	 1 	 3.89898e-16
68.6 	 1.93713 	 0.0999145 	 0.481695 	 0.0400734 	 0.537864 	 0.0402795 	 1 	 4.99258e-16
68.8 	 1.93595 	 0.101074 	 0.474978 	 0.0365779 	 0.529734 	 0.0405317 	 1 	 3.77403e-16
69 	 1.93251 	 0.10399 	 0.470454 	 0.0330932 	 0.528322 	 0.0514018 	 1 	 2.48253e-16
69.2 	 1.92696 	 0.108102 	 0.471974 	 0.0388853 	 0.535147 	 0.0686228 	 1 	 4.47163e-16
69.4 	 1.92036 	 0.112563 	 0.481446 	 0.0555803 	 0.549082 	 0.0861267 	 1 	 2.36963e-16
69.6 	 1.91419 	 0.116554 	 0.498552 	 0.0671849 	 0.567175 	 0.098153 	 1 	 2.98363e-16
69.8 	 1.90981 	 0.119486 	 0.520225 	 0.0678851 	 0.58603 	 0.102149 	 1 	 2.8184e-16
70 	 1.90821 	 0.121043 	 0.539091 	 0.0628175 	 0.602468 	 0.10099 	 1 	 3.68219e-16
70.2 	 1.90989 	 0.121184 	 0.546591 	 0.0619555 	 0.613281 	 0.100135 	 1 	 4.12097e-16
70.4 	 1.91483 	 0.120109 	 0.539331 	 0.0700189 	 0.615253 	 0.100291 	 1 	 4.10432e-16
70.6 	 1.92249 	 0.118155 	 0.522137 	 0.0780138 	 0.606265 	 0.0966323 	 1 	 3.54963e-16
70.8 	 1.93212 	 0.115633 	 0.505212 	 0.0736246 	 0.586807 	 0.0866082 	 1 	 3.49127e-16
71 	 1.94323 	 0.112747 	 0.496468 	 0.0548175 	 0.560494 	 0.0741072 	 1 	 4.00297e-16
71.2 	 1.95574 	 0.10963 	 0.4949 	 0.0352677 	 0.532998 	 0.0653178 	 1 	 2.5371e-16
71.4 	 1.9696 	 0.106445 	 0.491923 	 0.0397013 	 0.510164 	 0.061352 	 1 	 3.9165e-16
71.6 	 1.9843 	 0.103469 	 0.480889 	 0.0526455 	 0.496433 	 0.0607841 	 1 	 3.70074e-16
71.8 	 1.9987 	 0.101081 	 0.466005 	 0.0567787 	 0.494073 	 0.0673305 	 1 	 3.84593e-16
72 	 2.01136 	 0.0996472 	 0.45906 	 0.0561354 	 0.502787 	 0.0815764 	 1 	 3.0065e-16
72.2 	 2.02101 	 0.0993392 	 0.466859 	 0.0575141 	 0.519357 	 0.0945804 	 1 	 4.12097e-16
72.4 	 2.02685 	 0.0999974 	 0.485447 	 0.0608069 	 0.537839 	 0.0990956 	 1 	 3.62597e-16
72.6 	 2.02863 	 0.101195 	 0.504544 	 0.0645568 	 0.551253 	 0.0972088 	 1 	 3.81015e-16
72.8 	 2.02649 	 0.102462 	 0.513567 	 0.0678119 	 0.554507 	 0.0967476 	 1 	 2.64286e-16
73 	 2.02083 	 0.103492 	 0.507724 	 0.0678794 	 0.546849 	 0.099726 	 1 	 3.47161e-16
73.2 	 2.01229 	 0.104211 	 0.491916 	 0.0625429 	 0.532049 	 0.100416 	 1 	 2.91397e-16
73.4 	 2.00184 	 0.10468 	 0.476196 	 0.0549046 	 0.516299 	 0.0955749 	 1 	 2.84259e-16
73.6 	 1.9908 	 0.104926 	 0.468287 	 0.0519156 	 0.505321 	 0.0873414 	 1 	 4.0876e-16
73.8 	 1.98057 	 0.104905 	 0.471409 	 0.0533262 	 0.502332 	 0.0778255 	 1 	 3.1183e-16
74 	 1.97197 	 0.104672 	 0.483751 	 0.0510883 	 0.507636 	 0.0663345 	 1 	 3.09626e-16
74.2 	 1.96478 	 0.104504 	 0.498348 	 0.0424303 	 0.519645 	 0.05314 	 1 	 3.24739e-16
74.4 	 1.95801 	 0.10475 	 0.50826 	 0.0360159 	 0.536279 	 0.0447613 	 1 	 3.70074e-16
74.6 	 1.95074 	 0.105493 	 0.511935 	 0.0387662 	 0.555435 	 0.0502877 	 1 	 3.07407e-16
74.8 	 1.94283 	 0.106361 	 0.512763 	 0.042215 	 0.574346 	 0.0644687 	 1 	 4.12097e-16
75 	 1.93526 	 0.106632 	 0.515526 	 0.0451605 	 0.589187 	 0.0771946 	 1 	 3.28929e-16
75.2 	 1.92965 	 0.105552 	 0.521442 	 0.0568145 	 0.596278 	 0.0845253 	 1 	 3.14018e-16
75.4 	 1.92751 	 0.102766 	 0.525692 	 0.0719305 	 0.594274 	 0.0858605 	 1 	 4.25183e-16
75.6 	 1.92952 	 0.0986392 	 0.522644 	 0.07867 	 0.585264 	 0.0811129 	 1 	 5.31157e-16
75.8 	 1.93531 	 0.09411 	 0.512435 	 0.0748364 	 0.573626 	 0.0713404 	 1 	 3.31005e-16
76 	 1.94388 	 0.0901575 	 0.500001 	 0.0644341 	 0.56343 	 0.0602956 	 1 	 4.15407e-16
76.2 	 1.95422 	 0.087396 	 0.489882 	 0.0533694 	 0.556176 	 0.0526498 	 1 	 4.83935e-16
76.4 	 1.9654 	 0.0860768 	 0.482725 	 0.04577 	 0.550259 	 0.0493252 	 1 	 3.62597e-16
76.6 	 1.97622 	 0.0861864 	 0.475445 	 0.0384673 	 0.542719 	 0.0475988 	 1 	 3.64481e-16
76.8 	 1.98507 	 0.0874163 	 0.465566 	 0.0326055 	 0.532367 	 0.0461203 	 1 	 3.41192e-16
77 	 1.99027 	 0.0892172 	 0.455803 	 0.0305421 	 0.521856 	 0.0455638 	 1 	 4.13756e-16
77.2 	 1.99087 	 0.0910474 	 0.453444 	 0.0291282 	 0.516405 	 0.0460957 	 1 	 2.91397e-16
77.4 	 1.9872 	 0.0925888 	 0.464098 	 0.0269862 	 0.519811 	 0.0498108 	 1 	 4.45629e-16
77.6 	 1.98085 	 0.093755 	 0.484702 	 0.0272778 	 0.531223 	 0.0629416 	 1 	 3.45182e-16
77.8 	 1.97414 	 0.0945361 	 0.504249 	 0.0388612 	 0.54557 	 0.084846 	 1 	 3.96861e-16
78 	 1.96914 	 0.0948391 	 0.513761 	 0.0590284 	 0.556952 	 0.10489 	 1 	 2.09346e-16
78.2 	 1.96678 	 0.094486 	 0.512471 	 0.0720531 	 0.561913 	 0.112409 	 1 	 4.23569e-16
78.4 	 1.96638 	 0.0933625 	 0.505036 	 0.0714516 	 0.560366 	 0.103789 	 1 	 3.93394e-16
78.6 	 1.96608 	 0.0915384 	 0.497178 	 0.0661606 	 0.554335 	 0.085443 	 1 	 3.16192e-16
78.8 	 1.96396 	 0.0892717 	 0.491744 	 0.062076 	 0.546099 	 0.0719174 	 1 	 2.84259e-16
79 	 1.95904 	 0.0869568 	 0.487706 	 0.056263 	 0.537265 	 0.0734179 	 1 	 3.05171e-16
79.2 	 1.95159 	 0.0850252 	 0.484146 	 0.0493794 	 0.5292 	 0.0832094 	 1 	 2.61682e-16
79.4 	 1.94308 	 0.0837919 	 0.481425 	 0.0482506 	 0.523948 	 0.0911735 	 1 	 4.39439e-16
79.6 	 1.93563 	 0.0833762 	 0.47945 	 0.0500733 	 0.52422 	 0.091663 	 1 	 4.86757e-16
79.8 	 1.93131 	 0.0837818 	 0.479985 	 0.0493455 	 0.531956 	 0.0811303 	 1 	 3.14018e-16
80 	 1.93123 	 0.084998 	 0.486439 	 0.0446016 	 0.54666 	 0.0586962 	 1 	 4.39439e-16
80.2 	 1.93513 	 0.0869801 	 0.498685 	 0.0382427 	 0.565106 	 0.0303675 	 1 	 3.16192e-16
80.4 	 1.94161 	 0.0895717 	 0.512414 	 0.0437127 	 0.582671 	 0.0295881 	 1 	 3.16192e-16
80.6 	 1.94899 	 0.0925026 	 0.522283 	 0.0570749 	 0.595111 	 0.0569889 	 1 	 2.18939e-16
80.8 	 1.95594 	 0.0954437 	 0.52332 	 0.0633809 	 0.599661 	 0.077817 	 1 	 4.29988e-16
81 	 1.96176 	 0.0980484 	 0.513646 	 0.0595534 	 0.595367 	 0.0859286 	 1 	 4.85348e-16
81.2 	 1.96629 	 0.100006 	 0.498111 	 0.0535542 	 0.583109 	 0.0827401 	 1 	 4.15407e-16
81.4 	 1.96966 	 0.101146 	 0.486092 	 0.0502006 	 0.565517 	 0.0724456 	 1 	 3.22623e-16
81.6 	 1.97216 	 0.101549 	 0.483783 	 0.0447813 	 0.546575 	 0.0617278 	 1 	 5.70923e-16
81.8 	 1.97408 	 0.101552 	 0.488565 	 0.0373458 	 0.530667 	 0.0599043 	 1 	 3.22623e-16
82 	 1.9758 	 0.101596 	 0.491895 	 0.0335689 	 0.521173 	 0.0685738 	 1 	 3.0065e-16
82.2 	 1.97795 	 0.101973 	 0.488334 	 0.0402691 	 0.51919 	 0.0778833 	 1 	 1.52586e-16
82.4 	 1.98118 	 0.102666 	 0.479979 	 0.0536402 	 0.523129 	 0.079474 	 1 	 3.16192e-16
82.6 	 1.98567 	 0.103424 	 0.472235 	 0.0574596 	 0.52949 	 0.0713259 	 1 	 4.15407e-16
82.8 	 1.9907 	 0.103958 	 0.468977 	 0.0474474 	 0.53447 	 0.0587566 	 1 	 2.69418e-16
83 	 1.99491 	 0.104126 	 0.471029 	 0.0427965 	 0.535591 	 0.0558749 	 1 	 3.16192e-16
83.2 	 1.99717 	 0.103965 	 0.476176 	 0.0559484 	 0.532471 	 0.0701261 	 1 	 4.99258e-16
83.4 	 1.99723 	 0.103604 	 0.482073 	 0.0672726 	 0.526406 	 0.0889819 	 1 	 3.20494e-16
83.6 	 1.99595 	 0.103123 	 0.488193 	 0.0672745 	 0.519286 	 0.101065 	 1 	 3.1835e-16
83.8 	 1.99472 	 0.102501 	 0.491978 	 0.0596007 	 0.512923 	 0.102394 	 1 	 3.05171e-16
84 	 1.9948 	 0.101704 	 0.488369 	 0.0520943 	 0.509177 	 0.0941114 	 1 	 3.86369e-16
84.2 	 1.99661 	 0.100822 	 0.477408 	 0.0500085 	 0.510016 	 0.0803117 	 1 	 3.62597e-16
84.4 	 1.99954 	 0.100126 	 0.46691 	 0.0488296 	 0.516546 	 0.0655544 	 1 	 3.81015e-16
84.6 	 2.00245 	 0.0999891 	 0.464651 	 0.0422193 	 0.527587 	 0.0532314 	 1 	 2.76938e-16
84.8 	 2.00429 	 0.100694 	 0.471396 	 0.03435 	 0.539538 	 0.0466603 	 1 	 4.28392e-16
85 	 2.00447 	 0.102231 	 0.482112 	 0.0339136 	 0.548238 	 0.0495029 	 1 	 3.09626e-16
85.2 	 2.00285 	 0.104342 	 0.491159 	 0.0376943 	 0.551409 	 0.0610224 	 1 	 3.26841e-16
85.4 	 1.99972 	 0.106801 	 0.495476 	 0.0445724 	 0.549764 	 0.0762469 	 1 	 2.59052e-16
85.6 	 1.99577 	 0.10962 	 0.495557 	 0.0573365 	 0.546153 	 0.090247 	 1 	 3.68219e-16
85.8 	 1.99198 	 0.112992 	 0.494619 	 0.0690903 	 0.543697 	 0.0991406 	 1 	 3.66355e-16
86 	 1.98918 	 0.117054 	 0.494194 	 0.0717655 	 0.544229 	 0.10042 	 1 	 4.13756e-16
86.2 	 1.98753 	 0.121742 	 0.492949 	 0.0618087 	 0.547967 	 0.0944154 	 1 	 3.88137e-16
86.4 	 1.98654 	 0.126807 	 0.492768 	 0.0462621 	 0.554295 	 0.0866275 	 1 	 2.84259e-16
86.6 	 1.98553 	 0.131902 	 0.498483 	 0.0467442 	 0.562548 	 0.0854713 	 1 	 1.61312e-16
86.8 	 1.98393 	 0.136625 	 0.508703 	 0.0629194 	 0.571724 	 0.0909452 	 1 	 3.09626e-16
87 	 1.98141 	 0.140546 	 0.515426 	 0.0719333 	 0.579606 	 0.0934113 	 1 	 3.39179e-16
87.2 	 1.97802 	 0.143318 	 0.513022 	 0.0622238 	 0.583011 	 0.0860972 	 1 	 3.53028e-16
87.4 	 1.97423 	 0.144807 	 0.502963 	 0.0417044 	 0.579832 	 0.0703969 	 1 	 3.82808e-16
87.6 	 1.97103 	 0.145171 	 0.493481 	 0.0360971 	 0.571057 	 0.0551858 	 1 	 4.0876e-16
87.8 	 1.96965 	 0.144811 	 0.494044 	 0.0456774 	 0.560465 	 0.0538185 	 1 	 4.00297e-16
88 	 1.9713 	 0.144199 	 0.504957 	 0.0559037 	 0.552031 	 0.0678976 	 1 	 3.56887e-16
88.2 	 1.97672 	 0.143637 	 0.51565 	 0.0655732 	 0.547353 	 0.0849714 	 1 	 3.33067e-16
88.4 	 1.9857 	 0.143146 	 0.515688 	 0.0692077 	 0.545157 	 0.0955053 	 1 	 4.99258e-16
88.6 	 1.99675 	 0.142576 	 0.503353 	 0.0624159 	 0.542976 	 0.0956648 	 1 	 3.96861e-16
88.8 	 2.0074 	 0.141815 	 0.4851 	 0.0513658 	 0.539454 	 0.0868742 	 1 	 4.37878e-16
89 	 2.01539 	 0.140876 	 0.471246 	 0.0457944 	 0.535535 	 0.0740341 	 1 	 3.73757e-16
89.2 	 2.0197 	 0.139807 	 0.469739 	 0.0433402 	 0.53362 	 0.0612776 	 1 	 3.37154e-16
89.4 	 2.02075 	 0.138636 	 0.48059 	 0.0423739 	 0.535384 	 0.0495505 	 1 	 2.64286e-16
89.6 	 2.01964 	 0.137391 	 0.495802 	 0.0448143 	 0.540176 	 0.0406889 	 1 	 2.76938e-16
89.8 	 2.01721 	 0.136162 	 0.504637 	 0.0470027 	 0.545544 	 0.0400216 	 1 	 2.50997e-16
90 	 2.01355 	 0.135083 	 0.500875 	 0.0476048 	 0.549407 	 0.0466849 	 1 	 4.05396e-16
90.2 	 2.0082 	 0.134255 	 0.487818 	 0.0503692 	 0.551807 	 0.0538626 	 1 	 3.43193e-16
90.4 	 2.00089 	 0.13365 	 0.476263 	 0.0550953 	 0.554687 	 0.0599296 	 1 	 4.23569e-16
90.6 	 1.992 	 0.133082 	 0.475836 	 0.0604119 	 0.55996 	 0.0680504 	 1 	 3.45182e-16
90.8 	 1.98258 	 0.132317 	 0.4876 	 0.0689805 	 0.56747 	 0.0792431 	 1 	 3.45182e-16
91 	 1.97388 	 0.131277 	 0.504104 	 0.0773536 	 0.574472 	 0.0897921 	 1 	 3.68219e-16
91.2 	 1.96666 	 0.130216 	 0.515177 	 0.077135 	 0.577115 	 0.09544 	 1 	 2.5371e-16
91.4 	 1.96103 	 0.129676 	 0.514827 	 0.0709297 	 0.572913 	 0.0950842 	 1 	 5.20741e-16
91.6 	 1.95683 	 0.13021 	 0.504838 	 0.0643366 	 0.562315 	 0.091248 	 1 	 5.10112e-16
91.8 	 1.95405 	 0.132033 	 0.491836 	 0.0556663 	 0.548327 	 0.0872761 	 1 	 3.51083e-16
92 	 1.95282 	 0.134882 	 0.481618 	 0.0449972 	 0.534904 	 0.0836256 	 1 	 3.43193e-16
92.2 	 1.95327 	 0.13818 	 0.476935 	 0.0380358 	 0.525611 	 0.0777998 	 1 	 3.89898e-16
92.4 	 1.95545 	 0.14135 	 0.477351 	 0.0397586 	 0.52303 	 0.0674867 	 1 	 4.51733e-16
92.6 	 1.95944 	 0.143987 	 0.479495 	 0.044843 	 0.528277 	 0.053468 	 1 	 4.03703e-16
92.8 	 1.96536 	 0.145809 	 0.480748 	 0.0431506 	 0.540277 	 0.0426574 	 1 	 3.96861e-16
93 	 1.97317 	 0.146619 	 0.483457 	 0.0392894 	 0.555491 	 0.0472301 	 1 	 3.31005e-16
93.2 	 1.98258 	 0.146396 	 0.491461 	 0.0412259 	 0.568898 	 0.0642344 	 1 	 2.28129e-16
93.4 	 1.993 	 0.145368 	 0.503174 	 0.0473948 	 0.576026 	 0.080744 	 1 	 3.49127e-16
93.6 	 2.00372 	 0.143909 	 0.512746 	 0.0544784 	 0.5748 	 0.0901353 	 1 	 3.02919e-16
93.8 	 2.0141 	 0.142352 	 0.515912 	 0.0562214 	 0.566001 	 0.0910163 	 1 	 2.50997e-16
94 	 2.02374 	 0.14086 	 0.510499 	 0.0488417 	 0.552119 	 0.0840085 	 1 	 1.65502e-16
94.2 	 2.03241 	 0.139412 	 0.495586 	 0.0378286 	 0.535715 	 0.0705191 	 1 	 3.84593e-16
94.4 	 2.03978 	 0.137939 	 0.474211 	 0.0339278 	 0.518917 	 0.054482 	 1 	 3.51083e-16
94.6 	 2.04521 	 0.136511 	 0.453478 	 0.0346459 	 0.504358 	 0.0432955 	 1 	 3.49127e-16
94.8 	 2.04784 	 0.135382 	 0.440795 	 0.0345294 	 0.495869 	 0.0410641 	 1 	 3.77403e-16
95 	 2.04709 	 0.134791 	 0.440397 	 0.0346295 	 0.497141 	 0.0422894 	 1 	 3.89898e-16
95.2 	 2.04325 	 0.134687 	 0.451524 	 0.0320146 	 0.508937 	 0.0427627 	 1 	 3.49127e-16
95.4 	 2.0377 	 0.134644 	 0.469511 	 0.0282826 	 0.527554 	 0.0452389 	 1 	 4.48691e-16
95.6 	 2.03261 	 0.134114 	 0.48801 	 0.038522 	 0.546381 	 0.0539652 	 1 	 4.17053e-16
95.8 	 2.03023 	 0.132805 	 0.500434 	 0.0551873 	 0.559507 	 0.0662489 	 1 	 2.09346e-16
96 	 2.0321 	 0.130832 	 0.503516 	 0.0627682 	 0.564543 	 0.0737851 	 1 	 4.69572e-16
96.2 	 2.03858 	 0.128557 	 0.49997 	 0.057929 	 0.56278 	 0.070086 	 1 	 3.86369e-16
96.4 	 2.04897 	 0.126327 	 0.49446 	 0.0424722 	 0.557005 	 0.0555394 	 1 	 3.09626e-16
96.6 	 2.06208 	 0.124341 	 0.489222 	 0.022471 	 0.548981 	 0.0414995 	 1 	 2.39836e-16
96.8 	 2.07682 	 0.122651 	 0.484452 	 0.0276181 	 0.538675 	 0.0472171 	 1 	 2.28129e-16
97 	 2.09223 	 0.121228 	 0.478319 	 0.0431256 	 0.525807 	 0.065746 	 1 	 3.84593e-16
97.2 	 2.10715 	 0.12005 	 0.468148 	 0.0518353 	 0.512058 	 0.0806052 	 1 	 3.89898e-16
97.4 	 2.12009 	 0.119175 	 0.456116 	 0.0579165 	 0.50148 	 0.085965 	 1 	 3.79213e-16
97.6 	 2.12969 	 0.118724 	 0.449725 	 0.0592462 	 0.498327 	 0.0822613 	 1 	 1.88702e-16
97.8 	 2.13525 	 0.118816 	 0.45307 	 0.0552416 	 0.504107 	 0.0740914 	 1 	 2.22045e-16
98 	 2.13681 	 0.119502 	 0.46279 	 0.0497958 	 0.5164 	 0.0674428 	 1 	 4.34739e-16
98.2 	 2.13478 	 0.120747 	 0.473392 	 0.049298 	 0.530392 	 0.0652051 	 1 	 3.35117e-16
98.4 	 2.12931 	 0.122491 	 0.481186 	 0.0570151 	 0.54189 	 0.0666933 	 1 	 4.07082e-16
98.6 	 2.12025 	 0.1247 	 0.485159 	 0.0638053 	 0.549622 	 0.0713102 	 1 	 2.74454e-16
98.8 	 2.10763 	 0.127336 	 0.488513 	 0.0619373 	 0.555249 	 0.0781035 	 1 	 3.1835e-16
99 	 2.09222 	 0.130266 	 0.495405 	 0.0569664 	 0.561182 	 0.0839188 	 1 	 4.02004e-16
99.2 	 2.07576 	 0.13322 	 0.504701 	 0.0588411 	 0.567953 	 0.0854843 	 1 	 2.59052e-16
99.4 	 2.06053 	 0.135889 	 0.511401 	 0.0611385 	 0.573361 	 0.0820414 	 1 	 3.62597e-16
99.6 	 2.0485 	 0.138096 	 0.511836 	 0.0567551 	 0.574177 	 0.0754232 	 1 	 3.37154e-16
99.8 	 2.04043 	 0.139906 	 0.505028 	 0.0539182 	 0.568969 	 0.0687327 	 1 	 3.56887e-16
100 	 2.03588 	 0.141572 	 0.49389 	 0.0566745 	 0.55963 	 0.0655888 	 1 	 3.77403e-16
100.2 	 2.03372 	 0.143396 	 0.485263 	 0.0590211 	 0.550349 	 0.0686083 	 1 	 3.07407e-16
100.4 	 2.03287 	 0.145561 	 0.4841 	 0.0599938 	 0.544913 	 0.0755374 	 1 	 3.84593e-16
100.6 	 2.03258 	 0.14799 	 0.488962 	 0.060158 	 0.544427 	 0.0800771 	 1 	 3.28929e-16
100.8 	 2.03256 	 0.150338 	 0.495536 	 0.057583 	 0.547053 	 0.0782266 	 1 	 4.71028e-16
101 	 2.03298 	 0.152115 	 0.501372 	 0.0558817 	 0.549638 	 0.0724764 	 1 	 4.13756e-16
101.2 	 2.03444 	 0.152878 	 0.504912 	 0.0638487 	 0.549691 	 0.0701682 	 1 	 4.03703e-16
101.4 	 2.03753 	 0.15246 	 0.503471 	 0.071766 	 0.546341 	 0.075037 	 1 	 4.47163e-16
101.6 	 2.04232 	 0.151123 	 0.495662 	 0.065228 	 0.540235 	 0.0829394 	 1 	 2.794e-16
101.8 	 2.04811 	 0.149474 	 0.483993 	 0.0487683 	 0.533093 	 0.0885639 	 1 	 2.12592e-16
102 	 2.05383 	 0.148101 	 0.473766 	 0.038492 	 0.527178 	 0.0895375 	 1 	 2.98363e-16
102.2 	 2.05869 	 0.14721 	 0.469789 	 0.0434664 	 0.524417 	 0.0860201 	 1 	 4.33161e-16
102.4 	 2.06263 	 0.146526 	 0.472667 	 0.0516428 	 0.525428 	 0.0797731 	 1 	 3.39179e-16
102.6 	 2.06632 	 0.145518 	 0.478345 	 0.0512172 	 0.529245 	 0.0739074 	 1 	 2.76938e-16
102.8 	 2.0704 	 0.143791 	 0.482773 	 0.0451795 	 0.53405 	 0.0726063 	 1 	 4.69572e-16
103 	 2.07482 	 0.141379 	 0.48534 	 0.0463295 	 0.538255 	 0.077871 	 1 	 5.19424e-16
103.2 	 2.07867 	 0.13871 	 0.487088 	 0.0549285 	 0.541191 	 0.0863313 	 1 	 4.42545e-16
103.4 	 2.08088 	 0.136293 	 0.489115 	 0.058292 	 0.543172 	 0.0923807 	 1 	 2.8184e-16
103.6 	 2.08116 	 0.134431 	 0.493105 	 0.0535186 	 0.544988 	 0.0922993 	 1 	 3.45182e-16
103.8 	 2.08036 	 0.133177 	 0.499744 	 0.0495604 	 0.546989 	 0.0855776 	 1 	 2.69418e-16
104 	 2.07981 	 0.132487 	 0.50634 	 0.0494798 	 0.548396 	 0.0750971 	 1 	 2.69418e-16
104.2 	 2.08033 	 0.132418 	 0.508109 	 0.0497388 	 0.547643 	 0.0665459 	 1 	 3.14018e-16
104.4 	 2.08155 	 0.133218 	 0.502292 	 0.050256 	 0.543696 	 0.0644762 	 1 	 3.02919e-16
104.6 	 2.08217 	 0.135182 	 0.49039 	 0.0505878 	 0.537155 	 0.0660725 	 1 	 4.15407e-16
104.8 	 2.08092 	 0.138417 	 0.476575 	 0.0473812 	 0.530175 	 0.0641074 	 1 	 2.61682e-16
105 	 2.07751 	 0.142699 	 0.465709 	 0.0402059 	 0.525466 	 0.0552467 	 1 	 3.02919e-16
105.2 	 2.07295 	 0.147509 	 0.462554 	 0.0361663 	 0.525171 	 0.0434254 	 1 	 3.9165e-16
105.4 	 2.0689 	 0.152206 	 0.469057 	 0.0392758 	 0.530114 	 0.039717 	 1 	 2.56395e-16
105.6 	 2.06657 	 0.156236 	 0.481014 	 0.0485402 	 0.539535 	 0.0521493 	 1 	 4.60739e-16
105.8 	 2.0661 	 0.159262 	 0.491398 	 0.0592754 	 0.551508 	 0.0742031 	 1 	 3.45182e-16
106 	 2.06693 	 0.16116 	 0.498124 	 0.0692732 	 0.563771 	 0.0967037 	 1 	 1.95825e-16
106.2 	 2.06841 	 0.161913 	 0.504231 	 0.0780407 	 0.574168 	 0.111803 	 1 	 3.93394e-16
106.4 	 2.07004 	 0.161524 	 0.510366 	 0.0824433 	 0.580393 	 0.114337 	 1 	 3.47161e-16
106.6 	 2.07141 	 0.160006 	 0.512753 	 0.08121 	 0.579926 	 0.10435 	 1 	 4.51733e-16
106.8 	 2.07222 	 0.157441 	 0.507952 	 0.0743617 	 0.571077 	 0.0877935 	 1 	 3.51083e-16
107 	 2.07254 	 0.154072 	 0.495871 	 0.0615957 	 0.554563 	 0.0746927 	 1 	 2.93737e-16
107.2 	 2.07306 	 0.150322 	 0.480361 	 0.0489688 	 0.533994 	 0.0728809 	 1 	 3.0065e-16
107.4 	 2.07472 	 0.146719 	 0.4673 	 0.0514559 	 0.51465 	 0.0795865 	 1 	 5.50155e-16
107.6 	 2.07811 	 0.143731 	 0.45985 	 0.0636715 	 0.501459 	 0.0864796 	 1 	 4.68111e-16
107.8 	 2.08295 	 0.14157 	 0.457513 	 0.0685358 	 0.497425 	 0.0882816 	 1 	 3.26841e-16
108 	 2.08816 	 0.140063 	 0.460045 	 0.0639232 	 0.503011 	 0.0833653 	 1 	 3.24739e-16
108.2 	 2.09237 	 0.138705 	 0.468538 	 0.0541026 	 0.516303 	 0.0733429 	 1 	 2.84259e-16
108.4 	 2.09457 	 0.13691 	 0.482589 	 0.0434384 	 0.533648 	 0.0643011 	 1 	 3.0065e-16
108.6 	 2.09454 	 0.134323 	 0.497856 	 0.044448 	 0.550536 	 0.0640825 	 1 	 3.47161e-16
108.8 	 2.09262 	 0.131026 	 0.507235 	 0.0498988 	 0.562705 	 0.0717733 	 1 	 3.45182e-16
109 	 2.08943 	 0.127498 	 0.506468 	 0.048643 	 0.567472 	 0.0793094 	 1 	 3.02919e-16
109.2 	 2.08555 	 0.124361 	 0.498444 	 0.0444935 	 0.564842 	 0.0819488 	 1 	 4.36311e-16
109.4 	 2.08175 	 0.122117 	 0.490432 	 0.0431255 	 0.557429 	 0.0797295 	 1 	 4.23569e-16
109.6 	 2.07896 	 0.121042 	 0.486651 	 0.0465857 	 0.548756 	 0.0751399 	 1 	 3.98582e-16
109.8 	 2.07791 	 0.12123 	 0.48412 	 0.0502251 	 0.541081 	 0.0714956 	 1 	 5.1279e-16
110 	 2.0785 	 0.122643 	 0.47758 	 0.048444 	 0.534673 	 0.0717086 	 1 	 4.5925e-16
110.2 	 2.07951 	 0.125144 	 0.468059 	 0.046128 	 0.529108 	 0.075379 	 1 	 3.56887e-16
110.4 	 2.07912 	 0.128545 	 0.462185 	 0.0518618 	 0.525177 	 0.0773457 	 1 	 2.06049e-16
110.6 	 2.07582 	 0.132662 	 0.463876 	 0.0549556 	 0.525372 	 0.0719151 	 1 	 3.20494e-16
110.8 	 2.0694 	 0.137281 	 0.471627 	 0.0449219 	 0.532305 	 0.0596267 	 1 	 2.64286e-16
111 	 2.06119 	 0.142061 	 0.482106 	 0.0276901 	 0.54628 	 0.0539468 	 1 	 4.0876e-16
111.2 	 2.05363 	 0.146516 	 0.492695 	 0.0346958 	 0.56409 	 0.0689484 	 1 	 3.82808e-16
111.4 	 2.04907 	 0.150187 	 0.501855 	 0.0598489 	 0.580231 	 0.092137 	 1 	 2.93737e-16
111.6 	 2.0488 	 0.152832 	 0.509275 	 0.0749642 	 0.589765 	 0.108815 	 1 	 3.0065e-16
111.8 	 2.05276 	 0.15444 	 0.514807 	 0.0751338 	 0.590655 	 0.113625 	 1 	 4.13756e-16
112 	 2.06001 	 0.155043 	 0.516217 	 0.0676344 	 0.583893 	 0.10678 	 1 	 1.92296e-16
112.2 	 2.06951 	 0.15458 	 0.510076 	 0.0619764 	 0.571757 	 0.0913839 	 1 	 4.90959e-16
112.4 	 2.08048 	 0.152926 	 0.496797 	 0.0577708 	 0.555991 	 0.0734441 	 1 	 4.42545e-16
112.6 	 2.09233 	 0.150104 	 0.481726 	 0.053682 	 0.537367 	 0.0621712 	 1 	 5.01993e-16
112.8 	 2.10431 	 0.146483 	 0.469111 	 0.0523322 	 0.516723 	 0.0616406 	 1 	 4.45629e-16
113 	 2.11525 	 0.142826 	 0.459212 	 0.0493534 	 0.496409 	 0.0638903 	 1 	 3.81015e-16
113.2 	 2.12369 	 0.140079 	 0.453376 	 0.0417723 	 0.480724 	 0.0633359 	 1 	 3.588e-16
113.4 	 2.12833 	 0.138992 	 0.455889 	 0.0348471 	 0.474512 	 0.0633606 	 1 	 3.16192e-16
113.6 	 2.12853 	 0.139794 	 0.466318 	 0.0336628 	 0.480541 	 0.0664471 	 1 	 2.56395e-16
113.8 	 2.12452 	 0.142181 	 0.476474 	 0.0380505 	 0.497666 	 0.0680578 	 1 	 3.9165e-16
114 	 2.11727 	 0.145588 	 0.480416 	 0.0434679 	 0.521347 	 0.0646134 	 1 	 3.53028e-16
114.2 	 2.10822 	 0.149473 	 0.481907 	 0.0486823 	 0.545964 	 0.0597667 	 1 	 4.45629e-16
114.4 	 2.09893 	 0.153403 	 0.488438 	 0.0525096 	 0.566919 	 0.0624989 	 1 	 3.24739e-16
114.6 	 2.09085 	 0.15699 	 0.502238 	 0.0530552 	 0.581269 	 0.0752419 	 1 	 3.9165e-16
114.8 	 2.08505 	 0.159901 	 0.51803 	 0.0530749 	 0.587371 	 0.0896742 	 1 	 3.88137e-16
115 	 2.0819 	 0.161945 	 0.526034 	 0.0501558 	 0.584657 	 0.0980594 	 1 	 5.06069e-16
115.2 	 2.08103 	 0.163137 	 0.518602 	 0.0465907 	 0.573908 	 0.0986914 	 1 	 4.92352e-16
115.4 	 2.08166 	 0.163633 	 0.497904 	 0.052592 	 0.557596 	 0.0951136 	 1 	 3.96861e-16
115.6 	 2.08301 	 0.163635 	 0.475804 	 0.063879 	 0.539683 	 0.0928044 	 1 	 4.12097e-16
115.8 	 2.08462 	 0.163389 	 0.463296 	 0.0727986 	 0.524561 	 0.0949138 	 1 	 2.93737e-16
116 	 2.0863 	 0.163226 	 0.463175 	 0.0788057 	 0.515447 	 0.0999779 	 1 	 3.1183e-16
116.2 	 2.08786 	 0.163529 	 0.47324 	 0.0797735 	 0.513211 	 0.103633 	 1 	 3.1183e-16
116.4 	 2.08886 	 0.164581 	 0.48849 	 0.0732842 	 0.51647 	 0.101637 	 1 	 3.20494e-16
116.6 	 2.08874 	 0.166401 	 0.500309 	 0.0617967 	 0.522762 	 0.0922386 	 1 	 3.66355e-16
116.8 	 2.08725 	 0.168723 	 0.50263 	 0.0509727 	 0.529699 	 0.0787786 	 1 	 2.8184e-16
117 	 2.08487 	 0.171119 	 0.49754 	 0.0460822 	 0.535487 	 0.0710855 	 1 	 3.53028e-16
117.2 	 2.08279 	 0.173205 	 0.490453 	 0.046104 	 0.539088 	 0.0762393 	 1 	 3.84593e-16
117.4 	 2.08224 	 0.174817 	 0.485744 	 0.0468482 	 0.540405 	 0.0867165 	 1 	 3.77403e-16
117.6 	 2.08369 	 0.176044 	 0.4871 	 0.0472978 	 0.540283 	 0.0929818 	 1 	 4.18691e-16
117.8 	 2.08659 	 0.177092 	 0.493493 	 0.0476259 	 0.539989 	 0.0929048 	 1 	 5.83967e-16
118 	 2.08978 	 0.178059 	 0.49718 	 0.0483065 	 0.540407 	 0.0879304 	 1 	 2.31111e-16
118.2 	 2.0922 	 0.178797 	 0.492173 	 0.0509411 	 0.541535 	 0.078278 	 1 	 4.47163e-16
118.4 	 2.09321 	 0.178994 	 0.481202 	 0.0555889 	 0.54268 	 0.0636765 	 1 	 4.75369e-16
118.6 	 2.09267 	 0.178408 	 0.471748 	 0.0566667 	 0.543189 	 0.0475779 	 1 	 3.35117e-16
118.8 	 2.09076 	 0.177043 	 0.469528 	 0.0486626 	 0.543211 	 0.0386305 	 1 	 2.74454e-16
119 	 2.08774 	 0.175158 	 0.476451 	 0.0364004 	 0.543853 	 0.0409343 	 1 	 3.73757e-16
119.2 	 2.08405 	 0.173119 	 0.4895 	 0.0318376 	 0.546545 	 0.0467673 	 1 	 3.89898e-16
119.4 	 2.08046 	 0.171213 	 0.50111 	 0.0316126 	 0.551997 	 0.0516181 	 1 	 5.6368e-16
119.6 	 2.0783 	 0.169554 	 0.506134 	 0.0350917 	 0.559432 	 0.0559463 	 1 	 4.37878e-16
119.8 	 2.07894 	 0.16814 	 0.506881 	 0.0485619 	 0.566514 	 0.0588056 	 1 	 3.20494e-16
120 	 2.08294 	 0.166979 	 0.506216 	 0.0593601 	 0.570077 	 0.0580616 	 1 	 3.22623e-16
120.2 	 2.08955 	 0.166162 	 0.501435 	 0.0572252 	 0.567683 	 0.0552062 	 1 	 4.0876e-16
120.4 	 2.09717 	 0.165755 	 0.490564 	 0.0453131 	 0.55943 	 0.0556499 	 1 	 4.12097e-16
120.6 	 2.10438 	 0.165628 	 0.477993 	 0.0397424 	 0.548631 	 0.0615454 	 1 	 3.53028e-16
120.8 	 2.11051 	 0.165402 	 0.47024 	 0.0483039 	 0.540268 	 0.069053 	 1 	 4.07082e-16
121 	 2.11544 	 0.164657 	 0.470893 	 0.0589505 	 0.538023 	 0.0742522 	 1 	 4.69572e-16
121.2 	 2.11914 	 0.163228 	 0.479356 	 0.0636662 	 0.542144 	 0.0751981 	 1 	 3.9165e-16
121.4 	 2.12144 	 0.161344 	 0.490485 	 0.0600442 	 0.549708 	 0.0711121 	 1 	 4.00297e-16
121.6 	 2.12209 	 0.15951 	 0.497889 	 0.0501959 	 0.556706 	 0.0639669 	 1 	 4.18691e-16
121.8 	 2.12089 	 0.158253 	 0.499341 	 0.0414513 	 0.560263 	 0.0600328 	 1 	 5.19424e-16
122 	 2.11788 	 0.157905 	 0.496738 	 0.0432756 	 0.559677 	 0.0632923 	 1 	 3.81015e-16
122.2 	 2.11349 	 0.158487 	 0.492987 	 0.0474702 	 0.556004 	 0.0690872 	 1 	 3.70074e-16
122.4 	 2.1086 	 0.159704 	 0.491233 	 0.0496701 	 0.550669 	 0.073744 	 1 	 4.25183e-16
122.6 	 2.10441 	 0.161074 	 0.492494 	 0.0628075 	 0.544277 	 0.0799389 	 1 	 3.37154e-16
122.8 	 2.102 	 0.162168 	 0.492643 	 0.0800627 	 0.536656 	 0.088705 	 1 	 4.05396e-16
123 	 2.1021 	 0.162856 	 0.486436 	 0.0834435 	 0.527973 	 0.0945486 	 1 	 2.02698e-16
123.2 	 2.10486 	 0.163366 	 0.473824 	 0.0686492 	 0.519612 	 0.091953 	 1 	 2.59052e-16
123.4 	 2.1096 	 0.164085 	 0.460045 	 0.0466318 	 0.513954 	 0.0815463 	 1 	 3.77403e-16
123.6 	 2.11502 	 0.165222 	 0.452144 	 0.0366277 	 0.513398 	 0.0710396 	 1 	 2.84259e-16
123.8 	 2.11976 	 0.166581 	 0.455301 	 0.0474968 	 0.519328 	 0.0697645 	 1 	 3.60704e-16
124 	 2.12323 	 0.167624 	 0.469153 	 0.0595343 	 0.531164 	 0.0772611 	 1 	 4.62223e-16
124.2 	 2.12581 	 0.167735 	 0.487164 	 0.0637632 	 0.545734 	 0.085552 	 1 	 3.43193e-16
124.4 	 2.12835 	 0.166552 	 0.499994 	 0.0670152 	 0.557841 	 0.089801 	 1 	 3.41192e-16
124.6 	 2.13133 	 0.164144 	 0.500881 	 0.0711149 	 0.56244 	 0.0892335 	 1 	 3.79213e-16
124.8 	 2.13446 	 0.160953 	 0.490847 	 0.0700109 	 0.557259 	 0.084051 	 1 	 3.02919e-16
125 	 2.137 	 0.157535 	 0.478212 	 0.0634125 	 0.543902 	 0.0739555 	 1 	 5.14124e-16
125.2 	 2.13837 	 0.15432 	 0.471378 	 0.0526984 	 0.526745 	 0.0595972 	 1 	 1.92296e-16
125.4 	 2.1386 	 0.151539 	 0.471793 	 0.03777 	 0.51066 	 0.0450852 	 1 	 3.31005e-16
125.6 	 2.13824 	 0.149265 	 0.473637 	 0.0272525 	 0.499038 	 0.0385358 	 1 	 4.36311e-16
125.8 	 2.13774 	 0.147454 	 0.470618 	 0.0310989 	 0.492988 	 0.0430347 	 1 	 3.81015e-16
126 	 2.13682 	 0.145993 	 0.461944 	 0.0378385 	 0.491968 	 0.0503956 	 1 	 3.62597e-16
126.2 	 2.13434 	 0.14478 	 0.451385 	 0.0382526 	 0.49534 	 0.0547316 	 1 	 4.0876e-16
126.4 	 2.1289 	 0.143747 	 0.444416 	 0.0329076 	 0.503587 	 0.0576368 	 1 	 3.82808e-16
126.6 	 2.11997 	 0.142847 	 0.447001 	 0.0366367 	 0.517958 	 0.0651187 	 1 	 4.07082e-16
126.8 	 2.10845 	 0.142049 	 0.46286 	 0.0550395 	 0.538704 	 0.0786491 	 1 	 3.35117e-16
127 	 2.09647 	 0.141393 	 0.49025 	 0.072409 	 0.563414 	 0.0927887 	 1 	 5.08768e-16
127.2 	 2.08648 	 0.141023 	 0.521038 	 0.0792311 	 0.586917 	 0.102356 	 1 	 3.60704e-16
127.4 	 2.08036 	 0.141146 	 0.542384 	 0.0719128 	 0.602977 	 0.105458 	 1 	 2.96059e-16
127.6 	 2.07881 	 0.141919 	 0.543141 	 0.0601725 	 0.606843 	 0.101913 	 1 	 4.57757e-16
127.8 	 2.08135 	 0.143341 	 0.522808 	 0.0557825 	 0.597284 	 0.0923755 	 1 	 3.07407e-16
128 	 2.08671 	 0.145214 	 0.493039 	 0.0530267 	 0.577045 	 0.0800582 	 1 	 4.2195e-16
128.2 	 2.09336 	 0.147189 	 0.468697 	 0.0526026 	 0.551502 	 0.0723471 	 1 	 3.43193e-16
128.4 	 2.09998 	 0.148869 	 0.458257 	 0.0579011 	 0.526413 	 0.0759337 	 1 	 3.31005e-16
128.6 	 2.10554 	 0.15 	 0.460276 	 0.0581093 	 0.506149 	 0.0861121 	 1 	 3.88137e-16
128.8 	 2.10935 	 0.150638 	 0.466469 	 0.0512429 	 0.493211 	 0.0910284 	 1 	 3.588e-16
129 	 2.11096 	 0.151172 	 0.470402 	 0.0464632 	 0.488773 	 0.0830256 	 1 	 3.07407e-16
129.2 	 2.11017 	 0.152126 	 0.473499 	 0.0411242 	 0.493328 	 0.0643665 	 1 	 2.42674e-16
129.4 	 2.10695 	 0.153882 	 0.480432 	 0.0324843 	 0.506701 	 0.0523846 	 1 	 3.51083e-16
129.6 	 2.10151 	 0.156507 	 0.491689 	 0.0396664 	 0.527447 	 0.0650101 	 1 	 4.34739e-16
129.8 	 2.09459 	 0.159721 	 0.504002 	 0.0568561 	 0.552302 	 0.085338 	 1 	 3.75584e-16
130 	 2.08776 	 0.162947 	 0.514952 	 0.0653654 	 0.576412 	 0.0968357 	 1 	 3.47161e-16
130.2 	 2.08323 	 0.165458 	 0.524207 	 0.0622651 	 0.594426 	 0.0961099 	 1 	 3.95131e-16
130.4 	 2.08291 	 0.166645 	 0.530658 	 0.0573066 	 0.601961 	 0.0859132 	 1 	 3.66355e-16
130.6 	 2.08736 	 0.166304 	 0.529477 	 0.0570419 	 0.596991 	 0.0712479 	 1 	 3.88137e-16
130.8 	 2.09553 	 0.164717 	 0.5147 	 0.0545095 	 0.580751 	 0.0596506 	 1 	 4.56258e-16
131 	 2.10556 	 0.162442 	 0.488016 	 0.0502257 	 0.557626 	 0.0603948 	 1 	 4.78241e-16
131.2 	 2.11585 	 0.159992 	 0.46246 	 0.0534374 	 0.53357 	 0.072064 	 1 	 3.89898e-16
131.4 	 2.12584 	 0.15767 	 0.451363 	 0.0624868 	 0.513778 	 0.0832923 	 1 	 3.1183e-16
131.6 	 2.13572 	 0.15558 	 0.455008 	 0.0673432 	 0.501223 	 0.0862169 	 1 	 2.89037e-16
131.8 	 2.14568 	 0.153759 	 0.463145 	 0.0619645 	 0.496901 	 0.0790802 	 1 	 3.20494e-16
132 	 2.15508 	 0.152307 	 0.467982 	 0.0460067 	 0.500825 	 0.064873 	 1 	 3.35117e-16
132.2 	 2.16226 	 0.151454 	 0.469871 	 0.0289935 	 0.512292 	 0.0501066 	 1 	 2.89037e-16
132.4 	 2.1654 	 0.151508 	 0.473373 	 0.0291206 	 0.529274 	 0.0443568 	 1 	 3.35117e-16
132.6 	 2.16354 	 0.152693 	 0.482057 	 0.0436486 	 0.548017 	 0.0517537 	 1 	 2.69418e-16
132.8 	 2.15715 	 0.154955 	 0.495358 	 0.0561642 	 0.563628 	 0.063304 	 1 	 3.68219e-16
133 	 2.14792 	 0.157868 	 0.508829 	 0.0614895 	 0.571502 	 0.0709354 	 1 	 4.89562e-16
133.2 	 2.13796 	 0.16078 	 0.517395 	 0.0604602 	 0.569062 	 0.0731455 	 1 	 3.79213e-16
133.4 	 2.12917 	 0.163136 	 0.516648 	 0.0552983 	 0.557073 	 0.0722207 	 1 	 4.66646e-16
133.6 	 2.12281 	 0.164719 	 0.503231 	 0.0491102 	 0.539587 	 0.0706128 	 1 	 4.0876e-16
133.8 	 2.11934 	 0.165649 	 0.479465 	 0.0439149 	 0.522213 	 0.0701836 	 1 	 3.24739e-16
134 	 2.11847 	 0.166219 	 0.456447 	 0.0466715 	 0.50965 	 0.0720318 	 1 	 4.37878e-16
134.2 	 2.11939 	 0.166734 	 0.447681 	 0.0576642 	 0.504074 	 0.0746021 	 1 	 3.66355e-16
134.4 	 2.12109 	 0.167418 	 0.45839 	 0.0645424 	 0.505033 	 0.0752581 	 1 	 3.84593e-16
134.6 	 2.12254 	 0.168424 	 0.480691 	 0.0629545 	 0.51045 	 0.0736177 	 1 	 4.02004e-16
134.8 	 2.12304 	 0.169878 	 0.499849 	 0.0565823 	 0.51813 	 0.0712697 	 1 	 2.48253e-16
135 	 2.12247 	 0.171851 	 0.506053 	 0.0515476 	 0.527159 	 0.069132 	 1 	 4.25183e-16
135.2 	 2.12138 	 0.174248 	 0.499402 	 0.0512245 	 0.53822 	 0.066019 	 1 	 5.00627e-16
135.4 	 2.12054 	 0.176762 	 0.487574 	 0.0506637 	 0.552128 	 0.0609425 	 1 	 4.69572e-16
135.6 	 2.12043 	 0.178958 	 0.482182 	 0.0503644 	 0.567547 	 0.0569303 	 1 	 5.45154e-16
135.8 	 2.12107 	 0.180435 	 0.490053 	 0.0591121 	 0.58022 	 0.0583885 	 1 	 3.7192e-16
136 	 2.12231 	 0.180927 	 0.504288 	 0.0704694 	 0.584952 	 0.0631542 	 1 	 3.49127e-16
136.2 	 2.12423 	 0.18033 	 0.510601 	 0.0723719 	 0.578982 	 0.0659702 	 1 	 3.81015e-16
136.4 	 2.12702 	 0.178688 	 0.502365 	 0.0656578 	 0.564031 	 0.0657572 	 1 	 3.45182e-16
136.6 	 2.13074 	 0.176134 	 0.484564 	 0.0583938 	 0.545519 	 0.0645679 	 1 	 2.66864e-16
136.8 	 2.13511 	 0.172814 	 0.467022 	 0.0528986 	 0.529574 	 0.0639769 	 1 	 4.76807e-16
137 	 2.13975 	 0.168894 	 0.458308 	 0.0482273 	 0.519867 	 0.0644762 	 1 	 4.66646e-16
137.2 	 2.14449 	 0.164623 	 0.46184 	 0.0432824 	 0.516313 	 0.0657781 	 1 	 4.65176e-16
137.4 	 2.14935 	 0.160366 	 0.473519 	 0.0393838 	 0.516342 	 0.0664304 	 1 	 3.05171e-16
137.6 	 2.15415 	 0.15654 	 0.484466 	 0.0437927 	 0.517562 	 0.0651648 	 1 	 3.0065e-16
137.8 	 2.15817 	 0.153538 	 0.487333 	 0.053156 	 0.519532 	 0.0622963 	 1 	 3.39179e-16
138 	 2.16014 	 0.151641 	 0.48104 	 0.0540851 	 0.523327 	 0.0591487 	 1 	 5.31157e-16
138.2 	 2.15888 	 0.150909 	 0.471293 	 0.0465254 	 0.529643 	 0.0576549 	 1 	 3.26841e-16
138.4 	 2.15414 	 0.151142 	 0.465731 	 0.0406726 	 0.537438 	 0.0601958 	 1 	 3.16192e-16
138.6 	 2.14689 	 0.151935 	 0.467458 	 0.0442937 	 0.544352 	 0.0668574 	 1 	 2.09346e-16
138.8 	 2.13893 	 0.152796 	 0.47362 	 0.0571103 	 0.548527 	 0.0745488 	 1 	 3.88137e-16
139 	 2.13194 	 0.153301 	 0.479072 	 0.0649647 	 0.550259 	 0.0805248 	 1 	 4.63702e-16
139.2 	 2.1267 	 0.153236 	 0.481367 	 0.0607005 	 0.552015 	 0.0841191 	 1 	 3.1835e-16
139.4 	 2.12313 	 0.152654 	 0.482693 	 0.058862 	 0.55662 	 0.0850854 	 1 	 4.72479e-16
139.6 	 2.12081 	 0.151782 	 0.486189 	 0.0649966 	 0.564979 	 0.0819752 	 1 	 4.07082e-16
139.8 	 2.11956 	 0.150869 	 0.493183 	 0.0636662 	 0.575126 	 0.0735965 	 1 	 1.28198e-16
140 	 2.11945 	 0.150093 	 0.503372 	 0.0507715 	 0.583214 	 0.0615605 	 1 	 2.91397e-16
140.2 	 2.12045 	 0.149582 	 0.512511 	 0.0385605 	 0.585545 	 0.0499013 	 1 	 3.98582e-16
140.4 	 2.12201 	 0.149453 	 0.513335 	 0.0343146 	 0.580237 	 0.042281 	 1 	 4.96507e-16
140.6 	 2.12322 	 0.149791 	 0.503926 	 0.0291612 	 0.56775 	 0.0411398 	 1 	 4.00297e-16
140.8 	 2.12327 	 0.150586 	 0.490702 	 0.0302984 	 0.550362 	 0.0474635 	 1 	 3.7192e-16
141 	 2.12189 	 0.151715 	 0.481258 	 0.0430082 	 0.531236 	 0.0586937 	 1 	 1.69589e-16
141.2 	 2.11949 	 0.152974 	 0.478296 	 0.0534613 	 0.513692 	 0.0705561 	 1 	 3.88137e-16
141.4 	 2.11689 	 0.154157 	 0.478981 	 0.057385 	 0.500849 	 0.0789748 	 1 	 1.81299e-16
141.6 	 2.11498 	 0.155134 	 0.47774 	 0.0587657 	 0.495154 	 0.0798923 	 1 	 4.71028e-16
141.8 	 2.11419 	 0.155883 	 0.472378 	 0.0556945 	 0.497574 	 0.0705159 	 1 	 5.0742e-16
142 	 2.11434 	 0.156495 	 0.467928 	 0.0424507 	 0.507115 	 0.0530931 	 1 	 3.05171e-16
142.2 	 2.11481 	 0.157161 	 0.47126 	 0.0250673 	 0.521448 	 0.041176 	 1 	 4.47163e-16
142.4 	 2.11491 	 0.158116 	 0.483159 	 0.0298195 	 0.538116 	 0.0518979 	 1 	 3.89898e-16
142.6 	 2.11424 	 0.159526 	 0.498501 	 0.0461984 	 0.554887 	 0.0726047 	 1 	 3.73757e-16
142.8 	 2.11286 	 0.16138 	 0.511181 	 0.0559971 	 0.569076 	 0.090168 	 1 	 3.43193e-16
143 	 2.11128 	 0.16349 	 0.516051 	 0.0622255 	 0.577328 	 0.101715 	 1 	 2.91397e-16
143.2 	 2.11031 	 0.165556 	 0.510115 	 0.0662585 	 0.577011 	 0.107045 	 1 	 4.42545e-16
143.4 	 2.11077 	 0.167305 	 0.496154 	 0.0662109 	 0.568192 	 0.106041 	 1 	 4.18691e-16
143.6 	 2.11293 	 0.168628 	 0.482402 	 0.0653874 	 0.554203 	 0.0989524 	 1 	 4.02004e-16
143.8 	 2.11619 	 0.169659 	 0.475655 	 0.0669526 	 0.540089 	 0.087436 	 1 	 4.0876e-16
144 	 2.11911 	 0.170679 	 0.476233 	 0.0677066 	 0.530072 	 0.0757217 	 1 	 3.1835e-16
144.2 	 2.12003 	 0.171889 	 0.47985 	 0.0633335 	 0.525702 	 0.0685486 	 1 	 4.5925e-16
144.4 	 2.11804 	 0.173243 	 0.482067 	 0.0559949 	 0.525774 	 0.0650131 	 1 	 3.26841e-16
144.6 	 2.11347 	 0.174473 	 0.481338 	 0.0515967 	 0.527959 	 0.0605246 	 1 	 2.84259e-16
144.8 	 2.1078 	 0.175298 	 0.478749 	 0.0512204 	 0.530899 	 0.0555216 	 1 	 2.25107e-16
145 	 2.10268 	 0.175669 	 0.475814 	 0.052147 	 0.534993 	 0.0545469 	 1 	 2.91397e-16
145.2 	 2.09894 	 0.175856 	 0.475357 	 0.0519741 	 0.541198 	 0.0577465 	 1 	 4.47163e-16
145.4 	 2.09618 	 0.176307 	 0.481105 	 0.052782 	 0.549252 	 0.0622805 	 1 	 4.12097e-16
145.6 	 2.09333 	 0.177403 	 0.491417 	 0.0589465 	 0.55722 	 0.0686895 	 1 	 3.41192e-16
145.8 	 2.08966 	 0.179268 	 0.499092 	 0.0666385 	 0.562701 	 0.0779694 	 1 	 3.43193e-16
146 	 2.08546 	 0.18175 	 0.500514 	 0.0691978 	 0.564308 	 0.0870225 	 1 	 4.39439e-16
146.2 	 2.08186 	 0.18454 	 0.497158 	 0.0642834 	 0.562092 	 0.0907012 	 1 	 3.89898e-16
146.4 	 2.08002 	 0.187322 	 0.489897 	 0.0550126 	 0.556922 	 0.0866539 	 1 	 5.67313e-16
146.6 	 2.08035 	 0.189846 	 0.480658 	 0.0481179 	 0.549666 	 0.078459 	 1 	 3.26841e-16
146.8 	 2.08231 	 0.191979 	 0.474509 	 0.0495045 	 0.540897 	 0.073964 	 1 	 3.81015e-16
147 	 2.08487 	 0.193753 	 0.474336 	 0.0542352 	 0.531281 	 0.0770275 	 1 	 5.76889e-16
147.2 	 2.08717 	 0.195363 	 0.478955 	 0.053908 	 0.522199 	 0.0836099 	 1 	 3.79213e-16
147.4 	 2.08873 	 0.19709 	 0.485742 	 0.0491237 	 0.515866 	 0.0887697 	 1 	 3.51083e-16
147.6 	 2.08925 	 0.199188 	 0.49008 	 0.0476874 	 0.514551 	 0.0900435 	 1 	 3.51083e-16
147.8 	 2.08821 	 0.201811 	 0.487984 	 0.0505082 	 0.51937 	 0.086008 	 1 	 2.39836e-16
148 	 2.08496 	 0.204989 	 0.482787 	 0.0516486 	 0.529621 	 0.0760952 	 1 	 2.12592e-16
148.2 	 2.07909 	 0.208625 	 0.482747 	 0.0475167 	 0.543191 	 0.0632766 	 1 	 3.33067e-16
148.4 	 2.07091 	 0.212491 	 0.492342 	 0.0444778 	 0.557606 	 0.0583896 	 1 	 1.43329e-16
148.6 	 2.06175 	 0.216229 	 0.510464 	 0.0593429 	 0.570738 	 0.0711645 	 1 	 3.39179e-16
148.8 	 2.0535 	 0.219356 	 0.531898 	 0.0790314 	 0.580619 	 0.0917587 	 1 	 3.07407e-16
149 	 2.04778 	 0.221353 	 0.546322 	 0.0865661 	 0.584853 	 0.106888 	 1 	 2.84259e-16
149.2 	 2.04531 	 0.221828 	 0.542733 	 0.0826511 	 0.580932 	 0.111 	 1 	 3.82808e-16
149.4 	 2.04578 	 0.220663 	 0.520464 	 0.0779285 	 0.568047 	 0.105413 	 1 	 3.62597e-16
149.6 	 2.04824 	 0.218048 	 0.491985 	 0.0777091 	 0.549081 	 0.0959088 	 1 	 2.18939e-16
149.8 	 2.05147 	 0.214424 	 0.472118 	 0.0749866 	 0.530476 	 0.0889232 	 1 	 5.25974e-16
150 	 2.05424 	 0.210389 	 0.467639 	 0.0658674 	 0.519256 	 0.0875338 	 1 	 4.07082e-16
150.2 	 2.05558 	 0.206579 	 0.475454 	 0.0598438 	 0.519207 	 0.0906927 	 1 	 4.23569e-16
150.4 	 2.05511 	 0.203545 	 0.485616 	 0.0647042 	 0.529073 	 0.0950997 	 1 	 4.40994e-16
150.6 	 2.05324 	 0.201708 	 0.489669 	 0.0703913 	 0.543902 	 0.0972411 	 1 	 3.66355e-16
150.8 	 2.05069 	 0.201389 	 0.488287 	 0.0702055 	 0.558267 	 0.0947764 	 1 	 4.0876e-16
151 	 2.04796 	 0.202763 	 0.486414 	 0.0664355 	 0.569093 	 0.0865135 	 1 	 2.56395e-16
151.2 	 2.04502 	 0.20573 	 0.48556 	 0.0571921 	 0.576402 	 0.0736898 	 1 	 3.24739e-16
151.4 	 2.04151 	 0.209854 	 0.486183 	 0.0474824 	 0.581775 	 0.0648955 	 1 	 3.73757e-16
151.6 	 2.03727 	 0.214452 	 0.490299 	 0.0558505 	 0.585977 	 0.0725969 	 1 	 3.75584e-16
151.8 	 2.03277 	 0.218766 	 0.49746 	 0.0727464 	 0.587873 	 0.0914297 	 1 	 3.33067e-16
152 	 2.02927 	 0.2221 	 0.50309 	 0.0794253 	 0.585454 	 0.106969 	 1 	 3.1835e-16
152.2 	 2.02836 	 0.223948 	 0.502325 	 0.0772413 	 0.577655 	 0.112385 	 1 	 4.18691e-16
152.4 	 2.03096 	 0.224132 	 0.494205 	 0.074301 	 0.565121 	 0.107564 	 1 	 4.95126e-16
152.6 	 2.03668 	 0.222866 	 0.483546 	 0.0707811 	 0.549644 	 0.0954342 	 1 	 3.24739e-16
152.8 	 2.04401 	 0.220627 	 0.477508 	 0.0652513 	 0.533391 	 0.0802644 	 1 	 3.79213e-16
153 	 2.0512 	 0.217922 	 0.477777 	 0.0596901 	 0.518594 	 0.0673554 	 1 	 2.66864e-16
153.2 	 2.05701 	 0.215135 	 0.478977 	 0.0524058 	 0.507425 	 0.0604545 	 1 	 3.24739e-16
153.4 	 2.06072 	 0.212466 	 0.476478 	 0.0415486 	 0.501706 	 0.0571325 	 1 	 5.76889e-16
153.6 	 2.06178 	 0.209938 	 0.471422 	 0.0394143 	 0.502524 	 0.0524333 	 1 	 2.794e-16
153.8 	 2.05979 	 0.207436 	 0.468903 	 0.0506817 	 0.509834 	 0.0493457 	 1 	 2.66864e-16
154 	 2.05469 	 0.204818 	 0.474114 	 0.0581032 	 0.522093 	 0.059154 	 1 	 4.33161e-16
154.2 	 2.04709 	 0.202032 	 0.486909 	 0.0588729 	 0.536402 	 0.0799676 	 1 	 4.33161e-16
154.4 	 2.03847 	 0.199128 	 0.500835 	 0.0601532 	 0.549661 	 0.0988276 	 1 	 2.69418e-16
154.6 	 2.0308 	 0.196159 	 0.510588 	 0.0603722 	 0.560099 	 0.107856 	 1 	 4.02004e-16
154.8 	 2.02604 	 0.193091 	 0.516068 	 0.0584322 	 0.56765 	 0.106199 	 1 	 3.31005e-16
155 	 2.02532 	 0.189815 	 0.517731 	 0.0574916 	 0.572719 	 0.0972715 	 1 	 2.93737e-16
155.2 	 2.02848 	 0.186253 	 0.514142 	 0.0574198 	 0.574773 	 0.0856245 	 1 	 3.35117e-16
155.4 	 2.03417 	 0.182492 	 0.504848 	 0.0571032 	 0.572456 	 0.0747486 	 1 	 2.98363e-16
155.6 	 2.04051 	 0.178838 	 0.492372 	 0.054902 	 0.56517 	 0.0662604 	 1 	 3.588e-16
155.8 	 2.04577 	 0.175742 	 0.48149 	 0.0547775 	 0.554444 	 0.0621815 	 1 	 2.5371e-16
156 	 2.04869 	 0.173595 	 0.476637 	 0.0567458 	 0.543631 	 0.0651443 	 1 	 3.47161e-16
156.2 	 2.04865 	 0.172552 	 0.477946 	 0.0568772 	 0.536035 	 0.0711174 	 1 	 3.96861e-16
156.4 	 2.04579 	 0.172515 	 0.480064 	 0.0530459 	 0.53298 	 0.0709339 	 1 	 2.8184e-16
156.6 	 2.04087 	 0.173289 	 0.478528 	 0.0440079 	 0.533407 	 0.0606484 	 1 	 4.07082e-16
156.8 	 2.0348 	 0.174712 	 0.476172 	 0.0299645 	 0.535302 	 0.0479637 	 1 	 3.93394e-16
157 	 2.02819 	 0.176656 	 0.478936 	 0.0264819 	 0.53762 	 0.0498723 	 1 	 3.35117e-16
157.2 	 2.02101 	 0.178939 	 0.487637 	 0.0418084 	 0.540831 	 0.0648403 	 1 	 3.37154e-16
157.4 	 2.01295 	 0.181266 	 0.497748 	 0.0522027 	 0.54564 	 0.0780672 	 1 	 4.00297e-16
157.6 	 2.00384 	 0.18326 	 0.504425 	 0.0551687 	 0.551385 	 0.0844114 	 1 	 4.00297e-16
157.8 	 1.99413 	 0.184557 	 0.505779 	 0.0541505 	 0.555951 	 0.0852656 	 1 	 4.33161e-16
158 	 1.98482 	 0.184927 	 0.503657 	 0.051186 	 0.557436 	 0.0832199 	 1 	 3.05171e-16
158.2 	 1.9771 	 0.184374 	 0.501652 	 0.050942 	 0.555931 	 0.0797162 	 1 	 3.24739e-16
158.4 	 1.97186 	 0.183139 	 0.501957 	 0.053068 	 0.55359 	 0.0756342 	 1 	 3.96861e-16
158.6 	 1.96946 	 0.181612 	 0.504579 	 0.0542291 	 0.552785 	 0.0713985 	 1 	 3.37154e-16
158.8 	 1.96987 	 0.180215 	 0.507824 	 0.0526238 	 0.554009 	 0.0656935 	 1 	 3.84593e-16
159 	 1.97299 	 0.179283 	 0.508339 	 0.0459406 	 0.555522 	 0.0568982 	 1 	 4.20324e-16
159.2 	 1.97867 	 0.178957 	 0.503852 	 0.0385052 	 0.555056 	 0.0469061 	 1 	 2.28129e-16
159.4 	 1.98652 	 0.179165 	 0.496759 	 0.041693 	 0.551874 	 0.0421883 	 1 	 3.588e-16
159.6 	 1.99574 	 0.179734 	 0.491893 	 0.0441583 	 0.547313 	 0.0470538 	 1 	 3.96861e-16
159.8 	 2.00539 	 0.180545 	 0.491045 	 0.0380064 	 0.543594 	 0.0573815 	 1 	 4.99258e-16
160 	 2.01486 	 0.181568 	 0.491754 	 0.0423323 	 0.542212 	 0.068344 	 1 	 3.47161e-16
160.2 	 2.0241 	 0.182767 	 0.490545 	 0.0588493 	 0.543104 	 0.0781577 	 1 	 3.588e-16
160.4 	 2.03343 	 0.184006 	 0.486723 	 0.0734778 	 0.544925 	 0.0858026 	 1 	 4.23569e-16
160.6 	 2.04295 	 0.185101 	 0.483418 	 0.0845993 	 0.546115 	 0.0895412 	 1 	 3.56887e-16
160.8 	 2.05232 	 0.186027 	 0.484218 	 0.0901145 	 0.546103 	 0.0881831 	 1 	 4.0876e-16
161 	 2.06079 	 0.187025 	 0.489751 	 0.0855118 	 0.545667 	 0.0833052 	 1 	 2.8184e-16
161.2 	 2.06772 	 0.188454 	 0.498501 	 0.0735235 	 0.545971 	 0.0790926 	 1 	 2.86658e-16
161.4 	 2.07301 	 0.190484 	 0.507915 	 0.0622503 	 0.547143 	 0.0779986 	 1 	 3.14018e-16
161.6 	 2.07721 	 0.192922 	 0.513755 	 0.0517592 	 0.547915 	 0.0773854 	 1 	 3.28929e-16
161.8 	 2.08115 	 0.1953 	 0.512032 	 0.0387424 	 0.546653 	 0.0735449 	 1 	 3.33067e-16
162 	 2.08529 	 0.197163 	 0.502857 	 0.0318656 	 0.542597 	 0.0671644 	 1 	 3.14018e-16
162.2 	 2.08947 	 0.198345 	 0.490884 	 0.0406452 	 0.536264 	 0.063325 	 1 	 3.70074e-16
162.4 	 2.09302 	 0.199048 	 0.482032 	 0.0532048 	 0.529208 	 0.0655821 	 1 	 4.44089e-16
162.6 	 2.09528 	 0.199681 	 0.479511 	 0.0635911 	 0.523683 	 0.0730507 	 1 	 3.33067e-16
162.8 	 2.09596 	 0.200582 	 0.482141 	 0.0730133 	 0.522151 	 0.0849512 	 1 	 4.92352e-16
163 	 2.09538 	 0.201817 	 0.486798 	 0.0801784 	 0.526415 	 0.100042 	 1 	 3.82808e-16
163.2 	 2.09448 	 0.203158 	 0.491331 	 0.0853434 	 0.536671 	 0.113709 	 1 	 3.47161e-16
163.4 	 2.09462 	 0.204215 	 0.494738 	 0.0911838 	 0.551016 	 0.120819 	 1 	 4.42545e-16
163.6 	 2.09714 	 0.204637 	 0.496881 	 0.0939968 	 0.565676 	 0.119676 	 1 	 2.96059e-16
163.8 	 2.10261 	 0.204229 	 0.497981 	 0.088381 	 0.576132 	 0.112381 	 1 	 3.14018e-16
164 	 2.11056 	 0.202967 	 0.497555 	 0.079487 	 0.579066 	 0.102137 	 1 	 2.34056e-16
164.2 	 2.11969 	 0.200967 	 0.495898 	 0.0748732 	 0.574144 	 0.0905061 	 1 	 2.50997e-16
164.4 	 2.12844 	 0.198478 	 0.49519 	 0.0698098 	 0.564033 	 0.0772037 	 1 	 3.05171e-16
164.6 	 2.13559 	 0.19585 	 0.496632 	 0.0600494 	 0.552339 	 0.0626835 	 1 	 4.57757e-16
164.8 	 2.14068 	 0.193401 	 0.498065 	 0.0510765 	 0.541313 	 0.051438 	 1 	 4.13756e-16
165 	 2.14405 	 0.191241 	 0.494791 	 0.0445293 	 0.531422 	 0.0501094 	 1 	 2.50997e-16
165.2 	 2.1464 	 0.18922 	 0.484364 	 0.0372288 	 0.522739 	 0.0573183 	 1 	 2.4548e-16
165.4 	 2.14806 	 0.187112 	 0.471843 	 0.0367814 	 0.516192 	 0.0661832 	 1 	 3.0065e-16
165.6 	 2.14845 	 0.184888 	 0.465538 	 0.0440222 	 0.513304 	 0.0734704 	 1 	 5.18104e-16
165.8 	 2.1464 	 0.182799 	 0.467076 	 0.0480621 	 0.51487 	 0.078406 	 1 	 4.00297e-16
166 	 2.141 	 0.181214 	 0.471209 	 0.0460939 	 0.519987 	 0.0801614 	 1 	 2.4548e-16
166.2 	 2.13229 	 0.180374 	 0.473204 	 0.0425689 	 0.526355 	 0.078449 	 1 	 3.33067e-16
166.4 	 2.12147 	 0.18026 	 0.471484 	 0.043943 	 0.531748 	 0.0741327 	 1 	 3.77403e-16
166.6 	 2.11039 	 0.180615 	 0.46806 	 0.0485446 	 0.535592 	 0.0681052 	 1 	 2.71948e-16
166.8 	 2.1008 	 0.181133 	 0.469995 	 0.0500271 	 0.539392 	 0.0620806 	 1 	 2.09346e-16
167 	 2.09373 	 0.181669 	 0.482376 	 0.0476013 	 0.54549 	 0.0611617 	 1 	 3.56887e-16
167.2 	 2.08936 	 0.1823 	 0.498824 	 0.0452872 	 0.555094 	 0.0695266 	 1 	 5.57573e-16
167.4 	 2.08741 	 0.183165 	 0.508805 	 0.0527087 	 0.567094 	 0.0830692 	 1 	 4.33161e-16
167.6 	 2.08779 	 0.184225 	 0.510617 	 0.066728 	 0.578453 	 0.0945288 	 1 	 3.35117e-16
167.8 	 2.09069 	 0.185178 	 0.508203 	 0.0727005 	 0.585668 	 0.0994378 	 1 	 2.89037e-16
168 	 2.0962 	 0.185632 	 0.503676 	 0.0679239 	 0.586305 	 0.0965744 	 1 	 5.90961e-16
168.2 	 2.10375 	 0.185393 	 0.499065 	 0.0608282 	 0.579819 	 0.0872063 	 1 	 3.37154e-16
168.4 	 2.11209 	 0.184612 	 0.49641 	 0.0580841 	 0.567449 	 0.0746188 	 1 	 4.23569e-16
168.6 	 2.11965 	 0.183707 	 0.493752 	 0.0599523 	 0.551538 	 0.0641441 	 1 	 4.62223e-16
168.8 	 2.12506 	 0.183138 	 0.487409 	 0.0664645 	 0.534905 	 0.0617937 	 1 	 4.00297e-16
169 	 2.12747 	 0.183195 	 0.47792 	 0.0721065 	 0.520536 	 0.0669507 	 1 	 3.51083e-16
169.2 	 2.12678 	 0.183929 	 0.469897 	 0.0736202 	 0.511224 	 0.071234 	 1 	 3.43193e-16
169.4 	 2.12362 	 0.185209 	 0.467733 	 0.0696633 	 0.508845 	 0.0684732 	 1 	 4.26791e-16
169.6 	 2.11905 	 0.186804 	 0.473772 	 0.0585131 	 0.513547 	 0.0592529 	 1 	 3.26841e-16
169.8 	 2.11411 	 0.188429 	 0.486901 	 0.0430203 	 0.523513 	 0.0496303 	 1 	 2.86658e-16
170 	 2.10945 	 0.189784 	 0.500223 	 0.0329982 	 0.535594 	 0.0477676 	 1 	 1.92296e-16
170.2 	 2.10531 	 0.190569 	 0.505637 	 0.0388373 	 0.546532 	 0.0568702 	 1 	 3.588e-16
170.4 	 2.10176 	 0.190539 	 0.502631 	 0.0532427 	 0.554155 	 0.0713053 	 1 	 3.68219e-16
170.6 	 2.09877 	 0.189578 	 0.496877 	 0.0657221 	 0.557864 	 0.0833429 	 1 	 3.09626e-16
170.8 	 2.09631 	 0.187754 	 0.491966 	 0.0706593 	 0.558183 	 0.0879003 	 1 	 2.5371e-16
171 	 2.09427 	 0.185268 	 0.488248 	 0.0686162 	 0.555959 	 0.083845 	 1 	 3.09626e-16
171.2 	 2.09249 	 0.182366 	 0.48566 	 0.0627773 	 0.552158 	 0.07392 	 1 	 2.74454e-16
171.4 	 2.09073 	 0.179294 	 0.484208 	 0.0552259 	 0.548217 	 0.0646078 	 1 	 3.60704e-16
171.6 	 2.08879 	 0.176306 	 0.48556 	 0.0511183 	 0.545759 	 0.0638061 	 1 	 3.9165e-16
171.8 	 2.0866 	 0.173674 	 0.492085 	 0.0543739 	 0.545146 	 0.0717172 	 1 	 2.91397e-16
172 	 2.08447 	 0.171672 	 0.500707 	 0.0567578 	 0.544299 	 0.0802077 	 1 	 6.92346e-16
172.2 	 2.08303 	 0.170524 	 0.502799 	 0.0497867 	 0.539749 	 0.0825816 	 1 	 4.73926e-16
172.4 	 2.08301 	 0.170305 	 0.493761 	 0.039653 	 0.529703 	 0.0764595 	 1 	 4.05396e-16
172.6 	 2.08477 	 0.17087 	 0.47816 	 0.0367175 	 0.51652 	 0.0631695 	 1 	 3.89898e-16
172.8 	 2.08821 	 0.17191 	 0.46373 	 0.0393918 	 0.506164 	 0.0483934 	 1 	 4.25183e-16
173 	 2.09281 	 0.173106 	 0.455668 	 0.0450541 	 0.504735 	 0.0425338 	 1 	 4.34739e-16
173.2 	 2.09776 	 0.17425 	 0.457549 	 0.0493584 	 0.514486 	 0.0495417 	 1 	 3.54963e-16
173.4 	 2.10218 	 0.175277 	 0.470913 	 0.0515403 	 0.532143 	 0.0606506 	 1 	 2.8184e-16
173.6 	 2.1052 	 0.176207 	 0.490965 	 0.0539467 	 0.550726 	 0.0702317 	 1 	 3.51083e-16
173.8 	 2.10609 	 0.177101 	 0.507558 	 0.055779 	 0.563577 	 0.0778463 	 1 	 4.62223e-16
174 	 2.10431 	 0.178031 	 0.512571 	 0.0561075 	 0.567593 	 0.0836058 	 1 	 4.75369e-16
174.2 	 2.09954 	 0.179037 	 0.505063 	 0.0553545 	 0.563464 	 0.0854095 	 1 	 2.794e-16
174.4 	 2.09183 	 0.180093 	 0.490819 	 0.0505023 	 0.553518 	 0.080181 	 1 	 2.59052e-16
174.6 	 2.08172 	 0.181142 	 0.477749 	 0.0401273 	 0.539818 	 0.0677956 	 1 	 3.22623e-16
174.8 	 2.07039 	 0.182193 	 0.470487 	 0.02666 	 0.52427 	 0.0543865 	 1 	 4.37878e-16
175 	 2.05938 	 0.183376 	 0.468743 	 0.0172781 	 0.509961 	 0.0507776 	 1 	 5.08768e-16
175.2 	 2.05009 	 0.184896 	 0.469749 	 0.0207111 	 0.501572 	 0.0586874 	 1 	 4.25183e-16
175.4 	 2.04331 	 0.186928 	 0.472235 	 0.0261936 	 0.503667 	 0.0683549 	 1 	 3.81015e-16
175.6 	 2.03915 	 0.189498 	 0.478725 	 0.0366707 	 0.517749 	 0.0727599 	 1 	 3.84593e-16
175.8 	 2.03742 	 0.192438 	 0.490814 	 0.052767 	 0.540398 	 0.0707174 	 1 	 4.5925e-16
176 	 2.03805 	 0.195419 	 0.50278 	 0.0652362 	 0.564298 	 0.0682739 	 1 	 4.60739e-16
176.2 	 2.04111 	 0.197999 	 0.507062 	 0.0752741 	 0.5819 	 0.0759489 	 1 	 4.18691e-16
176.4 	 2.04653 	 0.199679 	 0.504525 	 0.0878202 	 0.589207 	 0.0940113 	 1 	 2.34056e-16
176.6 	 2.0537 	 0.200033 	 0.501426 	 0.0977347 	 0.586978 	 0.111928 	 1 	 3.9165e-16
176.8 	 2.06151 	 0.198901 	 0.500412 	 0.0972532 	 0.578765 	 0.120887 	 1 	 3.20494e-16
177 	 2.06868 	 0.196494 	 0.501232 	 0.0894282 	 0.567797 	 0.117736 	 1 	 4.99258e-16
177.2 	 2.07427 	 0.193296 	 0.502721 	 0.0778212 	 0.5553 	 0.104636 	 1 	 3.75584e-16
177.4 	 2.07795 	 0.189822 	 0.500721 	 0.0596936 	 0.541239 	 0.0875901 	 1 	 4.26791e-16
177.6 	 2.08 	 0.186435 	 0.492745 	 0.0392149 	 0.526336 	 0.0740079 	 1 	 4.15407e-16
177.8 	 2.08103 	 0.1833 	 0.482402 	 0.035344 	 0.513262 	 0.0684445 	 1 	 2.71948e-16
178 	 2.0816 	 0.180483 	 0.473152 	 0.0443955 	 0.505724 	 0.0686324 	 1 	 3.51083e-16
178.2 	 2.08188 	 0.178125 	 0.465777 	 0.0462243 	 0.506193 	 0.0688004 	 1 	 3.28929e-16
178.4 	 2.08174 	 0.176512 	 0.46307 	 0.0404633 	 0.514414 	 0.0652467 	 1 	 2.69418e-16
178.6 	 2.08099 	 0.175964 	 0.467523 	 0.0372343 	 0.527991 	 0.058163 	 1 	 4.71028e-16
178.8 	 2.07959 	 0.176601 	 0.477536 	 0.0440529 	 0.544141 	 0.0526169 	 1 	 3.24739e-16
179 	 2.07763 	 0.178248 	 0.4903 	 0.0585654 	 0.560725 	 0.0563169 	 1 	 4.20324e-16
179.2 	 2.07549 	 0.180544 	 0.502956 	 0.075107 	 0.575955 	 0.06938 	 1 	 2.71948e-16
179.4 	 2.07388 	 0.183124 	 0.511288 	 0.0857038 	 0.587785 	 0.0839416 	 1 	 4.28392e-16
179.6 	 2.07377 	 0.185679 	 0.512833 	 0.0849079 	 0.593973 	 0.0932159 	 1 	 3.66355e-16
179.8 	 2.07595 	 0.187885 	 0.510056 	 0.0783343 	 0.592713 	 0.09494 	 1 	 3.66355e-16
180 	 2.0804 	 0.18938 	 0.506669 	 0.0719799 	 0.583359 	 0.0912543 	 1 	 3.24739e-16
180.2 	 2.08629 	 0.189888 	 0.501856 	 0.0626897 	 0.566983 	 0.0855885 	 1 	 4.50215e-16
180.4 	 2.09247 	 0.18941 	 0.491851 	 0.0517502 	 0.546554 	 0.0794627 	 1 	 2.86658e-16
180.6 	 2.09812 	 0.188264 	 0.476644 	 0.0484818 	 0.526387 	 0.0737165 	 1 	 3.33067e-16
180.8 	 2.10294 	 0.18688 	 0.461796 	 0.0505322 	 0.510939 	 0.0704424 	 1 	 3.588e-16
181 	 2.10691 	 0.185565 	 0.454833 	 0.0491497 	 0.503496 	 0.0702909 	 1 	 4.18691e-16
181.2 	 2.10996 	 0.184427 	 0.460865 	 0.0462088 	 0.505207 	 0.0713716 	 1 	 4.07082e-16
181.4 	 2.1118 	 0.183446 	 0.477969 	 0.0467549 	 0.514585 	 0.0731293 	 1 	 3.02919e-16
181.6 	 2.11206 	 0.182541 	 0.496536 	 0.0538728 	 0.527892 	 0.0764825 	 1 	 3.79213e-16
181.8 	 2.11058 	 0.181588 	 0.506331 	 0.0628631 	 0.540729 	 0.0800548 	 1 	 4.10432e-16
182 	 2.10766 	 0.18044 	 0.504071 	 0.0651338 	 0.550085 	 0.0805407 	 1 	 2.28129e-16
182.2 	 2.10376 	 0.178967 	 0.494498 	 0.058851 	 0.555292 	 0.0764692 	 1 	 2.74454e-16
182.4 	 2.09917 	 0.177068 	 0.486305 	 0.0502733 	 0.557259 	 0.0700867 	 1 	 2.64286e-16
182.6 	 2.09381 	 0.174667 	 0.486121 	 0.0484518 	 0.557083 	 0.0661288 	 1 	 3.37154e-16
182.8 	 2.08758 	 0.171701 	 0.493865 	 0.051081 	 0.555393 	 0.0673409 	 1 	 5.33729e-16
183 	 2.08083 	 0.168177 	 0.502912 	 0.0504561 	 0.55248 	 0.0708869 	 1 	 3.53028e-16
183.2 	 2.07451 	 0.164207 	 0.504479 	 0.0502719 	 0.548551 	 0.0716169 	 1 	 3.07407e-16
183.4 	 2.0699 	 0.159959 	 0.494497 	 0.0536175 	 0.543889 	 0.0670304 	 1 	 2.61682e-16
183.6 	 2.06806 	 0.155585 	 0.478522 	 0.0531995 	 0.539127 	 0.0593355 	 1 	 3.62597e-16
183.8 	 2.06943 	 0.151262 	 0.467466 	 0.0476871 	 0.53539 	 0.0548212 	 1 	 2.64286e-16
184 	 2.07374 	 0.147289 	 0.467565 	 0.0481536 	 0.533886 	 0.0583619 	 1 	 4.76807e-16
184.2 	 2.08019 	 0.14407 	 0.476729 	 0.0586626 	 0.535187 	 0.066685 	 1 	 3.41192e-16
184.4 	 2.08783 	 0.141922 	 0.488604 	 0.0676043 	 0.538814 	 0.0724149 	 1 	 5.23364e-16
184.6 	 2.09584 	 0.140872 	 0.497114 	 0.0630581 	 0.54333 	 0.0708129 	 1 	 3.51083e-16
184.8 	 2.10355 	 0.14062 	 0.500128 	 0.0511242 	 0.546688 	 0.0625539 	 1 	 4.23569e-16
185 	 2.11042 	 0.140741 	 0.499488 	 0.0545121 	 0.546709 	 0.0533696 	 1 	 4.34739e-16
185.2 	 2.11591 	 0.140948 	 0.49581 	 0.0632609 	 0.541818 	 0.0499696 	 1 	 3.68219e-16
185.4 	 2.11952 	 0.141227 	 0.487113 	 0.0569529 	 0.531877 	 0.0554104 	 1 	 3.35117e-16
185.6 	 2.12073 	 0.141713 	 0.473701 	 0.0388634 	 0.518666 	 0.0684487 	 1 	 5.01993e-16
185.8 	 2.11897 	 0.142468 	 0.459407 	 0.0315017 	 0.505628 	 0.0838504 	 1 	 4.12097e-16
186 	 2.11378 	 0.143362 	 0.449628 	 0.0420977 	 0.496839 	 0.0943591 	 1 	 3.33067e-16
186.2 	 2.10519 	 0.144145 	 0.451075 	 0.0501462 	 0.495447 	 0.0944396 	 1 	 3.98582e-16
186.4 	 2.09412 	 0.144565 	 0.466543 	 0.0507237 	 0.502204 	 0.0829457 	 1 	 5.81617e-16
186.6 	 2.08233 	 0.144469 	 0.488036 	 0.0457442 	 0.515052 	 0.064883 	 1 	 3.53028e-16
186.8 	 2.0718 	 0.143868 	 0.502992 	 0.0387156 	 0.530221 	 0.0522806 	 1 	 2.64286e-16
187 	 2.06389 	 0.142968 	 0.507417 	 0.0430626 	 0.544194 	 0.0541916 	 1 	 4.28392e-16
187.2 	 2.05881 	 0.142111 	 0.506438 	 0.0577608 	 0.55516 	 0.0606782 	 1 	 3.66355e-16
187.4 	 2.05574 	 0.14163 	 0.505415 	 0.0610586 	 0.563107 	 0.0610709 	 1 	 2.66864e-16
187.6 	 2.05349 	 0.141734 	 0.506479 	 0.0489746 	 0.568784 	 0.0555457 	 1 	 4.69572e-16
187.8 	 2.0513 	 0.142447 	 0.509865 	 0.0371997 	 0.572536 	 0.0503517 	 1 	 4.47163e-16
188 	 2.04931 	 0.143608 	 0.512798 	 0.0422778 	 0.573942 	 0.0499553 	 1 	 2.31111e-16
188.2 	 2.04828 	 0.14492 	 0.510302 	 0.0528185 	 0.572427 	 0.0546412 	 1 	 3.79213e-16
188.4 	 2.04894 	 0.146072 	 0.501659 	 0.0580174 	 0.568148 	 0.0642258 	 1 	 2.8184e-16
188.6 	 2.05145 	 0.146922 	 0.491856 	 0.0639628 	 0.562202 	 0.0754179 	 1 	 3.84593e-16
188.8 	 2.05557 	 0.147587 	 0.485743 	 0.0681015 	 0.556033 	 0.0813592 	 1 	 3.05171e-16
189 	 2.061 	 0.148348 	 0.485831 	 0.0615688 	 0.550704 	 0.0773694 	 1 	 4.34739e-16
189.2 	 2.06775 	 0.149385 	 0.491819 	 0.0507638 	 0.546585 	 0.0642478 	 1 	 3.53028e-16
189.4 	 2.07589 	 0.150585 	 0.498016 	 0.0460078 	 0.543333 	 0.0475406 	 1 	 3.93394e-16
189.6 	 2.08534 	 0.151591 	 0.497412 	 0.0415734 	 0.539994 	 0.0364619 	 1 	 4.90959e-16
189.8 	 2.09567 	 0.152089 	 0.489446 	 0.0323789 	 0.535455 	 0.0391633 	 1 	 3.02919e-16
190 	 2.10621 	 0.152081 	 0.479101 	 0.0306726 	 0.529298 	 0.0495391 	 1 	 3.45182e-16
190.2 	 2.11613 	 0.151912 	 0.471301 	 0.036755 	 0.522397 	 0.0578733 	 1 	 3.82808e-16
190.4 	 2.12471 	 0.152072 	 0.468735 	 0.0349304 	 0.516593 	 0.0600994 	 1 	 1.61312e-16
190.6 	 2.13166 	 0.152948 	 0.47127 	 0.0277061 	 0.513714 	 0.0573219 	 1 	 2.93737e-16
190.8 	 2.13718 	 0.154685 	 0.475584 	 0.0357806 	 0.514744 	 0.0556185 	 1 	 3.09626e-16
191 	 2.14182 	 0.157182 	 0.477927 	 0.0559466 	 0.519473 	 0.0616639 	 1 	 3.70074e-16
191.2 	 2.14606 	 0.160199 	 0.477896 	 0.0705199 	 0.526567 	 0.0747885 	 1 	 5.87475e-16
191.4 	 2.15 	 0.163479 	 0.477345 	 0.0757257 	 0.534048 	 0.0888377 	 1 	 3.07407e-16
191.6 	 2.15321 	 0.166829 	 0.47719 	 0.074751 	 0.540183 	 0.0985012 	 1 	 3.37154e-16
191.8 	 2.15488 	 0.17012 	 0.478612 	 0.0724236 	 0.544281 	 0.102207 	 1 	 3.66355e-16
192 	 2.15435 	 0.173278 	 0.484143 	 0.0772815 	 0.546764 	 0.102742 	 1 	 4.42545e-16
192.2 	 2.15184 	 0.176292 	 0.49374 	 0.0872876 	 0.548444 	 0.104212 	 1 	 3.95131e-16
192.4 	 2.14885 	 0.179199 	 0.503369 	 0.0867514 	 0.549593 	 0.107275 	 1 	 2.42674e-16
192.6 	 2.14764 	 0.182006 	 0.509436 	 0.0702941 	 0.549413 	 0.108871 	 1 	 4.33161e-16
192.8 	 2.15014 	 0.184608 	 0.510329 	 0.0551836 	 0.546338 	 0.105285 	 1 	 4.54755e-16
193 	 2.15704 	 0.186777 	 0.503759 	 0.0557826 	 0.539275 	 0.0939699 	 1 	 3.28929e-16
193.2 	 2.16752 	 0.188285 	 0.489313 	 0.0543656 	 0.529083 	 0.0760347 	 1 	 2.39836e-16
193.4 	 2.17956 	 0.189047 	 0.473171 	 0.0484648 	 0.518894 	 0.060968 	 1 	 3.89898e-16
193.6 	 2.1906 	 0.189165 	 0.463289 	 0.0454445 	 0.51251 	 0.0631914 	 1 	 4.23569e-16
193.8 	 2.19822 	 0.188843 	 0.461693 	 0.0470204 	 0.511981 	 0.0776024 	 1 	 3.73757e-16
194 	 2.20088 	 0.188273 	 0.465455 	 0.056883 	 0.516473 	 0.0889631 	 1 	 4.15407e-16
194.2 	 2.19808 	 0.187625 	 0.470966 	 0.0675284 	 0.523257 	 0.0917855 	 1 	 2.96059e-16
194.4 	 2.19015 	 0.187091 	 0.47552 	 0.0695351 	 0.529769 	 0.0882729 	 1 	 3.588e-16
194.6 	 2.17787 	 0.186877 	 0.478052 	 0.0646005 	 0.535033 	 0.0829565 	 1 	 2.89037e-16
194.8 	 2.16249 	 0.187074 	 0.479308 	 0.0617671 	 0.539613 	 0.0776349 	 1 	 3.39179e-16
195 	 2.14588 	 0.187531 	 0.481674 	 0.061565 	 0.544408 	 0.0707574 	 1 	 3.05171e-16
195.2 	 2.13041 	 0.187871 	 0.48793 	 0.0581218 	 0.549328 	 0.0622914 	 1 	 2.39836e-16
195.4 	 2.11832 	 0.187664 	 0.49749 	 0.0510068 	 0.552934 	 0.0563658 	 1 	 2.39836e-16
195.6 	 2.11105 	 0.186659 	 0.505448 	 0.0456017 	 0.553368 	 0.0556484 	 1 	 3.20494e-16
195.8 	 2.10881 	 0.184961 	 0.507248 	 0.0433006 	 0.549744 	 0.055849 	 1 	 2.794e-16
196 	 2.11059 	 0.183028 	 0.50143 	 0.0448758 	 0.542831 	 0.0522944 	 1 	 4.47163e-16
196.2 	 2.11463 	 0.181459 	 0.488622 	 0.0554544 	 0.534649 	 0.0463907 	 1 	 4.29988e-16
196.4 	 2.11931 	 0.180701 	 0.473126 	 0.0632157 	 0.527495 	 0.0449802 	 1 	 2.98363e-16
196.6 	 2.12375 	 0.180866 	 0.463509 	 0.0585304 	 0.52302 	 0.0527379 	 1 	 2.02698e-16
196.8 	 2.12773 	 0.181783 	 0.465536 	 0.0477599 	 0.521712 	 0.0657012 	 1 	 4.25183e-16
197 	 2.13117 	 0.183181 	 0.476527 	 0.0470679 	 0.523081 	 0.0774583 	 1 	 3.43193e-16
197.2 	 2.13367 	 0.184818 	 0.489079 	 0.0576039 	 0.526458 	 0.0836064 	 1 	 3.588e-16
197.4 	 2.13458 	 0.186492 	 0.496545 	 0.0601678 	 0.531622 	 0.082045 	 1 	 4.23569e-16
197.6 	 2.13342 	 0.188016 	 0.49602 	 0.0500399 	 0.538437 	 0.0739848 	 1 	 3.82808e-16
197.8 	 2.13011 	 0.189203 	 0.490868 	 0.0427821 	 0.545912 	 0.0663496 	 1 	 3.45182e-16
198 	 2.12498 	 0.189883 	 0.488302 	 0.0466869 	 0.55197 	 0.0683969 	 1 	 4.5925e-16
198.2 	 2.11861 	 0.189942 	 0.491518 	 0.0507839 	 0.554485 	 0.0781801 	 1 	 2.66864e-16
198.4 	 2.11166 	 0.189379 	 0.497596 	 0.0527329 	 0.552801 	 0.0857837 	 1 	 2.8184e-16
198.6 	 2.10474 	 0.188311 	 0.502709 	 0.0528262 	 0.54848 	 0.0858919 	 1 	 3.1835e-16
198.8 	 2.09848 	 0.186893 	 0.503648 	 0.0499194 	 0.544676 	 0.0780749 	 1 	 2.86658e-16
199 	 2.09368 	 0.185223 	 0.496973 	 0.0450441 	 0.544381 	 0.0638639 	 1 	 3.31005e-16
199.2 	 2.09131 	 0.183358 	 0.48455 	 0.0406497 	 0.548439 	 0.0488745 	 1 	 2.50997e-16
199.4 	 2.09199 	 0.181405 	 0.476658 	 0.0426714 	 0.554742 	 0.0476094 	 1 	 4.18691e-16
199.6 	 2.0955 	 0.179552 	 0.48208 	 0.0491987 	 0.55947 	 0.0635729 	 1 	 4.44089e-16
199.8 	 2.10075 	 0.177988 	 0.497704 	 0.0569522 	 0.55958 	 0.0814911 	 1 	 3.02919e-16
200 	 2.10636 	 0.176801 	 0.511259 	 0.0642009 	 0.554588 	 0.092693 	 1 	 3.79213e-16
