time = tau * tau_parallel
rms: rms distance of hole to its origin
IPR: inverse participation ratio, IPR(tau) = sum_i (n_h(i,tau))^2, with hole density n_h(i,tau) at site i at time tau.
return prob: probability of the hole to return to its origin, n_h(0,tau).
leg imbalance: difference between the occupation in the two legs of the ladder (see Eq. (15) in the manuscript).


time, rms, IPR, return prob, leg imbalance
0 	 0 	 1 	 1 	 1
0.1 	 0.10015 	 0.980287 	 0.990044 	 1
0.2 	 0.197623 	 0.92697 	 0.962059 	 1
0.3 	 0.289667 	 0.854585 	 0.921215 	 1
0.4 	 0.37344 	 0.779727 	 0.874726 	 1
0.5 	 0.446078 	 0.715117 	 0.830241 	 1
0.6 	 0.504863 	 0.667397 	 0.794363 	 1
0.7 	 0.547497 	 0.638437 	 0.771632 	 1
0.8 	 0.572402 	 0.627864 	 0.76411 	 1
0.9 	 0.579031 	 0.634826 	 0.771508 	 1
1 	 0.568121 	 0.658301 	 0.791657 	 1
1.1 	 0.541911 	 0.696447 	 0.821094 	 1
1.2 	 0.504331 	 0.745728 	 0.855597 	 1
1.3 	 0.461152 	 0.800362 	 0.890591 	 1
1.4 	 0.41997 	 0.852399 	 0.92149 	 1
1.5 	 0.389463 	 0.892679 	 0.944065 	 1
1.6 	 0.377002 	 0.912743 	 0.954918 	 1
1.7 	 0.385006 	 0.907389 	 0.952049 	 1
1.8 	 0.409543 	 0.876929 	 0.935399 	 1
1.9 	 0.443131 	 0.827861 	 0.907192 	 1
2 	 0.478404 	 0.771096 	 0.871883 	 1
2.1 	 0.509782 	 0.718285 	 0.835579 	 1
2.2 	 0.533568 	 0.678215 	 0.804962 	 1
2.3 	 0.547566 	 0.655374 	 0.785914 	 1
2.4 	 0.550736 	 0.651104 	 0.782209 	 1
2.5 	 0.543002 	 0.665593 	 0.794633 	 1
2.6 	 0.525248 	 0.698386 	 0.820802 	 1
2.7 	 0.49949 	 0.746847 	 0.855725 	 1
2.8 	 0.469199 	 0.804252 	 0.892927 	 1
2.9 	 0.439613 	 0.859844 	 0.925816 	 1
3 	 0.417581 	 0.901553 	 0.948933 	 1
3.1 	 0.410141 	 0.919999 	 0.958808 	 1
3.2 	 0.421515 	 0.911482 	 0.954293 	 1
3.3 	 0.450574 	 0.878623 	 0.936424 	 1
3.4 	 0.491451 	 0.828813 	 0.90799 	 1
3.5 	 0.536413 	 0.771633 	 0.872993 	 1
3.6 	 0.578209 	 0.716392 	 0.836127 	 1
3.7 	 0.61107 	 0.670451 	 0.802321 	 1
3.8 	 0.630938 	 0.638552 	 0.776282 	 1
3.9 	 0.635441 	 0.623079 	 0.762009 	 1
4 	 0.623787 	 0.624982 	 0.762236 	 1
4.1 	 0.596631 	 0.644761 	 0.777877 	 1
4.2 	 0.555944 	 0.682706 	 0.807577 	 1
4.3 	 0.504937 	 0.73776 	 0.847579 	 1
4.4 	 0.448134 	 0.805318 	 0.892044 	 1
4.5 	 0.391726 	 0.875546 	 0.933921 	 1
4.6 	 0.344122 	 0.934284 	 0.966224 	 1
4.7 	 0.31564 	 0.967274 	 0.983451 	 1
4.8 	 0.314675 	 0.96592 	 0.982756 	 1
4.9 	 0.341284 	 0.93114 	 0.964548 	 1
5 	 0.387011 	 0.872795 	 0.932348 	 1
5.1 	 0.441274 	 0.805168 	 0.891961 	 1
5.2 	 0.495423 	 0.741464 	 0.850211 	 1
5.3 	 0.543197 	 0.690397 	 0.813599 	 1
5.4 	 0.580215 	 0.655896 	 0.787216 	 1
5.5 	 0.603619 	 0.638825 	 0.774121 	 1
5.6 	 0.61196 	 0.638856 	 0.77522 	 1
5.7 	 0.60524 	 0.65536 	 0.789501 	 1
5.8 	 0.585002 	 0.687198 	 0.814439 	 1
5.9 	 0.554438 	 0.731906 	 0.846419 	 1
6 	 0.518429 	 0.784854 	 0.881102 	 1
6.1 	 0.483389 	 0.838871 	 0.913783 	 1
6.2 	 0.45653 	 0.88476 	 0.939815 	 1
6.3 	 0.444128 	 0.912999 	 0.955147 	 1
6.4 	 0.449067 	 0.916435 	 0.956984 	 1
6.5 	 0.469526 	 0.893101 	 0.944436 	 1
6.6 	 0.500231 	 0.847659 	 0.918972 	 1
6.7 	 0.534986 	 0.790284 	 0.884472 	 1
6.8 	 0.568439 	 0.733163 	 0.846732 	 1
6.9 	 0.596658 	 0.686454 	 0.812463 	 1
7 	 0.617042 	 0.656036 	 0.787961 	 1
7.1 	 0.628094 	 0.644007 	 0.777791 	 1
7.2 	 0.629244 	 0.650704 	 0.783804 	 1
7.3 	 0.620829 	 0.675932 	 0.804761 	 1
7.4 	 0.604204 	 0.718163 	 0.836647 	 1
7.5 	 0.581939 	 0.772615 	 0.873584 	 1
7.6 	 0.557977 	 0.830377 	 0.909082 	 1
7.7 	 0.537517 	 0.87998 	 0.937301 	 1
7.8 	 0.526239 	 0.910827 	 0.954005 	 1
7.9 	 0.528637 	 0.916562 	 0.957057 	 1
8 	 0.5461 	 0.896698 	 0.94645 	 1
8.1 	 0.576135 	 0.856075 	 0.924 	 1
8.2 	 0.613411 	 0.80291 	 0.892904 	 1
8.3 	 0.651639 	 0.746474 	 0.857279 	 1
8.4 	 0.685076 	 0.695156 	 0.821773 	 1
8.5 	 0.709311 	 0.655235 	 0.79118 	 1
8.6 	 0.72155 	 0.630474 	 0.769991 	 1
8.7 	 0.720637 	 0.622551 	 0.761812 	 1
8.8 	 0.706949 	 0.632054 	 0.768691 	 1
8.9 	 0.682224 	 0.659305 	 0.790506 	 1
9 	 0.649376 	 0.704029 	 0.824634 	 1
9.1 	 0.612299 	 0.763574 	 0.866124 	 1
9.2 	 0.575687 	 0.830794 	 0.90842 	 1
9.3 	 0.544727 	 0.893696 	 0.944548 	 1
9.4 	 0.524473 	 0.93824 	 0.96849 	 1
9.5 	 0.518721 	 0.95344 	 0.976387 	 1
9.6 	 0.528715 	 0.935912 	 0.967275 	 1
9.7 	 0.552577 	 0.891129 	 0.943183 	 1
9.8 	 0.585988 	 0.830742 	 0.908597 	 1
9.9 	 0.623541 	 0.767825 	 0.869471 	 1
10 	 0.659916 	 0.712799 	 0.832066 	 1
10.1 	 0.690565 	 0.671775 	 0.801883 	 1
10.2 	 0.71205 	 0.647191 	 0.782906 	 1
10.3 	 0.722208 	 0.639471 	 0.777226 	 1
10.4 	 0.720261 	 0.648322 	 0.785013 	 1
10.5 	 0.706885 	 0.673074 	 0.804718 	 1
10.6 	 0.684235 	 0.712121 	 0.833388 	 1
10.7 	 0.655877 	 0.761978 	 0.867013 	 1
10.8 	 0.626551 	 0.816526 	 0.900901 	 1
10.9 	 0.601598 	 0.867047 	 0.930131 	 1
11 	 0.585951 	 0.903511 	 0.950138 	 1
11.1 	 0.582801 	 0.917168 	 0.957416 	 1
11.2 	 0.592571 	 0.903683 	 0.950238 	 1
11.3 	 0.612918 	 0.865311 	 0.929198 	 1
11.4 	 0.639757 	 0.81065 	 0.89737 	 1
11.5 	 0.668574 	 0.751696 	 0.859942 	 1
11.6 	 0.69535 	 0.699693 	 0.823353 	 1
11.7 	 0.716981 	 0.662109 	 0.794079 	 1
11.8 	 0.731381 	 0.642208 	 0.777354 	 1
11.9 	 0.737443 	 0.640711 	 0.776126 	 1
12 	 0.735013 	 0.657559 	 0.790501 	 1
12.1 	 0.7249 	 0.692079 	 0.817794 	 1
12.2 	 0.70893 	 0.741513 	 0.853156 	 1
12.3 	 0.689985 	 0.799518 	 0.890599 	 1
12.4 	 0.671874 	 0.856326 	 0.924147 	 1
12.5 	 0.658885 	 0.900986 	 0.948834 	 1
12.6 	 0.654895 	 0.92457 	 0.961371 	 1
12.7 	 0.662198 	 0.922706 	 0.960395 	 1
12.8 	 0.680633 	 0.896422 	 0.946392 	 1
12.9 	 0.707573 	 0.851348 	 0.921411 	 1
13 	 0.738786 	 0.795938 	 0.888736 	 1
13.1 	 0.769614 	 0.739424 	 0.852565 	 1
13.2 	 0.795933 	 0.689973 	 0.817679 	 1
13.3 	 0.814715 	 0.653413 	 0.789016 	 1
13.4 	 0.824239 	 0.632859 	 0.771053 	 1
13.5 	 0.824079 	 0.629402 	 0.767048 	 1
13.6 	 0.814979 	 0.643323 	 0.778276 	 1
13.7 	 0.79866 	 0.674667 	 0.803507 	 1
13.8 	 0.777629 	 0.722264 	 0.838977 	 1
13.9 	 0.754968 	 0.781604 	 0.878914 	 1
14 	 0.734097 	 0.843437 	 0.916578 	 1
14.1 	 0.718446 	 0.894983 	 0.945561 	 1
14.2 	 0.710963 	 0.923953 	 0.961049 	 1
14.3 	 0.7135 	 0.923354 	 0.960733 	 1
14.4 	 0.726282 	 0.89424 	 0.94517 	 1
14.5 	 0.747734 	 0.84487 	 0.917525 	 1
14.6 	 0.7748 	 0.787013 	 0.88281 	 1
14.7 	 0.803589 	 0.731743 	 0.846839 	 1
14.8 	 0.830091 	 0.686832 	 0.815177 	 1
14.9 	 0.850787 	 0.656368 	 0.792303 	 1
15 	 0.863082 	 0.64184 	 0.781114 	 1
15.1 	 0.865602 	 0.643471 	 0.782747 	 1
15.2 	 0.85835 	 0.660945 	 0.796652 	 1
15.3 	 0.842733 	 0.693301 	 0.820794 	 1
15.4 	 0.821434 	 0.738218 	 0.851906 	 1
15.5 	 0.798114 	 0.791113 	 0.885765 	 1
15.6 	 0.776894 	 0.844635 	 0.917572 	 1
15.7 	 0.761625 	 0.88919 	 0.942475 	 1
15.8 	 0.755065 	 0.914909 	 0.95627 	 1
15.9 	 0.758231 	 0.914755 	 0.956187 	 1
16 	 0.770247 	 0.887512 	 0.941571 	 1
16.1 	 0.788757 	 0.838919 	 0.914258 	 1
16.2 	 0.810653 	 0.77994 	 0.878466 	 1
16.3 	 0.832769 	 0.722817 	 0.84016 	 1
16.4 	 0.852341 	 0.677109 	 0.805973 	 1
16.5 	 0.867228 	 0.647888 	 0.781915 	 1
16.6 	 0.875988 	 0.636655 	 0.772173 	 1
16.7 	 0.877904 	 0.643458 	 0.778298 	 1
16.8 	 0.873018 	 0.668056 	 0.798987 	 1
16.9 	 0.862189 	 0.709173 	 0.830466 	 1
17 	 0.847158 	 0.762762 	 0.867348 	 1
17.1 	 0.830533 	 0.821133 	 0.903709 	 1
17.2 	 0.815588 	 0.874048 	 0.934123 	 1
17.3 	 0.805779 	 0.911403 	 0.954438 	 1
17.4 	 0.803969 	 0.926092 	 0.962204 	 1
17.5 	 0.811605 	 0.915775 	 0.956763 	 1
17.6 	 0.828206 	 0.88308 	 0.939109 	 1
17.7 	 0.851465 	 0.834547 	 0.911651 	 1
17.8 	 0.877894 	 0.77888 	 0.877957 	 1
17.9 	 0.903677 	 0.724989 	 0.842461 	 1
18 	 0.925416 	 0.680271 	 0.810073 	 1
18.1 	 0.940617 	 0.649584 	 0.785622 	 1
18.2 	 0.947908 	 0.635287 	 0.773133 	 1
18.3 	 0.94707 	 0.638189 	 0.775056 	 1
18.4 	 0.938943 	 0.658542 	 0.791632 	 1
18.5 	 0.925258 	 0.695975 	 0.820591 	 1
18.6 	 0.908446 	 0.74799 	 0.857359 	 1
18.7 	 0.891404 	 0.808067 	 0.895781 	 1
18.8 	 0.877186 	 0.865322 	 0.929262 	 1
18.9 	 0.868607 	 0.90697 	 0.952069 	 1
19 	 0.867758 	 0.922813 	 0.960448 	 1
19.1 	 0.875552 	 0.909283 	 0.953302 	 1
19.2 	 0.891466 	 0.870654 	 0.93228 	 1
19.3 	 0.913594 	 0.816882 	 0.901307 	 1
19.4 	 0.939021 	 0.759597 	 0.86571 	 1
19.5 	 0.964367 	 0.708526 	 0.831205 	 1
19.6 	 0.986358 	 0.669829 	 0.80295 	 1
19.7 	 1.00231 	 0.646389 	 0.784849 	 1
19.8 	 1.01045 	 0.639085 	 0.779175 	 1
19.9 	 1.01015 	 0.647952 	 0.786458 	 1
20 	 1.00197 	 0.672569 	 0.805556 	 1
20.1 	 0.987605 	 0.71159 	 0.833826 	 1
20.2 	 0.969679 	 0.761745 	 0.867383 	 1
20.3 	 0.951392 	 0.816957 	 0.901472 	 1
20.4 	 0.936015 	 0.868292 	 0.931004 	 1
20.5 	 0.926318 	 0.905367 	 0.951237 	 1
20.6 	 0.924048 	 0.919142 	 0.958544 	 1
20.7 	 0.929615 	 0.905214 	 0.951147 	 1
20.8 	 0.942106 	 0.865972 	 0.929625 	 1
20.9 	 0.959579 	 0.810208 	 0.89704 	 1
21 	 0.979519 	 0.750037 	 0.858573 	 1
21.1 	 0.999281 	 0.696674 	 0.820646 	 1
21.2 	 1.01643 	 0.657426 	 0.789735 	 1
21.3 	 1.02895 	 0.635369 	 0.771108 	 1
21.4 	 1.03541 	 0.631117 	 0.767814 	 1
21.5 	 1.0351 	 0.644691 	 0.780166 	 1
21.6 	 1.02812 	 0.675776 	 0.80581 	 1
21.7 	 1.01551 	 0.72237 	 0.840324 	 1
21.8 	 0.999306 	 0.779269 	 0.87816 	 1
21.9 	 0.982335 	 0.837935 	 0.913658 	 1
22 	 0.967899 	 0.888123 	 0.941894 	 1
22.1 	 0.959143 	 0.920478 	 0.959252 	 1
22.2 	 0.958316 	 0.928939 	 0.963694 	 1
22.3 	 0.966135 	 0.912156 	 0.954841 	 1
22.4 	 0.981568 	 0.873683 	 0.933929 	 1
22.5 	 1.00213 	 0.821 	 0.903704 	 1
22.6 	 1.02455 	 0.763637 	 0.868209 	 1
22.7 	 1.04555 	 0.710901 	 0.832424 	 1
22.8 	 1.06238 	 0.669921 	 0.801701 	 1
22.9 	 1.07322 	 0.644811 	 0.780999 	 1
23 	 1.07727 	 0.637201 	 0.774007 	 1
23.1 	 1.07471 	 0.647531 	 0.782337 	 1
23.2 	 1.06658 	 0.675798 	 0.805005 	 1
23.3 	 1.05461 	 0.720757 	 0.838409 	 1
23.4 	 1.04102 	 0.77794 	 0.876881 	 1
23.5 	 1.02831 	 0.838305 	 0.913732 	 1
23.6 	 1.01897 	 0.889366 	 0.942553 	 1
23.7 	 1.01518 	 0.918997 	 0.958466 	 1
23.8 	 1.01838 	 0.92004 	 0.959017 	 1
23.9 	 1.02898 	 0.893017 	 0.944535 	 1
24 	 1.04619 	 0.84547 	 0.917896 	 1
24.1 	 1.06803 	 0.788587 	 0.883811 	 1
24.2 	 1.09178 	 0.733248 	 0.84786 	 1
24.3 	 1.11433 	 0.68741 	 0.815527 	 1
24.4 	 1.13281 	 0.655527 	 0.791414 	 1
24.5 	 1.14492 	 0.639425 	 0.778733 	 1
24.6 	 1.14931 	 0.639587 	 0.779048 	 1
24.7 	 1.14579 	 0.655979 	 0.792216 	 1
24.8 	 1.13531 	 0.688017 	 0.816465 	 1
24.9 	 1.11992 	 0.733778 	 0.848574 	 1
25 	 1.10245 	 0.788891 	 0.884166 	 1
25.1 	 1.08614 	 0.84583 	 0.918139 	 1
25.2 	 1.07401 	 0.894402 	 0.94528 	 1
25.3 	 1.06837 	 0.923869 	 0.961034 	 1
25.4 	 1.07036 	 0.926349 	 0.962338 	 1
25.5 	 1.07974 	 0.900073 	 0.948335 	 1
25.6 	 1.09513 	 0.850653 	 0.920761 	 1
25.7 	 1.11432 	 0.789294 	 0.883832 	 1
25.8 	 1.13474 	 0.728682 	 0.843592 	 1
25.9 	 1.15385 	 0.678841 	 0.806818 	 1
26 	 1.16943 	 0.645223 	 0.779714 	 1
26.1 	 1.17975 	 0.62957 	 0.766712 	 1
26.2 	 1.18375 	 0.632053 	 0.769674 	 1
26.3 	 1.18115 	 0.65255 	 0.787675 	 1
26.4 	 1.1726 	 0.690124 	 0.817359 	 1
26.5 	 1.15962 	 0.741463 	 0.853725 	 1
26.6 	 1.14457 	 0.799872 	 0.891083 	 1
26.7 	 1.13034 	 0.855831 	 0.923961 	 1
26.8 	 1.11984 	 0.899038 	 0.947822 	 1
26.9 	 1.11545 	 0.921041 	 0.959542 	 1
27 	 1.11837 	 0.91748 	 0.957661 	 1
27.1 	 1.12838 	 0.889222 	 0.942488 	 1
27.2 	 1.14388 	 0.84211 	 0.916063 	 1
27.3 	 1.1623 	 0.785403 	 0.882011 	 1
27.4 	 1.18077 	 0.729339 	 0.845209 	 1
27.5 	 1.19661 	 0.682625 	 0.811245 	 1
27.6 	 1.20781 	 0.650859 	 0.785631 	 1
27.7 	 1.21323 	 0.636534 	 0.772874 	 1
27.8 	 1.21259 	 0.640342 	 0.77556 	 1
27.9 	 1.20647 	 0.662457 	 0.793699 	 1
28 	 1.19616 	 0.7024 	 0.824547 	 1
28.1 	 1.18348 	 0.757258 	 0.862997 	 1
28.2 	 1.17062 	 0.819762 	 0.90251 	 1
28.3 	 1.15992 	 0.878323 	 0.936368 	 1
28.4 	 1.15358 	 0.919961 	 0.958961 	 1
28.5 	 1.15329 	 0.93488 	 0.966802 	 1
28.6 	 1.1599 	 0.920117 	 0.959041 	 1
28.7 	 1.17317 	 0.880263 	 0.937433 	 1
28.8 	 1.19171 	 0.825152 	 0.905814 	 1
28.9 	 1.21322 	 0.766113 	 0.869292 	 1
29 	 1.23486 	 0.712747 	 0.83336 	 1
29.1 	 1.25372 	 0.671384 	 0.803112 	 1
29.2 	 1.26735 	 0.645239 	 0.782652 	 1
29.3 	 1.27407 	 0.635521 	 0.774707 	 1
29.4 	 1.27325 	 0.642577 	 0.780407 	 1
29.5 	 1.2654 	 0.666426 	 0.79917 	 1
29.6 	 1.25206 	 0.706356 	 0.828684 	 1
29.7 	 1.23563 	 0.759723 	 0.865026 	 1
29.8 	 1.21902 	 0.82057 	 0.903 	 1
29.9 	 1.20511 	 0.879107 	 0.936741 	 1
30 	 1.19634 	 0.923099 	 0.960599 	 1
30.1 	 1.19428 	 0.941357 	 0.970167 	 1
30.2 	 1.19934 	 0.928106 	 0.963238 	 1
30.3 	 1.21084 	 0.885874 	 0.940435 	 1
30.4 	 1.22722 	 0.8249 	 0.905294 	 1
30.5 	 1.24633 	 0.759101 	 0.8637 	 1
30.6 	 1.26584 	 0.700905 	 0.822773 	 1
30.7 	 1.28343 	 0.657974 	 0.789456 	 1
30.8 	 1.29711 	 0.633221 	 0.769156 	 1
30.9 	 1.30541 	 0.627003 	 0.764779 	 1
31 	 1.30753 	 0.639108 	 0.776363 	 1
31.1 	 1.30354 	 0.668959 	 0.801329 	 1
31.2 	 1.29441 	 0.714324 	 0.835201 	 1
31.3 	 1.28201 	 0.770023 	 0.872538 	 1
31.4 	 1.26885 	 0.827848 	 0.907851 	 1
31.5 	 1.25773 	 0.877965 	 0.936323 	 1
31.6 	 1.25112 	 0.911148 	 0.954287 	 1
31.7 	 1.25069 	 0.920998 	 0.959499 	 1
31.8 	 1.25684 	 0.905523 	 0.95128 	 1
31.9 	 1.26868 	 0.867711 	 0.930599 	 1
32 	 1.28425 	 0.814927 	 0.900079 	 1
32.1 	 1.301 	 0.757122 	 0.863874 	 1
32.2 	 1.31639 	 0.704265 	 0.827307 	 1
32.3 	 1.32825 	 0.663969 	 0.796203 	 1
32.4 	 1.33511 	 0.640418 	 0.775953 	 1
32.5 	 1.33631 	 0.63507 	 0.770462 	 1
32.6 	 1.33197 	 0.648277 	 0.78124 	 1
32.7 	 1.32294 	 0.680101 	 0.80691 	 1
32.8 	 1.31069 	 0.729208 	 0.843304 	 1
32.9 	 1.29714 	 0.790568 	 0.884208 	 1
33 	 1.28451 	 0.854195 	 0.922566 	 1
33.1 	 1.27504 	 0.906787 	 0.951869 	 1
33.2 	 1.27067 	 0.936007 	 0.967378 	 1
33.3 	 1.27267 	 0.935099 	 0.966903 	 1
33.4 	 1.28134 	 0.905205 	 0.951016 	 1
33.5 	 1.29584 	 0.854348 	 0.922724 	 1
33.6 	 1.31433 	 0.794011 	 0.886768 	 1
33.7 	 1.33419 	 0.735322 	 0.848732 	 1
33.8 	 1.35257 	 0.686518 	 0.81418 	 1
33.9 	 1.36682 	 0.652301 	 0.787925 	 1
34 	 1.37496 	 0.634638 	 0.773512 	 1
34.1 	 1.37594 	 0.634079 	 0.772898 	 1
34.2 	 1.36983 	 0.650712 	 0.786279 	 1
34.3 	 1.35777 	 0.684239 	 0.812038 	 1
34.4 	 1.34181 	 0.733058 	 0.846817 	 1
34.5 	 1.32459 	 0.792799 	 0.885775 	 1
34.6 	 1.30895 	 0.855235 	 0.923115 	 1
34.7 	 1.2974 	 0.908752 	 0.952887 	 1
34.8 	 1.29175 	 0.941031 	 0.969989 	 1
34.9 	 1.29284 	 0.943332 	 0.971186 	 1
35 	 1.30045 	 0.914325 	 0.955882 	 1
35.1 	 1.31344 	 0.86111 	 0.926422 	 1
35.2 	 1.33 	 0.796489 	 0.887753 	 1
35.3 	 1.34796 	 0.733974 	 0.846503 	 1
35.4 	 1.36505 	 0.683501 	 0.809669 	 1
35.5 	 1.37921 	 0.650015 	 0.783254 	 1
35.6 	 1.38879 	 0.634839 	 0.771191 	 1
35.7 	 1.39276 	 0.637873 	 0.774786 	 1
35.8 	 1.3909 	 0.658664 	 0.792729 	 1
35.9 	 1.38384 	 0.69585 	 0.821592 	 1
36 	 1.3731 	 0.745871 	 0.856596 	 1
36.1 	 1.36085 	 0.802244 	 0.892438 	 1
36.2 	 1.34964 	 0.856058 	 0.924025 	 1
36.3 	 1.34187 	 0.897606 	 0.947015 	 1
36.4 	 1.33931 	 0.918567 	 0.958214 	 1
36.5 	 1.34269 	 0.914157 	 0.95588 	 1
36.6 	 1.35159 	 0.884646 	 0.93997 	 1
36.7 	 1.36452 	 0.835674 	 0.912316 	 1
36.8 	 1.37938 	 0.776947 	 0.876615 	 1
36.9 	 1.39386 	 0.719495 	 0.838119 	 1
37 	 1.40588 	 0.672582 	 0.802959 	 1
37.1 	 1.41385 	 0.641789 	 0.777148 	 1
37.2 	 1.41682 	 0.629239 	 0.765447 	 1
37.3 	 1.41452 	 0.635358 	 0.77033 	 1
37.4 	 1.40732 	 0.660333 	 0.791361 	 1
37.5 	 1.39623 	 0.703664 	 0.825144 	 1
37.6 	 1.38278 	 0.761956 	 0.865932 	 1
37.7 	 1.36892 	 0.826984 	 0.90674 	 1
37.8 	 1.35683 	 0.886248 	 0.94071 	 1
37.9 	 1.34856 	 0.9265 	 0.962396 	 1
38 	 1.34573 	 0.938518 	 0.968684 	 1
38.1 	 1.34917 	 0.920413 	 0.95918 	 1
38.2 	 1.35861 	 0.87777 	 0.936036 	 1
38.3 	 1.3727 	 0.82093 	 0.903335 	 1
38.4 	 1.3892 	 0.761198 	 0.866242 	 1
38.5 	 1.40539 	 0.707873 	 0.830151 	 1
38.6 	 1.41858 	 0.666992 	 0.800001 	 1
38.7 	 1.42657 	 0.641614 	 0.779789 	 1
38.8 	 1.428 	 0.632879 	 0.772245 	 1
38.9 	 1.42257 	 0.641107 	 0.778576 	 1
39 	 1.41105 	 0.6663 	 0.79826 	 1
39.1 	 1.39516 	 0.707742 	 0.828925 	 1
39.2 	 1.37727 	 0.762695 	 0.866438 	 1
39.3 	 1.36002 	 0.82488 	 0.90529 	 1
39.4 	 1.3459 	 0.883974 	 0.939329 	 1
39.5 	 1.33687 	 0.927297 	 0.962789 	 1
39.6 	 1.33404 	 0.943758 	 0.971407 	 1
39.7 	 1.33764 	 0.928382 	 0.963368 	 1
39.8 	 1.34696 	 0.884794 	 0.939808 	 1
39.9 	 1.36061 	 0.823922 	 0.90469 	 1
40 	 1.37668 	 0.759567 	 0.86407 	 1
40.1 	 1.39306 	 0.703485 	 0.824907 	 1
40.2 	 1.40761 	 0.662699 	 0.793717 	 1
40.3 	 1.41843 	 0.639851 	 0.775379 	 1
40.4 	 1.42413 	 0.635279 	 0.772352 	 1
40.5 	 1.42401 	 0.648699 	 0.78445 	 1
40.6 	 1.41825 	 0.679314 	 0.809138 	 1
40.7 	 1.40791 	 0.724731 	 0.8422 	 1
40.8 	 1.39488 	 0.779863 	 0.878546 	 1
40.9 	 1.3816 	 0.836812 	 0.912952 	 1
41 	 1.37064 	 0.88594 	 0.940659 	 1
41.1 	 1.36417 	 0.917823 	 0.957825 	 1
41.2 	 1.36349 	 0.92556 	 0.961903 	 1
41.3 	 1.36876 	 0.906827 	 0.951976 	 1
41.4 	 1.379 	 0.864933 	 0.929016 	 1
41.5 	 1.3923 	 0.808257 	 0.895976 	 1
41.6 	 1.40636 	 0.747915 	 0.857591 	 1
41.7 	 1.41883 	 0.69448 	 0.819806 	 1
41.8 	 1.42778 	 0.655313 	 0.788849 	 1
41.9 	 1.43187 	 0.633857 	 0.770108 	 1
42 	 1.4305 	 0.630943 	 0.767037 	 1
42.1 	 1.4238 	 0.646624 	 0.780399 	 1
42.2 	 1.4126 	 0.68068 	 0.808037 	 1
42.3 	 1.39833 	 0.731172 	 0.845247 	 1
42.4 	 1.38284 	 0.792322 	 0.885684 	 1
42.5 	 1.36826 	 0.85387 	 0.922574 	 1
42.6 	 1.35667 	 0.903152 	 0.949982 	 1
42.7 	 1.34982 	 0.929194 	 0.963828 	 1
42.8 	 1.34878 	 0.926587 	 0.962463 	 1
42.9 	 1.35368 	 0.897074 	 0.946723 	 1
43 	 1.36361 	 0.848288 	 0.919542 	 1
43.1 	 1.37678 	 0.790699 	 0.885281 	 1
43.2 	 1.39079 	 0.73443 	 0.848988 	 1
43.3 	 1.40312 	 0.687187 	 0.815718 	 1
43.4 	 1.41151 	 0.653653 	 0.789984 	 1
43.5 	 1.41438 	 0.636017 	 0.775325 	 1
43.6 	 1.41103 	 0.635026 	 0.773948 	 1
43.7 	 1.40175 	 0.65088 	 0.786412 	 1
43.8 	 1.38774 	 0.683395 	 0.811387 	 1
43.9 	 1.37088 	 0.731111 	 0.845589 	 1
44 	 1.35349 	 0.789669 	 0.884023 	 1
44.1 	 1.33794 	 0.850572 	 0.920623 	 1
44.2 	 1.32631 	 0.901826 	 0.949245 	 1
44.3 	 1.32011 	 0.931127 	 0.96484 	 1
44.4 	 1.32007 	 0.930505 	 0.964514 	 1
44.5 	 1.32606 	 0.899892 	 0.948198 	 1
44.6 	 1.33716 	 0.847321 	 0.918734 	 1
44.7 	 1.35178 	 0.785547 	 0.881329 	 1
44.8 	 1.36784 	 0.727143 	 0.842507 	 1
44.9 	 1.38308 	 0.680914 	 0.808819 	 1
45 	 1.39533 	 0.651134 	 0.785626 	 1
45.1 	 1.40277 	 0.639003 	 0.776236 	 1
45.2 	 1.40428 	 0.644487 	 0.781533 	 1
45.3 	 1.3996 	 0.667066 	 0.800095 	 1
45.4 	 1.38942 	 0.705191 	 0.828678 	 1
45.5 	 1.37538 	 0.755257 	 0.862868 	 1
45.6 	 1.35983 	 0.811015 	 0.897746 	 1
45.7 	 1.34543 	 0.863939 	 0.928476 	 1
45.8 	 1.33463 	 0.904572 	 0.950789 	 1
45.9 	 1.32915 	 0.92457 	 0.96141 	 1
46 	 1.32964 	 0.918975 	 0.958463 	 1
46.1 	 1.33555 	 0.888016 	 0.941839 	 1
46.2 	 1.34533 	 0.837583 	 0.913432 	 1
46.3 	 1.35684 	 0.777795 	 0.877115 	 1
46.4 	 1.36782 	 0.719956 	 0.838341 	 1
46.5 	 1.37623 	 0.673254 	 0.803342 	 1
46.6 	 1.38058 	 0.642937 	 0.778053 	 1
46.7 	 1.38003 	 0.630775 	 0.766961 	 1
46.8 	 1.37437 	 0.636945 	 0.772168 	 1
46.9 	 1.36409 	 0.661402 	 0.792893 	 1
47 	 1.35024 	 0.703323 	 0.825574 	 1
47.1 	 1.33434 	 0.759051 	 0.86456 	 1
47.2 	 1.31832 	 0.820541 	 0.903234 	 1
47.3 	 1.30423 	 0.876179 	 0.935296 	 1
47.4 	 1.29406 	 0.914106 	 0.955885 	 1
47.5 	 1.28933 	 0.926292 	 0.962314 	 1
47.6 	 1.29081 	 0.911107 	 0.954295 	 1
47.7 	 1.29824 	 0.87325 	 0.93371 	 1
47.8 	 1.31032 	 0.821515 	 0.904068 	 1
47.9 	 1.3249 	 0.765813 	 0.869841 	 1
48 	 1.3394 	 0.714758 	 0.835834 	 1
48.1 	 1.35125 	 0.674453 	 0.806656 	 1
48.2 	 1.35838 	 0.648414 	 0.786282 	 1
48.3 	 1.35951 	 0.638249 	 0.777663 	 1
48.4 	 1.35433 	 0.644552 	 0.782337 	 1
48.5 	 1.34351 	 0.667439 	 0.800088 	 1
48.6 	 1.32857 	 0.706228 	 0.828747 	 1
48.7 	 1.31164 	 0.758186 	 0.864262 	 1
48.8 	 1.29514 	 0.817039 	 0.901141 	 1
48.9 	 1.28137 	 0.872563 	 0.933268 	 1
49 	 1.27224 	 0.912435 	 0.954999 	 1
49.1 	 1.26891 	 0.92624 	 0.962286 	 1
49.2 	 1.27169 	 0.909773 	 0.953581 	 1
49.3 	 1.27996 	 0.867097 	 0.930233 	 1
49.4 	 1.29234 	 0.808915 	 0.896272 	 1
49.5 	 1.30685 	 0.748217 	 0.857604 	 1
49.6 	 1.32121 	 0.695804 	 0.820827 	 1
49.7 	 1.33318 	 0.658071 	 0.791966 	 1
49.8 	 1.34081 	 0.637488 	 0.775428 	 1
49.9 	 1.34275 	 0.634449 	 0.773383 	 1
50 	 1.33845 	 0.648692 	 0.785629 	 1
50.1 	 1.3283 	 0.679422 	 0.809875 	 1
50.2 	 1.3136 	 0.724405 	 0.84229 	 1
50.3 	 1.29644 	 0.778972 	 0.878137 	 1
50.4 	 1.27935 	 0.835719 	 0.912407 	 1
50.5 	 1.26493 	 0.885302 	 0.940372 	 1
50.6 	 1.25529 	 0.91825 	 0.958093 	 1
50.7 	 1.25165 	 0.927373 	 0.962889 	 1
50.8 	 1.25412 	 0.910047 	 0.953743 	 1
50.9 	 1.26171 	 0.869426 	 0.93159 	 1
51 	 1.27263 	 0.813844 	 0.899378 	 1
51.1 	 1.2847 	 0.754362 	 0.861812 	 1
51.2 	 1.29572 	 0.701421 	 0.824729 	 1
51.3 	 1.30384 	 0.662234 	 0.79418 	 1
51.4 	 1.30771 	 0.640153 	 0.775341 	 1
51.5 	 1.3066 	 0.635981 	 0.771511 	 1
51.6 	 1.30041 	 0.649736 	 0.783415 	 1
51.7 	 1.28971 	 0.681147 	 0.809014 	 1
51.8 	 1.27562 	 0.728334 	 0.843889 	 1
51.9 	 1.25983 	 0.785915 	 0.882118 	 1
52 	 1.2444 	 0.84448 	 0.917419 	 1
52.1 	 1.23155 	 0.892491 	 0.944297 	 1
52.2 	 1.22328 	 0.919811 	 0.95891 	 1
52.3 	 1.22098 	 0.921003 	 0.959538 	 1
52.4 	 1.22506 	 0.896761 	 0.94662 	 1
52.5 	 1.23477 	 0.853102 	 0.922457 	 1
52.6 	 1.2483 	 0.799071 	 0.890724 	 1
52.7 	 1.2631 	 0.744137 	 0.85592 	 1
52.8 	 1.27644 	 0.696202 	 0.822843 	 1
52.9 	 1.28589 	 0.660647 	 0.796095 	 1
53 	 1.28973 	 0.640392 	 0.779578 	 1
53.1 	 1.28719 	 0.636661 	 0.77599 	 1
53.2 	 1.27852 	 0.649876 	 0.786326 	 1
53.3 	 1.2649 	 0.679946 	 0.809522 	 1
53.4 	 1.24823 	 0.725476 	 0.842363 	 1
53.5 	 1.23082 	 0.782147 	 0.879797 	 1
53.6 	 1.21503 	 0.841479 	 0.915667 	 1
53.7 	 1.20298 	 0.891538 	 0.943781 	 1
53.8 	 1.1962 	 0.920201 	 0.959125 	 1
53.9 	 1.19549 	 0.919778 	 0.958902 	 1
54 	 1.20078 	 0.890383 	 0.943151 	 1
54.1 	 1.21114 	 0.839909 	 0.914749 	 1
54.2 	 1.22493 	 0.780604 	 0.878783 	 1
54.3 	 1.24002 	 0.724394 	 0.841495 	 1
54.4 	 1.25408 	 0.679621 	 0.809043 	 1
54.5 	 1.26486 	 0.650411 	 0.786419 	 1
54.6 	 1.27055 	 0.637997 	 0.776717 	 1
54.7 	 1.27004 	 0.642368 	 0.780853 	 1
54.8 	 1.26312 	 0.663022 	 0.797692 	 1
54.9 	 1.25051 	 0.698636 	 0.824449 	 1
55 	 1.23389 	 0.746195 	 0.857208 	 1
55.1 	 1.21561 	 0.800297 	 0.89144 	 1
55.2 	 1.19836 	 0.853171 	 0.922485 	 1
55.3 	 1.1847 	 0.895647 	 0.946016 	 1
55.4 	 1.17657 	 0.919062 	 0.958518 	 1
55.5 	 1.17489 	 0.917685 	 0.95779 	 1
55.6 	 1.17941 	 0.89083 	 0.943389 	 1
55.7 	 1.18882 	 0.84361 	 0.916914 	 1
55.8 	 1.20111 	 0.785668 	 0.881996 	 1
55.9 	 1.214 	 0.72819 	 0.843903 	 1
56 	 1.22527 	 0.680565 	 0.808774 	 1
56.1 	 1.23309 	 0.648422 	 0.78255 	 1
56.2 	 1.23619 	 0.633908 	 0.769841 	 1
56.3 	 1.23392 	 0.637441 	 0.772981 	 1
56.4 	 1.22634 	 0.659104 	 0.791513 	 1
56.5 	 1.21419 	 0.698265 	 0.822262 	 1
56.6 	 1.19888 	 0.751722 	 0.859967 	 1
56.7 	 1.18243 	 0.812162 	 0.89832 	 1
56.8 	 1.16721 	 0.868689 	 0.931161 	 1
56.9 	 1.15567 	 0.909679 	 0.95354 	 1
57 	 1.14982 	 0.926532 	 0.962445 	 1
57.1 	 1.15078 	 0.916343 	 0.957083 	 1
57.2 	 1.15842 	 0.882363 	 0.938758 	 1
57.3 	 1.17133 	 0.832405 	 0.910479 	 1
57.4 	 1.18706 	 0.776243 	 0.87644 	 1
57.5 	 1.20272 	 0.723113 	 0.841468 	 1
57.6 	 1.21543 	 0.680043 	 0.810489 	 1
57.7 	 1.22293 	 0.651301 	 0.787974 	 1
57.8 	 1.22384 	 0.638857 	 0.777383 	 1
57.9 	 1.21782 	 0.643374 	 0.780632 	 1
58 	 1.20558 	 0.66497 	 0.797657 	 1
58.1 	 1.18867 	 0.703014 	 0.82621 	 1
58.2 	 1.16929 	 0.754793 	 0.862006 	 1
58.3 	 1.14997 	 0.813898 	 0.899292 	 1
58.4 	 1.13322 	 0.869897 	 0.931808 	 1
58.5 	 1.12122 	 0.910443 	 0.953946 	 1
58.6 	 1.1155 	 0.925411 	 0.961857 	 1
58.7 	 1.11668 	 0.910941 	 0.954208 	 1
58.8 	 1.12441 	 0.871018 	 0.932421 	 1
58.9 	 1.13735 	 0.815658 	 0.900338 	 1
59 	 1.15338 	 0.756885 	 0.863419 	 1
59.1 	 1.16994 	 0.704841 	 0.827691 	 1
59.2 	 1.18438 	 0.665845 	 0.798676 	 1
59.3 	 1.19436 	 0.642691 	 0.780547 	 1
59.4 	 1.19821 	 0.636116 	 0.775625 	 1
59.5 	 1.19512 	 0.64609 	 0.784237 	 1
59.6 	 1.1853 	 0.672138 	 0.804866 	 1
59.7 	 1.17002 	 0.712722 	 0.834476 	 1
59.8 	 1.15143 	 0.764235 	 0.868923 	 1
59.9 	 1.1323 	 0.820305 	 0.903418 	 1
60 	 1.1156 	 0.871995 	 0.933039 	 1
60.1 	 1.10389 	 0.909234 	 0.953296 	 1
60.2 	 1.09886 	 0.923359 	 0.960767 	 1
60.3 	 1.10097 	 0.91005 	 0.953724 	 1
60.4 	 1.10941 	 0.871374 	 0.932623 	 1
60.5 	 1.12233 	 0.81563 	 0.900296 	 1
60.6 	 1.13732 	 0.754684 	 0.861691 	 1
60.7 	 1.15181 	 0.699959 	 0.823129 	 1
60.8 	 1.16351 	 0.659276 	 0.791187 	 1
60.9 	 1.1706 	 0.63617 	 0.771444 	 1
61 	 1.17191 	 0.631466 	 0.767384 	 1
61.1 	 1.16697 	 0.645274 	 0.779712 	 1
61.2 	 1.15609 	 0.677453 	 0.806241 	 1
61.3 	 1.14041 	 0.726162 	 0.84237 	 1
61.4 	 1.12182 	 0.785916 	 0.882031 	 1
61.5 	 1.10286 	 0.84713 	 0.918848 	 1
61.6 	 1.08639 	 0.89806 	 0.947263 	 1
61.7 	 1.07514 	 0.928291 	 0.963356 	 1
61.8 	 1.07107 	 0.931964 	 0.965279 	 1
61.9 	 1.07489 	 0.909253 	 0.953279 	 1
62 	 1.08577 	 0.865737 	 0.929436 	 1
62.1 	 1.1015 	 0.810331 	 0.897232 	 1
62.2 	 1.11903 	 0.752789 	 0.861086 	 1
62.3 	 1.1351 	 0.701604 	 0.825888 	 1
62.4 	 1.14684 	 0.662778 	 0.796517 	 1
62.5 	 1.15226 	 0.639619 	 0.777309 	 1
62.6 	 1.15038 	 0.633439 	 0.771435 	 1
62.7 	 1.14133 	 0.644634 	 0.780285 	 1
62.8 	 1.12625 	 0.673245 	 0.803004 	 1
62.9 	 1.10705 	 0.718246 	 0.836379 	 1
63 	 1.08619 	 0.775741 	 0.875192 	 1
63.1 	 1.06638 	 0.837463 	 0.913057 	 1
63.2 	 1.05024 	 0.891353 	 0.943572 	 1
63.3 	 1.04001 	 0.924851 	 0.96155 	 1
63.4 	 1.03711 	 0.929564 	 0.964024 	 1
63.5 	 1.04196 	 0.904686 	 0.950807 	 1
63.6 	 1.05376 	 0.857165 	 0.924457 	 1
63.7 	 1.07063 	 0.798622 	 0.889704 	 1
63.8 	 1.0899 	 0.740975 	 0.852487 	 1
63.9 	 1.10853 	 0.693143 	 0.818847 	 1
64 	 1.12359 	 0.66007 	 0.793922 	 1
64.1 	 1.13267 	 0.643656 	 0.781223 	 1
64.2 	 1.13423 	 0.644293 	 0.782257 	 1
64.3 	 1.12783 	 0.661764 	 0.796508 	 1
64.4 	 1.11418 	 0.695107 	 0.821663 	 1
64.5 	 1.09518 	 0.741724 	 0.85401 	 1
64.6 	 1.07362 	 0.796436 	 0.888892 	 1
64.7 	 1.05279 	 0.851183 	 0.921225 	 1
64.8 	 1.03597 	 0.895892 	 0.946078 	 1
64.9 	 1.02574 	 0.92068 	 0.959335 	 1
65 	 1.02344 	 0.918904 	 0.958393 	 1
65.1 	 1.0289 	 0.889849 	 0.942747 	 1
65.2 	 1.04055 	 0.839551 	 0.914306 	 1
65.3 	 1.05586 	 0.778981 	 0.877283 	 1
65.4 	 1.0719 	 0.720257 	 0.837592 	 1
65.5 	 1.08586 	 0.672897 	 0.801856 	 1
65.6 	 1.09543 	 0.642076 	 0.776185 	 1
65.7 	 1.09899 	 0.629444 	 0.765016 	 1
65.8 	 1.09575 	 0.635201 	 0.770274 	 1
65.9 	 1.08577 	 0.659381 	 0.791039 	 1
66 	 1.07001 	 0.701239 	 0.823789 	 1
66.1 	 1.05029 	 0.757363 	 0.863126 	 1
66.2 	 1.02919 	 0.820312 	 0.902805 	 1
66.3 	 1.00976 	 0.879248 	 0.936821 	 1
66.4 	 0.995146 	 0.922618 	 0.960335 	 1
66.5 	 0.987892 	 0.941621 	 0.970296 	 1
66.6 	 0.989365 	 0.932788 	 0.965691 	 1
66.7 	 0.999328 	 0.898669 	 0.947489 	 1
66.8 	 1.01596 	 0.846676 	 0.918372 	 1
66.9 	 1.03628 	 0.78678 	 0.882354 	 1
67 	 1.05686 	 0.728967 	 0.844351 	 1
67.1 	 1.07445 	 0.681209 	 0.809676 	 1
67.2 	 1.08647 	 0.648456 	 0.783432 	 1
67.3 	 1.09131 	 0.632903 	 0.769798 	 1
67.4 	 1.08842 	 0.635184 	 0.771274 	 1
67.5 	 1.07825 	 0.655502 	 0.788079 	 1
67.6 	 1.06217 	 0.693568 	 0.817867 	 1
67.7 	 1.04229 	 0.747003 	 0.855949 	 1
67.8 	 1.02131 	 0.809325 	 0.896031 	 1
67.9 	 1.00218 	 0.869502 	 0.931344 	 1
68 	 0.987795 	 0.914342 	 0.955938 	 1
68.1 	 0.980474 	 0.933003 	 0.965803 	 1
68.2 	 0.981504 	 0.921215 	 0.959589 	 1
68.3 	 0.990772 	 0.882806 	 0.938765 	 1
68.4 	 1.00672 	 0.827802 	 0.907221 	 1
68.5 	 1.02662 	 0.768394 	 0.870452 	 1
68.6 	 1.04711 	 0.715071 	 0.834516 	 1
68.7 	 1.06481 	 0.674605 	 0.805002 	 1
68.8 	 1.0768 	 0.650192 	 0.786201 	 1
68.9 	 1.08109 	 0.642791 	 0.780581 	 1
69 	 1.07683 	 0.652404 	 0.788613 	 1
69.1 	 1.06446 	 0.678462 	 0.808875 	 1
69.2 	 1.04568 	 0.719292 	 0.838337 	 1
69.3 	 1.02323 	 0.77111 	 0.872763 	 1
69.4 	 1.00053 	 0.827265 	 0.907178 	 1
69.5 	 0.981132 	 0.878414 	 0.936421 	 1
69.6 	 0.968045 	 0.914067 	 0.955798 	 1
69.7 	 0.963091 	 0.92541 	 0.961804 	 1
69.8 	 0.966541 	 0.908502 	 0.952818 	 1
69.9 	 0.977141 	 0.866298 	 0.929599 	 1
70 	 0.992517 	 0.808111 	 0.895392 	 1
70.1 	 1.00976 	 0.746414 	 0.855556 	 1
70.2 	 1.02594 	 0.692565 	 0.816695 	 1
70.3 	 1.03855 	 0.653824 	 0.785464 	 1
70.4 	 1.04566 	 0.633114 	 0.767303 	 1
70.5 	 1.04606 	 0.630936 	 0.765392 	 1
70.6 	 1.03935 	 0.647377 	 0.780067 	 1
70.7 	 1.02599 	 0.682353 	 0.80882 	 1
70.8 	 1.00733 	 0.733969 	 0.846857 	 1
70.9 	 0.985644 	 0.796565 	 0.888051 	 1
71 	 0.963998 	 0.860349 	 0.926061 	 1
71.1 	 0.945879 	 0.913349 	 0.955348 	 1
71.2 	 0.934598 	 0.944806 	 0.97193 	 1
71.3 	 0.93249 	 0.948373 	 0.973777 	 1
71.4 	 0.940218 	 0.92376 	 0.960891 	 1
71.5 	 0.956507 	 0.876452 	 0.935152 	 1
71.6 	 0.978459 	 0.8159 	 0.900033 	 1
71.7 	 1.0023 	 0.752923 	 0.860235 	 1
71.8 	 1.0242 	 0.697145 	 0.821207 	 1
71.9 	 1.04094 	 0.655225 	 0.788534 	 1
72 	 1.05029 	 0.630459 	 0.767175 	 1
72.1 	 1.05122 	 0.623766 	 0.760642 	 1
72.2 	 1.04382 	 0.635223 	 0.770278 	 1
72.3 	 1.0293 	 0.664813 	 0.79484 	 1
72.4 	 1.00975 	 0.711508 	 0.830542 	 1
72.5 	 0.987948 	 0.771166 	 0.871606 	 1
72.6 	 0.96709 	 0.835031 	 0.911266 	 1
72.7 	 0.950383 	 0.890626 	 0.943001 	 1
72.8 	 0.940534 	 0.925345 	 0.961742 	 1
72.9 	 0.939228 	 0.931094 	 0.964776 	 1
73 	 0.946728 	 0.907398 	 0.952167 	 1
73.1 	 0.961786 	 0.861269 	 0.926624 	 1
73.2 	 0.981905 	 0.804127 	 0.892878 	 1
73.3 	 1.00385 	 0.747641 	 0.856742 	 1
73.4 	 1.02423 	 0.700639 	 0.824072 	 1
73.5 	 1.04002 	 0.66815 	 0.799845 	 1
73.6 	 1.04897 	 0.652207 	 0.787495 	 1
73.7 	 1.04984 	 0.653248 	 0.788562 	 1
73.8 	 1.04253 	 0.671022 	 0.802638 	 1
73.9 	 1.02812 	 0.704496 	 0.827512 	 1
74 	 1.00873 	 0.750975 	 0.859479 	 1
74.1 	 0.987325 	 0.805075 	 0.893772 	 1
74.2 	 0.967261 	 0.858387 	 0.925132 	 1
74.3 	 0.951776 	 0.900513 	 0.948497 	 1
74.4 	 0.943355 	 0.921576 	 0.959768 	 1
74.5 	 0.943205 	 0.915499 	 0.956537 	 1
74.6 	 0.951015 	 0.882571 	 0.938648 	 1
74.7 	 0.965094 	 0.82984 	 0.908414 	 1
74.8 	 0.98281 	 0.768796 	 0.870406 	 1
74.9 	 1.00114 	 0.711387 	 0.830763 	 1
75 	 1.01718 	 0.66646 	 0.796132 	 1
75.1 	 1.02846 	 0.638491 	 0.772445 	 1
75.2 	 1.0332 	 0.628757 	 0.763798 	 1
75.3 	 1.03042 	 0.637443 	 0.771696 	 1
75.4 	 1.02008 	 0.664654 	 0.794825 	 1
75.5 	 1.00316 	 0.709504 	 0.829379 	 1
75.6 	 0.981695 	 0.7682 	 0.869843 	 1
75.7 	 0.958667 	 0.8329 	 0.910016 	 1
75.8 	 0.937716 	 0.892588 	 0.944034 	 1
75.9 	 0.922546 	 0.935763 	 0.967204 	 1
76 	 0.91611 	 0.9537 	 0.976524 	 1
76.1 	 0.919795 	 0.942881 	 0.970923 	 1
76.2 	 0.932972 	 0.905824 	 0.951264 	 1
76.3 	 0.953163 	 0.850188 	 0.920191 	 1
76.4 	 0.976723 	 0.786582 	 0.881854 	 1
76.5 	 0.99972 	 0.725787 	 0.841489 	 1
76.6 	 1.01869 	 0.6763 	 0.804835 	 1
76.7 	 1.03109 	 0.643078 	 0.777385 	 1
76.8 	 1.03554 	 0.627916 	 0.763521 	 1
76.9 	 1.03179 	 0.63099 	 0.765685 	 1
77 	 1.02068 	 0.652234 	 0.783783 	 1
77.1 	 1.00393 	 0.69123 	 0.815013 	 1
77.2 	 0.983971 	 0.745398 	 0.854242 	 1
77.3 	 0.963687 	 0.807932 	 0.894888 	 1
77.4 	 0.946124 	 0.867551 	 0.930132 	 1
77.5 	 0.934089 	 0.911175 	 0.954201 	 1
77.6 	 0.929684 	 0.928515 	 0.963422 	 1
77.7 	 0.933864 	 0.916052 	 0.956824 	 1
77.8 	 0.946178 	 0.878154 	 0.936185 	 1
77.9 	 0.964803 	 0.824864 	 0.905532 	 1
78 	 0.986903 	 0.767905 	 0.870273 	 1
78.1 	 1.00916 	 0.717109 	 0.836175 	 1
78.2 	 1.02832 	 0.678761 	 0.808434 	 1
78.3 	 1.04172 	 0.655862 	 0.790976 	 1
78.4 	 1.04758 	 0.649369 	 0.786052 	 1
78.5 	 1.04528 	 0.65931 	 0.794106 	 1
78.6 	 1.03541 	 0.685122 	 0.81383 	 1
78.7 	 1.01974 	 0.725134 	 0.842372 	 1
78.8 	 1.00099 	 0.775587 	 0.875646 	 1
78.9 	 0.982456 	 0.829861 	 0.90876 	 1
79 	 0.967483 	 0.878638 	 0.936586 	 1
79.1 	 0.958829 	 0.911527 	 0.954461 	 1
79.2 	 0.958085 	 0.92002 	 0.95897 	 1
79.3 	 0.965351 	 0.900714 	 0.948661 	 1
79.4 	 0.979296 	 0.857147 	 0.924513 	 1
79.5 	 0.997539 	 0.798959 	 0.889989 	 1
79.6 	 1.0172 	 0.738494 	 0.850571 	 1
79.7 	 1.0354 	 0.686617 	 0.812845 	 1
79.8 	 1.04961 	 0.650054 	 0.783287 	 1
79.9 	 1.05791 	 0.631428 	 0.767022 	 1
80 	 1.0591 	 0.631192 	 0.766852 	 1
80.1 	 1.05285 	 0.64941 	 0.782773 	 1
80.2 	 1.03973 	 0.685772 	 0.812072 	 1
80.3 	 1.02126 	 0.738013 	 0.849951 	 1
80.4 	 0.999913 	 0.800254 	 0.890462 	 1
80.5 	 0.97882 	 0.862871 	 0.927542 	 1
80.6 	 0.961414 	 0.914368 	 0.955918 	 1
80.7 	 0.950758 	 0.94447 	 0.971771 	 1
80.8 	 0.948824 	 0.947079 	 0.973121 	 1
80.9 	 0.955939 	 0.921943 	 0.959954 	 1
81 	 0.970685 	 0.874557 	 0.934145 	 1
81.1 	 0.990281 	 0.814449 	 0.899218 	 1
81.2 	 1.01128 	 0.752512 	 0.859965 	 1
81.3 	 1.03028 	 0.698282 	 0.821905 	 1
81.4 	 1.04446 	 0.658143 	 0.790587 	 1
81.5 	 1.05192 	 0.635067 	 0.770785 	 1
81.6 	 1.05181 	 0.629757 	 0.765693 	 1
81.7 	 1.0443 	 0.642175 	 0.776281 	 1
81.8 	 1.03052 	 0.67214 	 0.80099 	 1
81.9 	 1.01243 	 0.71828 	 0.835871 	 1
82 	 0.992598 	 0.776043 	 0.875195 	 1
82.1 	 0.973985 	 0.836521 	 0.912448 	 1
82.2 	 0.959557 	 0.887647 	 0.941515 	 1
82.3 	 0.951833 	 0.917815 	 0.957804 	 1
82.4 	 0.952383 	 0.920138 	 0.959037 	 1
82.5 	 0.961449 	 0.894969 	 0.945559 	 1
82.6 	 0.977835 	 0.849361 	 0.920125 	 1
82.7 	 0.999119 	 0.794044 	 0.88726 	 1
82.8 	 1.02214 	 0.739721 	 0.852384 	 1
82.9 	 1.04355 	 0.694483 	 0.820905 	 1
83 	 1.06038 	 0.663047 	 0.79744 	 1
83.1 	 1.07045 	 0.647456 	 0.785256 	 1
83.2 	 1.07266 	 0.648278 	 0.785956 	 1
83.3 	 1.06711 	 0.665414 	 0.799373 	 1
83.4 	 1.05509 	 0.698062 	 0.82362 	 1
83.5 	 1.03896 	 0.743893 	 0.855281 	 1
83.6 	 1.02178 	 0.797958 	 0.889757 	 1
83.7 	 1.00685 	 0.852144 	 0.921788 	 1
83.8 	 0.997101 	 0.895995 	 0.946164 	 1
83.9 	 0.994496 	 0.919185 	 0.958559 	 1
84 	 0.99965 	 0.915013 	 0.956352 	 1
84.1 	 1.01177 	 0.883335 	 0.939267 	 1
84.2 	 1.02896 	 0.831172 	 0.909628 	 1
84.3 	 1.04865 	 0.770302 	 0.872112 	 1
84.4 	 1.06815 	 0.712966 	 0.832968 	 1
84.5 	 1.08492 	 0.668106 	 0.798853 	 1
84.6 	 1.0969 	 0.6401 	 0.775543 	 1
84.7 	 1.10264 	 0.630056 	 0.766846 	 1
84.8 	 1.1014 	 0.637915 	 0.773964 	 1
84.9 	 1.09323 	 0.663406 	 0.795419 	 1
85 	 1.07911 	 0.705264 	 0.8275 	 1
85.1 	 1.06091 	 0.759673 	 0.865068 	 1
85.2 	 1.04125 	 0.819468 	 0.90249 	 1
85.3 	 1.02322 	 0.874934 	 0.934497 	 1
85.4 	 1.00988 	 0.91598 	 0.956841 	 1
85.5 	 1.00358 	 0.934724 	 0.966717 	 1
85.6 	 1.00541 	 0.927559 	 0.962965 	 1
85.7 	 1.01491 	 0.896056 	 0.946133 	 1
85.8 	 1.03017 	 0.846523 	 0.918426 	 1
85.9 	 1.04838 	 0.788331 	 0.883528 	 1
86 	 1.06641 	 0.7315 	 0.84627 	 1
86.1 	 1.08145 	 0.684333 	 0.812082 	 1
86.2 	 1.09137 	 0.65204 	 0.78625 	 1
86.3 	 1.09492 	 0.636874 	 0.773047 	 1
86.4 	 1.09181 	 0.6394 	 0.774899 	 1
86.5 	 1.08263 	 0.659697 	 0.79179 	 1
86.6 	 1.06879 	 0.69722 	 0.821096 	 1
86.7 	 1.05234 	 0.749169 	 0.857943 	 1
86.8 	 1.03575 	 0.808691 	 0.896059 	 1
86.9 	 1.02168 	 0.864828 	 0.928943 	 1
87 	 1.01257 	 0.905149 	 0.951094 	 1
87.1 	 1.01023 	 0.920048 	 0.959009 	 1
87.2 	 1.01547 	 0.906381 	 0.951758 	 1
87.3 	 1.02785 	 0.868421 	 0.93102 	 1
87.4 	 1.04572 	 0.815776 	 0.900623 	 1
87.5 	 1.06651 	 0.759682 	 0.865743 	 1
87.6 	 1.08722 	 0.70965 	 0.831955 	 1
87.7 	 1.10488 	 0.67185 	 0.804353 	 1
87.8 	 1.11704 	 0.649283 	 0.786864 	 1
87.9 	 1.12212 	 0.642952 	 0.78183 	 1
88 	 1.11959 	 0.652961 	 0.78983 	 1
88.1 	 1.11004 	 0.678888 	 0.809698 	 1
88.2 	 1.0952 	 0.71929 	 0.838685 	 1
88.3 	 1.07761 	 0.770666 	 0.872749 	 1
88.4 	 1.06033 	 0.826582 	 0.906976 	 1
88.5 	 1.04642 	 0.877719 	 0.936162 	 1
88.6 	 1.03838 	 0.913465 	 0.955541 	 1
88.7 	 1.03767 	 0.924921 	 0.96159 	 1
88.8 	 1.04448 	 0.908264 	 0.952765 	 1
88.9 	 1.05774 	 0.866684 	 0.929961 	 1
89 	 1.07549 	 0.809578 	 0.896537 	 1
89.1 	 1.09521 	 0.749143 	 0.857832 	 1
89.2 	 1.11433 	 0.696203 	 0.820224 	 1
89.3 	 1.13047 	 0.657571 	 0.789947 	 1
89.4 	 1.14173 	 0.636026 	 0.771925 	 1
89.5 	 1.14683 	 0.632085 	 0.768914 	 1
89.6 	 1.14528 	 0.645693 	 0.7811 	 1
89.7 	 1.13746 	 0.67644 	 0.806229 	 1
89.8 	 1.12468 	 0.722387 	 0.840155 	 1
89.9 	 1.10907 	 0.778684 	 0.877636 	 1
90 	 1.0934 	 0.837269 	 0.913191 	 1
90.1 	 1.08065 	 0.888095 	 0.94186 	 1
90.2 	 1.07341 	 0.921484 	 0.959789 	 1
90.3 	 1.07334 	 0.930692 	 0.96462 	 1
90.4 	 1.08072 	 0.913784 	 0.955715 	 1
90.5 	 1.0944 	 0.874228 	 0.934236 	 1
90.6 	 1.11214 	 0.819979 	 0.903072 	 1
90.7 	 1.13112 	 0.7613 	 0.866586 	 1
90.8 	 1.14851 	 0.708028 	 0.830139 	 1
90.9 	 1.16198 	 0.667371 	 0.799375 	 1
91 	 1.16992 	 0.64315 	 0.779322 	 1
91.1 	 1.17157 	 0.636639 	 0.773475 	 1
91.2 	 1.16702 	 0.648056 	 0.783037 	 1
91.3 	 1.15713 	 0.677202 	 0.806554 	 1
91.4 	 1.14343 	 0.72246 	 0.840068 	 1
91.5 	 1.12796 	 0.778887 	 0.877811 	 1
91.6 	 1.11307 	 0.837259 	 0.913291 	 1
91.7 	 1.10111 	 0.885574 	 0.940532 	 1
91.8 	 1.09414 	 0.912779 	 0.955171 	 1
91.9 	 1.09349 	 0.912784 	 0.955173 	 1
92 	 1.09948 	 0.886543 	 0.941052 	 1
92.1 	 1.11127 	 0.841205 	 0.915587 	 1
92.2 	 1.127 	 0.787098 	 0.883166 	 1
92.3 	 1.14408 	 0.734312 	 0.848959 	 1
92.4 	 1.15969 	 0.690418 	 0.818088 	 1
92.5 	 1.17128 	 0.659873 	 0.794957 	 1
92.6 	 1.17692 	 0.644693 	 0.782775 	 1
92.7 	 1.17564 	 0.645561 	 0.783275 	 1
92.8 	 1.16755 	 0.66261 	 0.79656 	 1
92.9 	 1.1538 	 0.695417 	 0.821063 	 1
93 	 1.13647 	 0.742189 	 0.853626 	 1
93.1 	 1.11825 	 0.798507 	 0.889751 	 1
93.2 	 1.10206 	 0.856487 	 0.924084 	 1
93.3 	 1.09052 	 0.905324 	 0.951144 	 1
93.4 	 1.08558 	 0.933767 	 0.966226 	 1
93.5 	 1.08814 	 0.933943 	 0.966317 	 1
93.6 	 1.09796 	 0.904735 	 0.950812 	 1
93.7 	 1.11377 	 0.852697 	 0.921798 	 1
93.8 	 1.13356 	 0.789684 	 0.883798 	 1
93.9 	 1.15487 	 0.728421 	 0.842992 	 1
94 	 1.17522 	 0.678512 	 0.80607 	 1
94.1 	 1.19232 	 0.644931 	 0.77899 	 1
94.2 	 1.20433 	 0.629124 	 0.765913 	 1
94.3 	 1.2101 	 0.631129 	 0.768542 	 1
94.4 	 1.20931 	 0.650789 	 0.785977 	 1
94.5 	 1.20252 	 0.687276 	 0.815054 	 1
94.6 	 1.19123 	 0.737624 	 0.851034 	 1
94.7 	 1.17771 	 0.795653 	 0.888452 	 1
94.8 	 1.16471 	 0.85229 	 0.921938 	 1
94.9 	 1.15498 	 0.89733 	 0.946904 	 1
95 	 1.15074 	 0.921986 	 0.960044 	 1
95.1 	 1.15317 	 0.921277 	 0.959671 	 1
95.2 	 1.16209 	 0.895459 	 0.945886 	 1
95.3 	 1.17606 	 0.850019 	 0.920613 	 1
95.4 	 1.19275 	 0.794149 	 0.887446 	 1
95.5 	 1.20946 	 0.738188 	 0.851279 	 1
95.6 	 1.22363 	 0.690968 	 0.817681 	 1
95.7 	 1.23326 	 0.658191 	 0.792073 	 1
95.8 	 1.23713 	 0.642445 	 0.778791 	 1
95.9 	 1.23486 	 0.644454 	 0.780252 	 1
96 	 1.22694 	 0.664251 	 0.796401 	 1
96.1 	 1.2146 	 0.701066 	 0.824619 	 1
96.2 	 1.19966 	 0.751847 	 0.860127 	 1
96.3 	 1.18433 	 0.809695 	 0.896845 	 1
96.4 	 1.17095 	 0.863981 	 0.928521 	 1
96.5 	 1.16167 	 0.902877 	 0.949887 	 1
96.6 	 1.15807 	 0.917333 	 0.957585 	 1
96.7 	 1.16091 	 0.904345 	 0.950672 	 1
96.8 	 1.16986 	 0.867771 	 0.930629 	 1
96.9 	 1.18356 	 0.816459 	 0.900929 	 1
97 	 1.1998 	 0.760947 	 0.866332 	 1
97.1 	 1.21596 	 0.710465 	 0.832087 	 1
97.2 	 1.22942 	 0.671343 	 0.8032 	 1
97.3 	 1.238 	 0.646978 	 0.783825 	 1
97.4 	 1.24027 	 0.638775 	 0.776824 	 1
97.5 	 1.2358 	 0.64724 	 0.78345 	 1
97.6 	 1.22517 	 0.672501 	 0.803148 	 1
97.7 	 1.2099 	 0.713853 	 0.833505 	 1
97.8 	 1.1923 	 0.768462 	 0.870398 	 1
97.9 	 1.17509 	 0.829951 	 0.908428 	 1
98 	 1.16104 	 0.888093 	 0.941649 	 1
98.1 	 1.15246 	 0.930579 	 0.964528 	 1
98.2 	 1.15086 	 0.946755 	 0.972966 	 1
98.3 	 1.15668 	 0.931761 	 0.965142 	 1
98.4 	 1.16925 	 0.888818 	 0.941988 	 1
98.5 	 1.18693 	 0.828148 	 0.907116 	 1
98.6 	 1.20742 	 0.763012 	 0.866205 	 1
98.7 	 1.2281 	 0.705099 	 0.825949 	 1
98.8 	 1.24641 	 0.661733 	 0.792811 	 1
98.9 	 1.26013 	 0.635904 	 0.771868 	 1
99 	 1.26771 	 0.628122 	 0.765995 	 1
99.1 	 1.2684 	 0.638217 	 0.775545 	 1
99.2 	 1.26243 	 0.665717 	 0.7985 	 1
99.3 	 1.25104 	 0.708889 	 0.830993 	 1
99.4 	 1.23632 	 0.763439 	 0.868034 	 1
99.5 	 1.22094 	 0.822004 	 0.904257 	 1
99.6 	 1.20776 	 0.874955 	 0.934614 	 1
99.7 	 1.19925 	 0.912359 	 0.954939 	 1
99.8 	 1.197 	 0.926495 	 0.962407 	 1
99.9 	 1.20139 	 0.914133 	 0.955884 	 1
100 	 1.21153 	 0.877722 	 0.936151 	 1
