time = tau * tau_parallel
rms: rms distance of hole to its origin
IPR: inverse participation ratio, IPR(tau) = sum_i (n_h(i,tau))^2, with hole density n_h(i,tau) at site i at time tau.
return prob: probability of the hole to return to its origin, n_h(0,tau).
leg imbalance: difference between the occupation in the two legs of the ladder (see Eq. (15) in the manuscript).


time, rms, IPR, return prob, leg imbalance
0 	 0 	 1 	 1 	 1
0.05 	 0.0499558 	 0.99503 	 0.997509 	 1
0.1 	 0.098291 	 0.980997 	 0.990407 	 1
0.15 	 0.143501 	 0.960258 	 0.97972 	 1
0.2 	 0.184316 	 0.935979 	 0.966904 	 1
0.25 	 0.219732 	 0.911388 	 0.953566 	 1
0.3 	 0.249062 	 0.889197 	 0.941203 	 1
0.35 	 0.271988 	 0.8713 	 0.930999 	 1
0.4 	 0.288618 	 0.858686 	 0.923688 	 1
0.45 	 0.299491 	 0.851525 	 0.919516 	 1
0.5 	 0.305543 	 0.849319 	 0.918271 	 1
0.55 	 0.308031 	 0.851057 	 0.919374 	 1
0.6 	 0.308405 	 0.855381 	 0.922 	 1
0.65 	 0.308099 	 0.860776 	 0.925231 	 1
0.7 	 0.308311 	 0.86581 	 0.928222 	 1
0.75 	 0.309821 	 0.869338 	 0.930315 	 1
0.8 	 0.312966 	 0.870616 	 0.931097 	 1
0.85 	 0.317746 	 0.869306 	 0.930382 	 1
0.9 	 0.323978 	 0.865392 	 0.928155 	 1
0.95 	 0.331433 	 0.85908 	 0.924515 	 1
1 	 0.339896 	 0.850708 	 0.919626 	 1
1.05 	 0.349207 	 0.840704 	 0.913703 	 1
1.1 	 0.359223 	 0.829575 	 0.907013 	 1
1.15 	 0.369798 	 0.817906 	 0.899889 	 1
1.2 	 0.380739 	 0.806332 	 0.89272 	 1
1.25 	 0.391802 	 0.795484 	 0.885918 	 1
1.3 	 0.402675 	 0.785913 	 0.879867 	 1
1.35 	 0.412991 	 0.77802 	 0.874868 	 1
1.4 	 0.422363 	 0.772003 	 0.87108 	 1
1.45 	 0.430462 	 0.767814 	 0.868487 	 1
1.5 	 0.437114 	 0.765177 	 0.866904 	 1
1.55 	 0.442351 	 0.763644 	 0.866025 	 1
1.6 	 0.446431 	 0.762684 	 0.865494 	 1
1.65 	 0.449807 	 0.761787 	 0.864972 	 1
1.7 	 0.45304 	 0.760532 	 0.86419 	 1
1.75 	 0.456676 	 0.758633 	 0.862969 	 1
1.8 	 0.461118 	 0.755962 	 0.861235 	 1
1.85 	 0.466524 	 0.752544 	 0.859009 	 1
1.9 	 0.472769 	 0.748549 	 0.856402 	 1
1.95 	 0.479471 	 0.744261 	 0.853597 	 1
2 	 0.486087 	 0.740036 	 0.850822 	 1
2.05 	 0.49203 	 0.736252 	 0.848325 	 1
2.1 	 0.496815 	 0.733247 	 0.846332 	 1
2.15 	 0.500155 	 0.731263 	 0.84501 	 1
2.2 	 0.502023 	 0.730416 	 0.844444 	 1
2.25 	 0.502651 	 0.730684 	 0.844633 	 1
2.3 	 0.502477 	 0.73193 	 0.845497 	 1
2.35 	 0.502037 	 0.733941 	 0.846902 	 1
2.4 	 0.501842 	 0.736479 	 0.848693 	 1
2.45 	 0.502246 	 0.739314 	 0.850716 	 1
2.5 	 0.503366 	 0.742259 	 0.852833 	 1
2.55 	 0.505054 	 0.745176 	 0.854936 	 1
2.6 	 0.506952 	 0.747988 	 0.856954 	 1
2.65 	 0.5086 	 0.750678 	 0.858858 	 1
2.7 	 0.50957 	 0.75329 	 0.860664 	 1
2.75 	 0.509579 	 0.755922 	 0.862434 	 1
2.8 	 0.508563 	 0.758712 	 0.864262 	 1
2.85 	 0.506671 	 0.761803 	 0.866252 	 1
2.9 	 0.504216 	 0.765312 	 0.868494 	 1
2.95 	 0.501584 	 0.769296 	 0.871037 	 1
3 	 0.499127 	 0.773734 	 0.873875 	 1
3.05 	 0.497081 	 0.77854 	 0.876952 	 1
3.1 	 0.495506 	 0.783582 	 0.880177 	 1
3.15 	 0.494285 	 0.788732 	 0.883456 	 1
3.2 	 0.493166 	 0.793888 	 0.886716 	 1
3.25 	 0.491854 	 0.798999 	 0.889914 	 1
3.3 	 0.490091 	 0.804054 	 0.893039 	 1
3.35 	 0.48773 	 0.809074 	 0.896104 	 1
3.4 	 0.484769 	 0.814095 	 0.899133 	 1
3.45 	 0.481346 	 0.819147 	 0.902152 	 1
3.5 	 0.477705 	 0.824238 	 0.905169 	 1
3.55 	 0.474126 	 0.829335 	 0.908171 	 1
3.6 	 0.470867 	 0.834359 	 0.911117 	 1
3.65 	 0.468091 	 0.839199 	 0.913942 	 1
3.7 	 0.465835 	 0.843733 	 0.916579 	 1
3.75 	 0.464003 	 0.847871 	 0.918976 	 1
3.8 	 0.462405 	 0.851586 	 0.921117 	 1
3.85 	 0.460812 	 0.854929 	 0.923034 	 1
3.9 	 0.459033 	 0.85802 	 0.924796 	 1
3.95 	 0.456967 	 0.861002 	 0.926486 	 1
4 	 0.454618 	 0.863984 	 0.928167 	 1
4.05 	 0.452091 	 0.866997 	 0.92986 	 1
4.1 	 0.449545 	 0.869972 	 0.931525 	 1
4.15 	 0.447156 	 0.872747 	 0.933074 	 1
4.2 	 0.445074 	 0.875096 	 0.934381 	 1
4.25 	 0.443399 	 0.876769 	 0.935308 	 1
4.3 	 0.442178 	 0.877536 	 0.935728 	 1
4.35 	 0.441423 	 0.877235 	 0.93555 	 1
4.4 	 0.441121 	 0.875809 	 0.93474 	 1
4.45 	 0.441272 	 0.873315 	 0.933325 	 1
4.5 	 0.441876 	 0.869917 	 0.931391 	 1
4.55 	 0.442938 	 0.865862 	 0.929073 	 1
4.6 	 0.444431 	 0.861464 	 0.926541 	 1
4.65 	 0.446279 	 0.857071 	 0.923996 	 1
4.7 	 0.448355 	 0.853041 	 0.921646 	 1
4.75 	 0.450474 	 0.849708 	 0.91969 	 1
4.8 	 0.452428 	 0.847352 	 0.9183 	 1
4.85 	 0.454025 	 0.846179 	 0.917603 	 1
4.9 	 0.455121 	 0.846292 	 0.917666 	 1
4.95 	 0.455658 	 0.847662 	 0.918471 	 1
5 	 0.45569 	 0.850082 	 0.919893 	 1
5.05 	 0.4554 	 0.853129 	 0.92168 	 1
5.1 	 0.455091 	 0.856151 	 0.923449 	 1
5.15 	 0.45515 	 0.858298 	 0.924709 	 1
5.2 	 0.455984 	 0.858614 	 0.924911 	 1
5.25 	 0.457952 	 0.85619 	 0.923532 	 1
5.3 	 0.461276 	 0.850355 	 0.920166 	 1
5.35 	 0.465973 	 0.840874 	 0.914621 	 1
5.4 	 0.471838 	 0.828079 	 0.907001 	 1
5.45 	 0.478442 	 0.812881 	 0.897739 	 1
5.5 	 0.485202 	 0.796648 	 0.887571 	 1
5.55 	 0.491468 	 0.780966 	 0.877447 	 1
5.6 	 0.496591 	 0.76737 	 0.868396 	 1
5.65 	 0.50002 	 0.757118 	 0.86137 	 1
5.7 	 0.501357 	 0.751059 	 0.85709 	 1
5.75 	 0.500416 	 0.749564 	 0.855934 	 1
5.8 	 0.497276 	 0.752519 	 0.857868 	 1
5.85 	 0.4923 	 0.759334 	 0.862452 	 1
5.9 	 0.486158 	 0.768973 	 0.868899 	 1
5.95 	 0.479777 	 0.78003 	 0.876193 	 1
6 	 0.474251 	 0.790876 	 0.883239 	 1
6.05 	 0.470671 	 0.799875 	 0.889013 	 1
6.1 	 0.469917 	 0.805638 	 0.8927 	 1
6.15 	 0.472455 	 0.807249 	 0.893787 	 1
6.2 	 0.478228 	 0.804408 	 0.892108 	 1
6.25 	 0.486658 	 0.797453 	 0.887841 	 1
6.3 	 0.496758 	 0.787269 	 0.881463 	 1
6.35 	 0.507318 	 0.775118 	 0.873683 	 1
6.4 	 0.517096 	 0.762444 	 0.865357 	 1
6.45 	 0.524977 	 0.750686 	 0.857408 	 1
6.5 	 0.530096 	 0.741121 	 0.850733 	 1
6.55 	 0.531909 	 0.734749 	 0.846107 	 1
6.6 	 0.530246 	 0.732218 	 0.844095 	 1
6.65 	 0.525317 	 0.733795 	 0.844973 	 1
6.7 	 0.517674 	 0.739369 	 0.848692 	 1
6.75 	 0.508143 	 0.748467 	 0.85488 	 1
6.8 	 0.497718 	 0.760287 	 0.862892 	 1
6.85 	 0.487436 	 0.773752 	 0.871895 	 1
6.9 	 0.478253 	 0.787602 	 0.880988 	 1
6.95 	 0.470908 	 0.800541 	 0.88932 	 1
7 	 0.465852 	 0.81141 	 0.896198 	 1
7.05 	 0.463208 	 0.819376 	 0.901172 	 1
7.1 	 0.462816 	 0.824056 	 0.904072 	 1
7.15 	 0.464297 	 0.825584 	 0.905025 	 1
7.2 	 0.467156 	 0.824562 	 0.904414 	 1
7.25 	 0.470853 	 0.82193 	 0.902811 	 1
7.3 	 0.474869 	 0.818766 	 0.900872 	 1
7.35 	 0.47875 	 0.816084 	 0.899228 	 1
7.4 	 0.482122 	 0.814676 	 0.898377 	 1
7.45 	 0.484706 	 0.815029 	 0.898626 	 1
7.5 	 0.486305 	 0.817315 	 0.900075 	 1
7.55 	 0.4868 	 0.821452 	 0.902649 	 1
7.6 	 0.48615 	 0.82718 	 0.906164 	 1
7.65 	 0.484401 	 0.834148 	 0.910377 	 1
7.7 	 0.481702 	 0.841963 	 0.915035 	 1
7.75 	 0.478326 	 0.850213 	 0.919885 	 1
7.8 	 0.474661 	 0.858459 	 0.924671 	 1
7.85 	 0.471181 	 0.866231 	 0.929134 	 1
7.9 	 0.468393 	 0.873042 	 0.933011 	 1
7.95 	 0.466744 	 0.878428 	 0.936057 	 1
8 	 0.466545 	 0.88202 	 0.938084 	 1
8.05 	 0.467903 	 0.883627 	 0.938999 	 1
8.1 	 0.470701 	 0.883296 	 0.938836 	 1
8.15 	 0.474631 	 0.88133 	 0.937761 	 1
8.2 	 0.479262 	 0.878249 	 0.93606 	 1
8.25 	 0.484123 	 0.874705 	 0.934094 	 1
8.3 	 0.488786 	 0.871375 	 0.932239 	 1
8.35 	 0.492926 	 0.868847 	 0.930831 	 1
8.4 	 0.496361 	 0.867524 	 0.930102 	 1
8.45 	 0.49907 	 0.867564 	 0.930146 	 1
8.5 	 0.501179 	 0.868852 	 0.930896 	 1
8.55 	 0.502926 	 0.871012 	 0.932137 	 1
8.6 	 0.504629 	 0.873469 	 0.93354 	 1
8.65 	 0.506607 	 0.875541 	 0.934722 	 1
8.7 	 0.509136 	 0.876577 	 0.935321 	 1
8.75 	 0.512391 	 0.876085 	 0.935066 	 1
8.8 	 0.516412 	 0.873836 	 0.933829 	 1
8.85 	 0.521106 	 0.869903 	 0.931644 	 1
8.9 	 0.526266 	 0.864623 	 0.928691 	 1
8.95 	 0.531636 	 0.858497 	 0.92524 	 1
9 	 0.536963 	 0.85206 	 0.921583 	 1
9.05 	 0.542058 	 0.845753 	 0.917972 	 1
9.1 	 0.54683 	 0.839854 	 0.91457 	 1
9.15 	 0.551304 	 0.834452 	 0.911434 	 1
9.2 	 0.555597 	 0.829483 	 0.908534 	 1
9.25 	 0.559883 	 0.824785 	 0.905778 	 1
9.3 	 0.564343 	 0.820166 	 0.90306 	 1
9.35 	 0.569117 	 0.81546 	 0.900278 	 1
9.4 	 0.574256 	 0.810551 	 0.897365 	 1
9.45 	 0.579692 	 0.805393 	 0.894289 	 1
9.5 	 0.585246 	 0.800007 	 0.891055 	 1
9.55 	 0.590655 	 0.794471 	 0.887704 	 1
9.6 	 0.595636 	 0.788906 	 0.884302 	 1
9.65 	 0.599953 	 0.783447 	 0.880929 	 1
9.7 	 0.603487 	 0.778223 	 0.87766 	 1
9.75 	 0.606274 	 0.773322 	 0.874554 	 1
9.8 	 0.608503 	 0.768781 	 0.871642 	 1
9.85 	 0.610479 	 0.764585 	 0.868925 	 1
9.9 	 0.61255 	 0.76068 	 0.866383 	 1
9.95 	 0.615019 	 0.756989 	 0.863979 	 1
10 	 0.618061 	 0.753435 	 0.861671 	 1
10.05 	 0.621687 	 0.749951 	 0.85942 	 1
10.1 	 0.625738 	 0.746493 	 0.85719 	 1
10.15 	 0.629929 	 0.743036 	 0.854958 	 1
10.2 	 0.633923 	 0.739583 	 0.852712 	 1
10.25 	 0.637398 	 0.736167 	 0.850463 	 1
10.3 	 0.640129 	 0.73286 	 0.848249 	 1
10.35 	 0.642022 	 0.729765 	 0.846138 	 1
10.4 	 0.643141 	 0.727013 	 0.844225 	 1
10.45 	 0.643675 	 0.724745 	 0.842619 	 1
10.5 	 0.643888 	 0.723089 	 0.841427 	 1
10.55 	 0.644041 	 0.72214 	 0.840735 	 1
10.6 	 0.644317 	 0.721948 	 0.840588 	 1
10.65 	 0.644768 	 0.722514 	 0.840991 	 1
10.7 	 0.645283 	 0.723805 	 0.841907 	 1
10.75 	 0.645629 	 0.725777 	 0.843289 	 1
10.8 	 0.645501 	 0.728403 	 0.845095 	 1
10.85 	 0.64461 	 0.731694 	 0.847312 	 1
10.9 	 0.642769 	 0.735693 	 0.849959 	 1
10.95 	 0.639945 	 0.740464 	 0.853071 	 1
11 	 0.636284 	 0.746039 	 0.856673 	 1
11.05 	 0.632087 	 0.752383 	 0.860747 	 1
11.1 	 0.62776 	 0.759347 	 0.8652 	 1
11.15 	 0.623714 	 0.766656 	 0.869856 	 1
11.2 	 0.620294 	 0.773912 	 0.874463 	 1
11.25 	 0.617697 	 0.780642 	 0.878718 	 1
11.3 	 0.615949 	 0.786368 	 0.882323 	 1
11.35 	 0.614916 	 0.7907 	 0.885041 	 1
11.4 	 0.614337 	 0.793442 	 0.886752 	 1
11.45 	 0.613898 	 0.794649 	 0.887498 	 1
11.5 	 0.613295 	 0.794648 	 0.887477 	 1
11.55 	 0.61229 	 0.793985 	 0.887027 	 1
11.6 	 0.610735 	 0.793331 	 0.886565 	 1
11.65 	 0.608568 	 0.793377 	 0.886525 	 1
11.7 	 0.605788 	 0.794731 	 0.887293 	 1
11.75 	 0.602425 	 0.797861 	 0.889165 	 1
11.8 	 0.598494 	 0.803056 	 0.892313 	 1
11.85 	 0.593994 	 0.810421 	 0.896773 	 1
11.9 	 0.588896 	 0.81987 	 0.902455 	 1
11.95 	 0.583181 	 0.831145 	 0.909155 	 1
12 	 0.576873 	 0.843817 	 0.916575 	 1
12.05 	 0.570079 	 0.857314 	 0.92435 	 1
12.1 	 0.563016 	 0.870951 	 0.932075 	 1
12.15 	 0.556017 	 0.883973 	 0.939336 	 1
12.2 	 0.549499 	 0.895616 	 0.945737 	 1
12.25 	 0.543914 	 0.905168 	 0.950927 	 1
12.3 	 0.539685 	 0.912042 	 0.954628 	 1
12.35 	 0.537119 	 0.915855 	 0.956667 	 1
12.4 	 0.536356 	 0.916492 	 0.957003 	 1
12.45 	 0.537328 	 0.914159 	 0.955748 	 1
12.5 	 0.539756 	 0.909394 	 0.953177 	 1
12.55 	 0.543197 	 0.903019 	 0.949716 	 1
12.6 	 0.547106 	 0.896038 	 0.945894 	 1
12.65 	 0.550927 	 0.889496 	 0.94228 	 1
12.7 	 0.554174 	 0.884318 	 0.939396 	 1
12.75 	 0.556503 	 0.881175 	 0.937632 	 1
12.8 	 0.55774 	 0.880385 	 0.937182 	 1
12.85 	 0.557902 	 0.881881 	 0.938014 	 1
12.9 	 0.557186 	 0.885231 	 0.939881 	 1
12.95 	 0.555926 	 0.889712 	 0.94237 	 1
13 	 0.554541 	 0.894436 	 0.944982 	 1
13.05 	 0.553462 	 0.898491 	 0.947214 	 1
13.1 	 0.553075 	 0.901085 	 0.94864 	 1
13.15 	 0.553655 	 0.901658 	 0.94896 	 1
13.2 	 0.555332 	 0.899945 	 0.948033 	 1
13.25 	 0.558081 	 0.895982 	 0.945872 	 1
13.3 	 0.561734 	 0.890062 	 0.942623 	 1
13.35 	 0.566031 	 0.882663 	 0.938528 	 1
13.4 	 0.570656 	 0.874353 	 0.933884 	 1
13.45 	 0.575299 	 0.86571 	 0.929003 	 1
13.5 	 0.57971 	 0.857252 	 0.924174 	 1
13.55 	 0.583727 	 0.849388 	 0.919638 	 1
13.6 	 0.587308 	 0.842399 	 0.915569 	 1
13.65 	 0.590514 	 0.836429 	 0.912068 	 1
13.7 	 0.593508 	 0.831494 	 0.909161 	 1
13.75 	 0.596498 	 0.827488 	 0.906801 	 1
13.8 	 0.599705 	 0.824203 	 0.904872 	 1
13.85 	 0.603314 	 0.821344 	 0.903202 	 1
13.9 	 0.607455 	 0.818563 	 0.901581 	 1
13.95 	 0.612172 	 0.815498 	 0.899786 	 1
14 	 0.617428 	 0.811826 	 0.897615 	 1
14.05 	 0.623123 	 0.807323 	 0.894921 	 1
14.1 	 0.629132 	 0.801903 	 0.89164 	 1
14.15 	 0.635318 	 0.795642 	 0.887806 	 1
14.2 	 0.641551 	 0.788765 	 0.88355 	 1
14.25 	 0.647726 	 0.781604 	 0.879072 	 1
14.3 	 0.653752 	 0.77453 	 0.87461 	 1
14.35 	 0.659555 	 0.767885 	 0.870392 	 1
14.4 	 0.665075 	 0.761935 	 0.8666 	 1
14.45 	 0.670253 	 0.75684 	 0.863348 	 1
14.5 	 0.675028 	 0.752665 	 0.860684 	 1
14.55 	 0.679345 	 0.749398 	 0.858602 	 1
14.6 	 0.683154 	 0.74699 	 0.857068 	 1
14.65 	 0.686423 	 0.745382 	 0.856043 	 1
14.7 	 0.689155 	 0.744518 	 0.855492 	 1
14.75 	 0.69139 	 0.744354 	 0.855394 	 1
14.8 	 0.693209 	 0.744847 	 0.85573 	 1
14.85 	 0.694726 	 0.745946 	 0.856476 	 1
14.9 	 0.696077 	 0.747575 	 0.85759 	 1
14.95 	 0.69738 	 0.749619 	 0.858999 	 1
15 	 0.698718 	 0.751911 	 0.860588 	 1
15.05 	 0.700133 	 0.754237 	 0.862207 	 1
15.1 	 0.701613 	 0.75635 	 0.863679 	 1
15.15 	 0.703108 	 0.758012 	 0.86484 	 1
15.2 	 0.704548 	 0.759049 	 0.865569 	 1
15.25 	 0.705858 	 0.759398 	 0.86582 	 1
15.3 	 0.706997 	 0.759132 	 0.86564 	 1
15.35 	 0.707955 	 0.758451 	 0.86516 	 1
15.4 	 0.708771 	 0.757645 	 0.864576 	 1
15.45 	 0.709513 	 0.757026 	 0.864105 	 1
15.5 	 0.710264 	 0.756881 	 0.86395 	 1
15.55 	 0.711089 	 0.757431 	 0.864271 	 1
15.6 	 0.712013 	 0.758831 	 0.865174 	 1
15.65 	 0.712996 	 0.761176 	 0.866719 	 1
15.7 	 0.713951 	 0.764532 	 0.868935 	 1
15.75 	 0.714748 	 0.768955 	 0.871833 	 1
15.8 	 0.715253 	 0.774491 	 0.875418 	 1
15.85 	 0.71536 	 0.781164 	 0.879676 	 1
15.9 	 0.715026 	 0.788942 	 0.884563 	 1
15.95 	 0.714282 	 0.797704 	 0.889981 	 1
16 	 0.713232 	 0.807211 	 0.895767 	 1
16.05 	 0.712036 	 0.817093 	 0.901689 	 1
16.1 	 0.710876 	 0.826863 	 0.907459 	 1
16.15 	 0.709921 	 0.835959 	 0.91276 	 1
16.2 	 0.709284 	 0.843815 	 0.917287 	 1
16.25 	 0.709014 	 0.849953 	 0.920789 	 1
16.3 	 0.70907 	 0.854067 	 0.92312 	 1
16.35 	 0.709346 	 0.856094 	 0.924261 	 1
16.4 	 0.709683 	 0.85624 	 0.924336 	 1
16.45 	 0.709907 	 0.854942 	 0.923591 	 1
16.5 	 0.709872 	 0.852796 	 0.92236 	 1
16.55 	 0.709491 	 0.850442 	 0.921002 	 1
16.6 	 0.708749 	 0.848467 	 0.919854 	 1
16.65 	 0.707716 	 0.847317 	 0.919175 	 1
16.7 	 0.706522 	 0.847266 	 0.919127 	 1
16.75 	 0.70533 	 0.848419 	 0.919773 	 1
16.8 	 0.704313 	 0.850747 	 0.921096 	 1
16.85 	 0.703615 	 0.854141 	 0.923027 	 1
16.9 	 0.703354 	 0.858447 	 0.925469 	 1
16.95 	 0.70359 	 0.863483 	 0.928312 	 1
17 	 0.704343 	 0.869031 	 0.931423 	 1
17.05 	 0.705595 	 0.874812 	 0.934641 	 1
17.1 	 0.707303 	 0.880456 	 0.937759 	 1
17.15 	 0.709407 	 0.8855 	 0.940526 	 1
17.2 	 0.711848 	 0.889416 	 0.942662 	 1
17.25 	 0.714585 	 0.891681 	 0.943893 	 1
17.3 	 0.717588 	 0.89187 	 0.943995 	 1
17.35 	 0.720844 	 0.889735 	 0.942838 	 1
17.4 	 0.724331 	 0.885272 	 0.940408 	 1
17.45 	 0.727996 	 0.878724 	 0.936817 	 1
17.5 	 0.731743 	 0.870542 	 0.932291 	 1
17.55 	 0.735422 	 0.861312 	 0.927131 	 1
17.6 	 0.738831 	 0.851658 	 0.921668 	 1
17.65 	 0.741752 	 0.842153 	 0.916222 	 1
17.7 	 0.743978 	 0.833248 	 0.911052 	 1
17.75 	 0.745369 	 0.825234 	 0.906338 	 1
17.8 	 0.745888 	 0.818234 	 0.902162 	 1
17.85 	 0.745626 	 0.81224 	 0.898534 	 1
17.9 	 0.744798 	 0.807162 	 0.895414 	 1
17.95 	 0.743718 	 0.802886 	 0.892751 	 1
18 	 0.742752 	 0.799327 	 0.890508 	 1
18.05 	 0.742233 	 0.796441 	 0.888677 	 1
18.1 	 0.742416 	 0.794223 	 0.887272 	 1
18.15 	 0.743412 	 0.792677 	 0.886306 	 1
18.2 	 0.745184 	 0.791762 	 0.885756 	 1
18.25 	 0.747554 	 0.791358 	 0.885544 	 1
18.3 	 0.750269 	 0.791235 	 0.885516 	 1
18.35 	 0.753063 	 0.791059 	 0.885452 	 1
18.4 	 0.755739 	 0.790437 	 0.885098 	 1
18.45 	 0.758209 	 0.788985 	 0.884208 	 1
18.5 	 0.760517 	 0.786411 	 0.882597 	 1
18.55 	 0.762803 	 0.782587 	 0.880179 	 1
18.6 	 0.765245 	 0.777583 	 0.876993 	 1
18.65 	 0.767985 	 0.771666 	 0.873202 	 1
18.7 	 0.771065 	 0.765258 	 0.86907 	 1
18.75 	 0.77439 	 0.758872 	 0.864929 	 1
18.8 	 0.777716 	 0.753037 	 0.861124 	 1
18.85 	 0.780694 	 0.748227 	 0.857969 	 1
18.9 	 0.78294 	 0.744805 	 0.855708 	 1
18.95 	 0.78411 	 0.742988 	 0.854484 	 1
19 	 0.783984 	 0.742828 	 0.854329 	 1
19.05 	 0.782524 	 0.744218 	 0.855172 	 1
19.1 	 0.779887 	 0.746915 	 0.856854 	 1
19.15 	 0.776383 	 0.75058 	 0.859155 	 1
19.2 	 0.772434 	 0.754827 	 0.861833 	 1
19.25 	 0.768478 	 0.759274 	 0.86465 	 1
19.3 	 0.764886 	 0.76359 	 0.867402 	 1
19.35 	 0.761887 	 0.767531 	 0.869936 	 1
19.4 	 0.759538 	 0.770954 	 0.872159 	 1
19.45 	 0.757736 	 0.773817 	 0.874034 	 1
19.5 	 0.756278 	 0.776169 	 0.875582 	 1
19.55 	 0.754935 	 0.778128 	 0.876867 	 1
19.6 	 0.753531 	 0.779855 	 0.877983 	 1
19.65 	 0.751987 	 0.781536 	 0.879045 	 1
19.7 	 0.750339 	 0.783362 	 0.880176 	 1
19.75 	 0.748716 	 0.78551 	 0.881496 	 1
19.8 	 0.747279 	 0.788144 	 0.883114 	 1
19.85 	 0.746156 	 0.79141 	 0.885131 	 1
19.9 	 0.745376 	 0.795448 	 0.887633 	 1
19.95 	 0.744851 	 0.800383 	 0.890689 	 1
20 	 0.744379 	 0.806316 	 0.894348 	 1
20.05 	 0.743695 	 0.8133 	 0.898617 	 1
20.1 	 0.742541 	 0.821295 	 0.903448 	 1
20.15 	 0.740756 	 0.830139 	 0.90872 	 1
20.2 	 0.738316 	 0.839511 	 0.91423 	 1
20.25 	 0.73536 	 0.848935 	 0.919695 	 1
20.3 	 0.732176 	 0.857813 	 0.924778 	 1
20.35 	 0.729145 	 0.865491 	 0.929126 	 1
20.4 	 0.726673 	 0.871365 	 0.932423 	 1
20.45 	 0.725086 	 0.875002 	 0.93445 	 1
20.5 	 0.724576 	 0.876241 	 0.935134 	 1
20.55 	 0.725128 	 0.875262 	 0.934582 	 1
20.6 	 0.726548 	 0.872584 	 0.933079 	 1
20.65 	 0.728488 	 0.868993 	 0.931059 	 1
20.7 	 0.730527 	 0.865418 	 0.929038 	 1
20.75 	 0.732263 	 0.862773 	 0.927537 	 1
20.8 	 0.733378 	 0.861818 	 0.926993 	 1
20.85 	 0.733713 	 0.863041 	 0.927687 	 1
20.9 	 0.733264 	 0.866592 	 0.929699 	 1
20.95 	 0.732182 	 0.872262 	 0.932895 	 1
21 	 0.730724 	 0.879526 	 0.936959 	 1
21.05 	 0.729193 	 0.887621 	 0.941446 	 1
21.1 	 0.727884 	 0.895671 	 0.945866 	 1
21.15 	 0.727022 	 0.902825 	 0.949759 	 1
21.2 	 0.726747 	 0.908379 	 0.95276 	 1
21.25 	 0.727102 	 0.911864 	 0.954634 	 1
21.3 	 0.728061 	 0.91307 	 0.955282 	 1
21.35 	 0.729555 	 0.912022 	 0.954725 	 1
21.4 	 0.731504 	 0.908918 	 0.953065 	 1
21.45 	 0.73384 	 0.904042 	 0.950444 	 1
21.5 	 0.736518 	 0.897708 	 0.947016 	 1
21.55 	 0.739521 	 0.890214 	 0.942926 	 1
21.6 	 0.742844 	 0.881843 	 0.938314 	 1
21.65 	 0.746473 	 0.872883 	 0.933326 	 1
21.7 	 0.750386 	 0.863658 	 0.928134 	 1
21.75 	 0.754537 	 0.854542 	 0.922946 	 1
21.8 	 0.75884 	 0.845951 	 0.91801 	 1
21.85 	 0.763189 	 0.838304 	 0.913581 	 1
21.9 	 0.767461 	 0.83197 	 0.909897 	 1
21.95 	 0.771545 	 0.827205 	 0.907128 	 1
22 	 0.77535 	 0.824096 	 0.905341 	 1
22.05 	 0.778828 	 0.822528 	 0.904473 	 1
22.1 	 0.781976 	 0.822171 	 0.904324 	 1
22.15 	 0.784851 	 0.822505 	 0.904581 	 1
22.2 	 0.787543 	 0.822887 	 0.904855 	 1
22.25 	 0.790177 	 0.822642 	 0.904745 	 1
22.3 	 0.792881 	 0.821172 	 0.903898 	 1
22.35 	 0.795752 	 0.818059 	 0.902061 	 1
22.4 	 0.798838 	 0.813119 	 0.899113 	 1
22.45 	 0.802141 	 0.806425 	 0.895076 	 1
22.5 	 0.805595 	 0.798263 	 0.890097 	 1
22.55 	 0.809105 	 0.789072 	 0.884416 	 1
22.6 	 0.812567 	 0.779359 	 0.878325 	 1
22.65 	 0.815888 	 0.769634 	 0.872135 	 1
22.7 	 0.819017 	 0.760363 	 0.866147 	 1
22.75 	 0.821938 	 0.751948 	 0.860637 	 1
22.8 	 0.824666 	 0.744717 	 0.855848 	 1
22.85 	 0.827231 	 0.73893 	 0.851986 	 1
22.9 	 0.829658 	 0.734775 	 0.849208 	 1
22.95 	 0.83195 	 0.73236 	 0.847615 	 1
23 	 0.83408 	 0.731696 	 0.847227 	 1
23.05 	 0.836 	 0.732675 	 0.847968 	 1
23.1 	 0.837649 	 0.73505 	 0.849657 	 1
23.15 	 0.838982 	 0.738432 	 0.852008 	 1
23.2 	 0.839992 	 0.742303 	 0.854656 	 1
23.25 	 0.840729 	 0.746073 	 0.857195 	 1
23.3 	 0.841301 	 0.749154 	 0.859239 	 1
23.35 	 0.841851 	 0.751068 	 0.860481 	 1
23.4 	 0.842528 	 0.751529 	 0.860745 	 1
23.45 	 0.843451 	 0.750514 	 0.86002 	 1
23.5 	 0.844673 	 0.748266 	 0.858468 	 1
23.55 	 0.846153 	 0.745261 	 0.856399 	 1
23.6 	 0.847753 	 0.742119 	 0.854229 	 1
23.65 	 0.849259 	 0.739505 	 0.85241 	 1
23.7 	 0.850415 	 0.738025 	 0.851362 	 1
23.75 	 0.850982 	 0.738143 	 0.851407 	 1
23.8 	 0.85078 	 0.740127 	 0.852725 	 1
23.85 	 0.849728 	 0.744026 	 0.855332 	 1
23.9 	 0.847856 	 0.749674 	 0.859089 	 1
23.95 	 0.845303 	 0.756733 	 0.863739 	 1
24 	 0.842297 	 0.76474 	 0.86895 	 1
24.05 	 0.839102 	 0.773183 	 0.874372 	 1
24.1 	 0.835984 	 0.781568 	 0.879688 	 1
24.15 	 0.833164 	 0.789486 	 0.884646 	 1
24.2 	 0.830783 	 0.796655 	 0.889084 	 1
24.25 	 0.828886 	 0.80294 	 0.892933 	 1
24.3 	 0.827421 	 0.808346 	 0.896212 	 1
24.35 	 0.826276 	 0.812997 	 0.899005 	 1
24.4 	 0.825299 	 0.817096 	 0.901442 	 1
24.45 	 0.824329 	 0.820891 	 0.903675 	 1
24.5 	 0.823236 	 0.824634 	 0.905859 	 1
24.55 	 0.821935 	 0.828544 	 0.908126 	 1
24.6 	 0.820387 	 0.832784 	 0.910575 	 1
24.65 	 0.81859 	 0.837446 	 0.91326 	 1
24.7 	 0.816576 	 0.842545 	 0.916188 	 1
24.75 	 0.814402 	 0.848019 	 0.919322 	 1
24.8 	 0.812123 	 0.853747 	 0.922588 	 1
24.85 	 0.809807 	 0.859565 	 0.925888 	 1
24.9 	 0.807532 	 0.865287 	 0.929116 	 1
24.95 	 0.805375 	 0.870737 	 0.93217 	 1
25 	 0.803424 	 0.875765 	 0.93497 	 1
25.05 	 0.801758 	 0.880268 	 0.937464 	 1
25.1 	 0.800439 	 0.884196 	 0.939627 	 1
25.15 	 0.799508 	 0.887546 	 0.941465 	 1
25.2 	 0.798964 	 0.890353 	 0.942999 	 1
25.25 	 0.798761 	 0.892672 	 0.944262 	 1
25.3 	 0.798814 	 0.894561 	 0.945289 	 1
25.35 	 0.799017 	 0.896067 	 0.946107 	 1
25.4 	 0.799266 	 0.897212 	 0.946728 	 1
25.45 	 0.799467 	 0.897979 	 0.947142 	 1
25.5 	 0.79958 	 0.898317 	 0.947323 	 1
25.55 	 0.799622 	 0.898137 	 0.947221 	 1
25.6 	 0.799668 	 0.89733 	 0.946778 	 1
25.65 	 0.799818 	 0.89579 	 0.945935 	 1
25.7 	 0.800196 	 0.893432 	 0.944643 	 1
25.75 	 0.800895 	 0.89022 	 0.94288 	 1
25.8 	 0.801957 	 0.886187 	 0.94066 	 1
25.85 	 0.803347 	 0.881442 	 0.938036 	 1
25.9 	 0.804963 	 0.876185 	 0.935113 	 1
25.95 	 0.806646 	 0.870696 	 0.932042 	 1
26 	 0.808227 	 0.865324 	 0.929014 	 1
26.05 	 0.809567 	 0.860445 	 0.926242 	 1
26.1 	 0.81058 	 0.856407 	 0.923932 	 1
26.15 	 0.811277 	 0.853469 	 0.92224 	 1
26.2 	 0.811746 	 0.851733 	 0.921235 	 1
26.25 	 0.812157 	 0.851091 	 0.920862 	 1
26.3 	 0.81272 	 0.851203 	 0.92093 	 1
26.35 	 0.813653 	 0.851515 	 0.92112 	 1
26.4 	 0.815141 	 0.851317 	 0.921022 	 1
26.45 	 0.817302 	 0.849854 	 0.920198 	 1
26.5 	 0.820165 	 0.846468 	 0.91826 	 1
26.55 	 0.823672 	 0.840741 	 0.914947 	 1
26.6 	 0.82769 	 0.832608 	 0.910184 	 1
26.65 	 0.832034 	 0.822391 	 0.904114 	 1
26.7 	 0.836491 	 0.810752 	 0.897082 	 1
26.75 	 0.840849 	 0.798576 	 0.889587 	 1
26.8 	 0.84493 	 0.786798 	 0.882201 	 1
26.85 	 0.848585 	 0.776262 	 0.875477 	 1
26.9 	 0.851726 	 0.767599 	 0.869872 	 1
26.95 	 0.854302 	 0.761178 	 0.865682 	 1
27 	 0.856305 	 0.757093 	 0.863013 	 1
27.05 	 0.85777 	 0.755189 	 0.861789 	 1
27.1 	 0.858756 	 0.755107 	 0.861775 	 1
27.15 	 0.859369 	 0.756346 	 0.862631 	 1
27.2 	 0.859742 	 0.758337 	 0.863971 	 1
27.25 	 0.860023 	 0.760518 	 0.865419 	 1
27.3 	 0.860374 	 0.762402 	 0.866659 	 1
27.35 	 0.86094 	 0.76363 	 0.867464 	 1
27.4 	 0.861838 	 0.763994 	 0.86771 	 1
27.45 	 0.863119 	 0.763435 	 0.867365 	 1
27.5 	 0.864771 	 0.762009 	 0.866466 	 1
27.55 	 0.866706 	 0.759852 	 0.8651 	 1
27.6 	 0.868791 	 0.75715 	 0.863378 	 1
27.65 	 0.870859 	 0.75411 	 0.861426 	 1
27.7 	 0.872754 	 0.750955 	 0.85938 	 1
27.75 	 0.874354 	 0.747922 	 0.857388 	 1
27.8 	 0.875594 	 0.745258 	 0.855617 	 1
27.85 	 0.876464 	 0.743219 	 0.854242 	 1
27.9 	 0.877005 	 0.742059 	 0.853447 	 1
27.95 	 0.877281 	 0.742014 	 0.853402 	 1
28 	 0.877369 	 0.743283 	 0.854251 	 1
28.05 	 0.877309 	 0.746012 	 0.856091 	 1
28.1 	 0.877109 	 0.750277 	 0.858962 	 1
28.15 	 0.87674 	 0.756072 	 0.862832 	 1
28.2 	 0.876144 	 0.763294 	 0.867596 	 1
28.25 	 0.875266 	 0.771723 	 0.873077 	 1
28.3 	 0.874082 	 0.781021 	 0.879025 	 1
28.35 	 0.87262 	 0.790724 	 0.885128 	 1
28.4 	 0.870964 	 0.800265 	 0.891034 	 1
28.45 	 0.869256 	 0.809024 	 0.896376 	 1
28.5 	 0.867653 	 0.81639 	 0.900813 	 1
28.55 	 0.866323 	 0.821851 	 0.904069 	 1
28.6 	 0.865378 	 0.825086 	 0.905982 	 1
28.65 	 0.86486 	 0.826046 	 0.90654 	 1
28.7 	 0.864699 	 0.824998 	 0.905906 	 1
28.75 	 0.864752 	 0.822522 	 0.904418 	 1
28.8 	 0.864807 	 0.81945 	 0.902564 	 1
28.85 	 0.86463 	 0.816752 	 0.900922 	 1
28.9 	 0.864012 	 0.815396 	 0.90008 	 1
28.95 	 0.862809 	 0.816208 	 0.900545 	 1
29 	 0.860995 	 0.819748 	 0.902654 	 1
29.05 	 0.858653 	 0.82623 	 0.906513 	 1
29.1 	 0.855974 	 0.835476 	 0.911973 	 1
29.15 	 0.853225 	 0.846926 	 0.918648 	 1
29.2 	 0.850706 	 0.859695 	 0.925977 	 1
29.25 	 0.848705 	 0.872687 	 0.93331 	 1
29.3 	 0.847447 	 0.884756 	 0.940012 	 1
29.35 	 0.847058 	 0.894878 	 0.945555 	 1
29.4 	 0.84756 	 0.902312 	 0.949582 	 1
29.45 	 0.848876 	 0.906689 	 0.951935 	 1
29.5 	 0.850857 	 0.90803 	 0.952654 	 1
29.55 	 0.853318 	 0.906679 	 0.95193 	 1
29.6 	 0.85608 	 0.903187 	 0.950052 	 1
29.65 	 0.858989 	 0.898177 	 0.947344 	 1
29.7 	 0.861925 	 0.892243 	 0.944115 	 1
29.75 	 0.864812 	 0.885878 	 0.940626 	 1
29.8 	 0.867603 	 0.879469 	 0.937085 	 1
29.85 	 0.870267 	 0.873311 	 0.933658 	 1
29.9 	 0.872761 	 0.86765 	 0.930485 	 1
29.95 	 0.875045 	 0.862712 	 0.927701 	 1
30 	 0.877067 	 0.858704 	 0.92543 	 1
30.05 	 0.87878 	 0.855791 	 0.923775 	 1
30.1 	 0.880153 	 0.85405 	 0.922787 	 1
30.15 	 0.881184 	 0.853423 	 0.922438 	 1
30.2 	 0.881921 	 0.853674 	 0.922595 	 1
30.25 	 0.882452 	 0.854396 	 0.923022 	 1
30.3 	 0.882906 	 0.855039 	 0.923404 	 1
30.35 	 0.883424 	 0.855003 	 0.923397 	 1
30.4 	 0.884161 	 0.85374 	 0.922688 	 1
30.45 	 0.885244 	 0.850871 	 0.921055 	 1
30.5 	 0.886758 	 0.846265 	 0.918412 	 1
30.55 	 0.888728 	 0.840063 	 0.914824 	 1
30.6 	 0.891117 	 0.832649 	 0.910491 	 1
30.65 	 0.893834 	 0.824561 	 0.905711 	 1
30.7 	 0.896751 	 0.816382 	 0.900821 	 1
30.75 	 0.899721 	 0.808626 	 0.896128 	 1
30.8 	 0.902618 	 0.801648 	 0.891861 	 1
30.85 	 0.905361 	 0.795598 	 0.888124 	 1
30.9 	 0.907938 	 0.790416 	 0.884897 	 1
30.95 	 0.910396 	 0.785874 	 0.88205 	 1
31 	 0.912831 	 0.781651 	 0.879388 	 1
31.05 	 0.915373 	 0.777423 	 0.876712 	 1
31.1 	 0.918124 	 0.772956 	 0.873874 	 1
31.15 	 0.921138 	 0.768168 	 0.870822 	 1
31.2 	 0.924396 	 0.763156 	 0.867615 	 1
31.25 	 0.92779 	 0.75818 	 0.864419 	 1
31.3 	 0.931139 	 0.753596 	 0.861467 	 1
31.35 	 0.934215 	 0.749787 	 0.859011 	 1
31.4 	 0.936789 	 0.747073 	 0.857264 	 1
31.45 	 0.938687 	 0.745643 	 0.856351 	 1
31.5 	 0.939821 	 0.745513 	 0.85628 	 1
31.55 	 0.940221 	 0.746509 	 0.856935 	 1
31.6 	 0.940023 	 0.748295 	 0.85809 	 1
31.65 	 0.939448 	 0.750415 	 0.859448 	 1
31.7 	 0.93877 	 0.752375 	 0.860691 	 1
31.75 	 0.938249 	 0.753715 	 0.861529 	 1
31.8 	 0.938075 	 0.754095 	 0.861747 	 1
31.85 	 0.938333 	 0.753348 	 0.861243 	 1
31.9 	 0.938977 	 0.751517 	 0.86004 	 1
31.95 	 0.939847 	 0.748847 	 0.858291 	 1
32 	 0.940705 	 0.745753 	 0.856255 	 1
32.05 	 0.941292 	 0.742768 	 0.854276 	 1
32.1 	 0.941374 	 0.740466 	 0.852733 	 1
32.15 	 0.940789 	 0.7394 	 0.851999 	 1
32.2 	 0.939477 	 0.740026 	 0.852387 	 1
32.25 	 0.937484 	 0.742651 	 0.854107 	 1
32.3 	 0.934947 	 0.747389 	 0.857228 	 1
32.35 	 0.932067 	 0.754139 	 0.861661 	 1
32.4 	 0.929072 	 0.762582 	 0.86716 	 1
32.45 	 0.926175 	 0.772197 	 0.87335 	 1
32.5 	 0.923543 	 0.782309 	 0.87977 	 1
32.55 	 0.921289 	 0.792159 	 0.885932 	 1
32.6 	 0.919478 	 0.801 	 0.891384 	 1
32.65 	 0.918119 	 0.808203 	 0.895766 	 1
32.7 	 0.917197 	 0.813349 	 0.898858 	 1
32.75 	 0.916678 	 0.816299 	 0.900601 	 1
32.8 	 0.916503 	 0.817212 	 0.901111 	 1
32.85 	 0.916608 	 0.816522 	 0.900652 	 1
32.9 	 0.916899 	 0.814869 	 0.899612 	 1
32.95 	 0.917252 	 0.813013 	 0.898451 	 1
33 	 0.917526 	 0.811735 	 0.897646 	 1
33.05 	 0.917562 	 0.811752 	 0.897637 	 1
33.1 	 0.917205 	 0.813643 	 0.898776 	 1
33.15 	 0.916333 	 0.817799 	 0.901287 	 1
33.2 	 0.914871 	 0.824386 	 0.905243 	 1
33.25 	 0.912825 	 0.833322 	 0.910552 	 1
33.3 	 0.910269 	 0.844269 	 0.916967 	 1
33.35 	 0.907348 	 0.856644 	 0.924106 	 1
33.4 	 0.904266 	 0.869663 	 0.931493 	 1
33.45 	 0.901259 	 0.882409 	 0.93861 	 1
33.5 	 0.89856 	 0.893935 	 0.944951 	 1
33.55 	 0.896376 	 0.903366 	 0.950076 	 1
33.6 	 0.894866 	 0.91001 	 0.953652 	 1
33.65 	 0.894124 	 0.913434 	 0.955484 	 1
33.7 	 0.894173 	 0.913519 	 0.955528 	 1
33.75 	 0.894985 	 0.910472 	 0.953895 	 1
33.8 	 0.896464 	 0.904803 	 0.95084 	 1
33.85 	 0.898478 	 0.897252 	 0.94674 	 1
33.9 	 0.900864 	 0.888704 	 0.942052 	 1
33.95 	 0.903425 	 0.880081 	 0.937273 	 1
34 	 0.905966 	 0.872239 	 0.932882 	 1
34.05 	 0.908298 	 0.865892 	 0.929299 	 1
34.1 	 0.910256 	 0.861553 	 0.926838 	 1
34.15 	 0.911716 	 0.859508 	 0.925681 	 1
34.2 	 0.912622 	 0.8598 	 0.925861 	 1
34.25 	 0.912986 	 0.862235 	 0.927264 	 1
34.3 	 0.91291 	 0.866388 	 0.929635 	 1
34.35 	 0.912567 	 0.871632 	 0.932604 	 1
34.4 	 0.9122 	 0.877174 	 0.935718 	 1
34.45 	 0.912081 	 0.882118 	 0.938476 	 1
34.5 	 0.912483 	 0.885546 	 0.940381 	 1
34.55 	 0.913635 	 0.886626 	 0.940986 	 1
34.6 	 0.915697 	 0.884726 	 0.939948 	 1
34.65 	 0.918707 	 0.879513 	 0.937075 	 1
34.7 	 0.922595 	 0.871027 	 0.932355 	 1
34.75 	 0.92716 	 0.859701 	 0.925975 	 1
34.8 	 0.93211 	 0.846304 	 0.918306 	 1
34.85 	 0.937097 	 0.831841 	 0.909872 	 1
34.9 	 0.941755 	 0.817406 	 0.901279 	 1
34.95 	 0.94576 	 0.804031 	 0.893151 	 1
35 	 0.948864 	 0.792562 	 0.886042 	 1
35.05 	 0.95094 	 0.783571 	 0.880372 	 1
35.1 	 0.951991 	 0.777316 	 0.876372 	 1
35.15 	 0.952158 	 0.77374 	 0.874062 	 1
35.2 	 0.9517 	 0.772507 	 0.873261 	 1
35.25 	 0.950959 	 0.773055 	 0.873623 	 1
35.3 	 0.950312 	 0.774688 	 0.874699 	 1
35.35 	 0.950111 	 0.776663 	 0.876009 	 1
35.4 	 0.950641 	 0.778288 	 0.877106 	 1
35.45 	 0.952068 	 0.77901 	 0.877637 	 1
35.5 	 0.954432 	 0.778464 	 0.877367 	 1
35.55 	 0.957646 	 0.776498 	 0.876192 	 1
35.6 	 0.961517 	 0.773159 	 0.87413 	 1
35.65 	 0.965784 	 0.768656 	 0.871295 	 1
35.7 	 0.970157 	 0.763308 	 0.867874 	 1
35.75 	 0.97438 	 0.757485 	 0.864089 	 1
35.8 	 0.978245 	 0.751564 	 0.860179 	 1
35.85 	 0.981622 	 0.74589 	 0.856375 	 1
35.9 	 0.984448 	 0.740759 	 0.852888 	 1
35.95 	 0.986714 	 0.736411 	 0.849902 	 1
36 	 0.988437 	 0.733029 	 0.847567 	 1
36.05 	 0.989632 	 0.730748 	 0.845996 	 1
36.1 	 0.990302 	 0.729652 	 0.845258 	 1
36.15 	 0.990428 	 0.72977 	 0.845372 	 1
36.2 	 0.989987 	 0.731066 	 0.846301 	 1
36.25 	 0.98897 	 0.733436 	 0.847954 	 1
36.3 	 0.987419 	 0.736702 	 0.850191 	 1
36.35 	 0.985422 	 0.740628 	 0.852837 	 1
36.4 	 0.983147 	 0.744939 	 0.8557 	 1
36.45 	 0.980818 	 0.749354 	 0.858596 	 1
36.5 	 0.978686 	 0.753628 	 0.861373 	 1
36.55 	 0.976986 	 0.75759 	 0.863933 	 1
36.6 	 0.975904 	 0.761168 	 0.866244 	 1
36.65 	 0.97552 	 0.764403 	 0.868343 	 1
36.7 	 0.975809 	 0.767441 	 0.870329 	 1
36.75 	 0.976614 	 0.770502 	 0.872341 	 1
36.8 	 0.977697 	 0.77384 	 0.874529 	 1
36.85 	 0.978783 	 0.777684 	 0.877026 	 1
36.9 	 0.9796 	 0.782197 	 0.879915 	 1
36.95 	 0.97994 	 0.78743 	 0.883214 	 1
37 	 0.979702 	 0.79331 	 0.886865 	 1
37.05 	 0.978892 	 0.799646 	 0.890746 	 1
37.1 	 0.977629 	 0.806156 	 0.894684 	 1
37.15 	 0.976105 	 0.812516 	 0.898491 	 1
37.2 	 0.974565 	 0.818423 	 0.901997 	 1
37.25 	 0.973233 	 0.823651 	 0.905081 	 1
37.3 	 0.972277 	 0.828108 	 0.907701 	 1
37.35 	 0.971774 	 0.831856 	 0.909902 	 1
37.4 	 0.971708 	 0.835117 	 0.911818 	 1
37.45 	 0.971964 	 0.838232 	 0.913649 	 1
37.5 	 0.972374 	 0.841597 	 0.915621 	 1
37.55 	 0.972739 	 0.845579 	 0.91794 	 1
37.6 	 0.972892 	 0.850431 	 0.920742 	 1
37.65 	 0.972729 	 0.856212 	 0.924052 	 1
37.7 	 0.972218 	 0.862749 	 0.927759 	 1
37.75 	 0.971411 	 0.869628 	 0.931625 	 1
37.8 	 0.970423 	 0.87624 	 0.935308 	 1
37.85 	 0.969428 	 0.881869 	 0.93842 	 1
37.9 	 0.968579 	 0.885835 	 0.940599 	 1
37.95 	 0.968008 	 0.88763 	 0.941579 	 1
38 	 0.967783 	 0.887055 	 0.941258 	 1
38.05 	 0.9679 	 0.884288 	 0.93973 	 1
38.1 	 0.968254 	 0.879871 	 0.937284 	 1
38.15 	 0.968708 	 0.874623 	 0.93436 	 1
38.2 	 0.969088 	 0.869491 	 0.93148 	 1
38.25 	 0.969238 	 0.865377 	 0.929156 	 1
38.3 	 0.969053 	 0.862992 	 0.9278 	 1
38.35 	 0.968508 	 0.862744 	 0.927653 	 1
38.4 	 0.96767 	 0.864684 	 0.928747 	 1
38.45 	 0.966688 	 0.868503 	 0.930901 	 1
38.5 	 0.965778 	 0.873583 	 0.933753 	 1
38.55 	 0.965188 	 0.879084 	 0.936824 	 1
38.6 	 0.965148 	 0.884065 	 0.939589 	 1
38.65 	 0.965852 	 0.887614 	 0.941552 	 1
38.7 	 0.967397 	 0.88898 	 0.94231 	 1
38.75 	 0.969789 	 0.887659 	 0.941594 	 1
38.8 	 0.972943 	 0.883447 	 0.939284 	 1
38.85 	 0.976696 	 0.876437 	 0.935409 	 1
38.9 	 0.980846 	 0.866986 	 0.930126 	 1
38.95 	 0.985169 	 0.855648 	 0.923699 	 1
39 	 0.989476 	 0.843102 	 0.91647 	 1
39.05 	 0.993605 	 0.83009 	 0.908835 	 1
39.1 	 0.997434 	 0.817357 	 0.901221 	 1
39.15 	 1.00088 	 0.805598 	 0.894062 	 1
39.2 	 1.0039 	 0.79542 	 0.887766 	 1
39.25 	 1.00646 	 0.787303 	 0.882684 	 1
39.3 	 1.00854 	 0.781561 	 0.879067 	 1
39.35 	 1.01014 	 0.778315 	 0.877031 	 1
39.4 	 1.01128 	 0.777458 	 0.876529 	 1
39.45 	 1.01201 	 0.778643 	 0.877337 	 1
39.5 	 1.01244 	 0.781289 	 0.879069 	 1
39.55 	 1.01271 	 0.784609 	 0.881211 	 1
39.6 	 1.01303 	 0.787693 	 0.883185 	 1
39.65 	 1.01363 	 0.789621 	 0.884417 	 1
39.7 	 1.01475 	 0.789602 	 0.884423 	 1
39.75 	 1.01655 	 0.787107 	 0.882878 	 1
39.8 	 1.01914 	 0.781965 	 0.879659 	 1
39.85 	 1.0225 	 0.774395 	 0.87487 	 1
39.9 	 1.0265 	 0.764971 	 0.86883 	 1
39.95 	 1.03087 	 0.754518 	 0.862026 	 1
40 	 1.03528 	 0.743983 	 0.855049 	 1
