time = tau * tau_parallel
rms: rms distance of hole to its origin
IPR: inverse participation ratio, IPR(tau) = sum_i (n_h(i,tau))^2, with hole density n_h(i,tau) at site i at time tau.
return prob: probability of the hole to return to its origin, n_h(0,tau).
leg imbalance: difference between the occupation in the two legs of the ladder (see Eq. (15) in the manuscript).


time, rms, IPR, return prob, leg imbalance
0 	 0 	 1 	 1 	 1
0.05 	 0.0500059 	 0.995021 	 0.997504 	 1
0.1 	 0.0995555 	 0.980516 	 0.990161 	 1
0.15 	 0.148199 	 0.957716 	 0.978393 	 1
0.2 	 0.195497 	 0.928453 	 0.96286 	 1
0.25 	 0.241023 	 0.894895 	 0.944402 	 1
0.3 	 0.284373 	 0.859265 	 0.92397 	 1
0.35 	 0.325171 	 0.823598 	 0.902561 	 1
0.4 	 0.363079 	 0.789581 	 0.881147 	 1
0.45 	 0.397811 	 0.758474 	 0.860622 	 1
0.5 	 0.429144 	 0.731109 	 0.841759 	 1
0.55 	 0.456934 	 0.707941 	 0.825178 	 1
0.6 	 0.481128 	 0.689128 	 0.811332 	 1
0.65 	 0.501772 	 0.674617 	 0.8005 	 1
0.7 	 0.519017 	 0.664215 	 0.792788 	 1
0.75 	 0.533112 	 0.657642 	 0.788147 	 1
0.8 	 0.544402 	 0.654561 	 0.786385 	 1
0.85 	 0.553309 	 0.654587 	 0.787188 	 1
0.9 	 0.560314 	 0.657284 	 0.790145 	 1
0.95 	 0.565932 	 0.662154 	 0.794768 	 1
1 	 0.570685 	 0.668631 	 0.800523 	 1
1.05 	 0.575069 	 0.676084 	 0.806854 	 1
1.1 	 0.579528 	 0.683836 	 0.813215 	 1
1.15 	 0.584429 	 0.691191 	 0.819095 	 1
1.2 	 0.590045 	 0.697487 	 0.824044 	 1
1.25 	 0.596549 	 0.702139 	 0.827697 	 1
1.3 	 0.604018 	 0.704692 	 0.829786 	 1
1.35 	 0.612441 	 0.704856 	 0.83015 	 1
1.4 	 0.62174 	 0.702532 	 0.828741 	 1
1.45 	 0.631783 	 0.697808 	 0.825613 	 1
1.5 	 0.6424 	 0.690947 	 0.820918 	 1
1.55 	 0.653402 	 0.682343 	 0.814889 	 1
1.6 	 0.664592 	 0.672487 	 0.807821 	 1
1.65 	 0.67577 	 0.661909 	 0.800057 	 1
1.7 	 0.686747 	 0.651141 	 0.791962 	 1
1.75 	 0.697348 	 0.640677 	 0.783909 	 1
1.8 	 0.707423 	 0.630948 	 0.776261 	 1
1.85 	 0.716847 	 0.622304 	 0.769351 	 1
1.9 	 0.725529 	 0.615018 	 0.76347 	 1
1.95 	 0.733414 	 0.609279 	 0.758852 	 1
2 	 0.740484 	 0.605207 	 0.755667 	 1
2.05 	 0.746759 	 0.602858 	 0.754012 	 1
2.1 	 0.752292 	 0.602235 	 0.753902 	 1
2.15 	 0.757165 	 0.603286 	 0.755279 	 1
2.2 	 0.761484 	 0.605909 	 0.758004 	 1
2.25 	 0.765368 	 0.609943 	 0.761873 	 1
2.3 	 0.768942 	 0.615162 	 0.766621 	 1
2.35 	 0.772331 	 0.621271 	 0.771941 	 1
2.4 	 0.775657 	 0.627909 	 0.777495 	 1
2.45 	 0.779034 	 0.634656 	 0.782941 	 1
2.5 	 0.782567 	 0.641058 	 0.787946 	 1
2.55 	 0.786356 	 0.646661 	 0.792211 	 1
2.6 	 0.790491 	 0.651053 	 0.795488 	 1
2.65 	 0.795057 	 0.653902 	 0.797595 	 1
2.7 	 0.800129 	 0.654994 	 0.798428 	 1
2.75 	 0.805764 	 0.654256 	 0.797963 	 1
2.8 	 0.812 	 0.651751 	 0.796255 	 1
2.85 	 0.818844 	 0.647671 	 0.79343 	 1
2.9 	 0.826269 	 0.642302 	 0.789669 	 1
2.95 	 0.83421 	 0.635986 	 0.785191 	 1
3 	 0.842564 	 0.629084 	 0.780234 	 1
3.05 	 0.851196 	 0.621943 	 0.775036 	 1
3.1 	 0.859949 	 0.614866 	 0.769816 	 1
3.15 	 0.868652 	 0.608105 	 0.764769 	 1
3.2 	 0.877133 	 0.601855 	 0.760052 	 1
3.25 	 0.885234 	 0.596255 	 0.755785 	 1
3.3 	 0.892819 	 0.591396 	 0.752053 	 1
3.35 	 0.899787 	 0.587327 	 0.748905 	 1
3.4 	 0.906071 	 0.584064 	 0.746364 	 1
3.45 	 0.911648 	 0.581593 	 0.744423 	 1
3.5 	 0.916536 	 0.579874 	 0.743056 	 1
3.55 	 0.92079 	 0.578842 	 0.742215 	 1
3.6 	 0.924502 	 0.578408 	 0.741832 	 1
3.65 	 0.927785 	 0.578459 	 0.741823 	 1
3.7 	 0.930773 	 0.578859 	 0.742086 	 1
3.75 	 0.933602 	 0.579454 	 0.742504 	 1
3.8 	 0.936405 	 0.580074 	 0.74295 	 1
3.85 	 0.939303 	 0.580542 	 0.743292 	 1
3.9 	 0.942394 	 0.580684 	 0.743399 	 1
3.95 	 0.945753 	 0.580342 	 0.743152 	 1
4 	 0.949423 	 0.579385 	 0.742447 	 1
4.05 	 0.953426 	 0.57772 	 0.741209 	 1
4.1 	 0.957754 	 0.575304 	 0.739395 	 1
4.15 	 0.962382 	 0.572146 	 0.736995 	 1
4.2 	 0.96727 	 0.568305 	 0.734041 	 1
4.25 	 0.972363 	 0.56389 	 0.730599 	 1
4.3 	 0.9776 	 0.559045 	 0.726766 	 1
4.35 	 0.982917 	 0.553941 	 0.722667 	 1
4.4 	 0.988244 	 0.548763 	 0.718445 	 1
4.45 	 0.993515 	 0.543695 	 0.714251 	 1
4.5 	 0.998667 	 0.538912 	 0.710239 	 1
4.55 	 1.00364 	 0.534569 	 0.706554 	 1
4.6 	 1.00839 	 0.530797 	 0.703327 	 1
4.65 	 1.01287 	 0.527698 	 0.700666 	 1
4.7 	 1.01706 	 0.525344 	 0.698653 	 1
4.75 	 1.02092 	 0.523775 	 0.69734 	 1
4.8 	 1.02446 	 0.523001 	 0.696745 	 1
4.85 	 1.02766 	 0.523005 	 0.696859 	 1
4.9 	 1.03053 	 0.523743 	 0.697638 	 1
4.95 	 1.03308 	 0.52515 	 0.699017 	 1
5 	 1.03531 	 0.527138 	 0.700906 	 1
5.05 	 1.03724 	 0.529604 	 0.703202 	 1
5.1 	 1.03887 	 0.532433 	 0.70579 	 1
5.15 	 1.04022 	 0.535502 	 0.708553 	 1
5.2 	 1.0413 	 0.538683 	 0.711373 	 1
5.25 	 1.04213 	 0.541853 	 0.714144 	 1
5.3 	 1.04273 	 0.544896 	 0.716769 	 1
5.35 	 1.04313 	 0.547713 	 0.719169 	 1
5.4 	 1.04336 	 0.550222 	 0.721287 	 1
5.45 	 1.04347 	 0.552367 	 0.723085 	 1
5.5 	 1.0435 	 0.554121 	 0.72455 	 1
5.55 	 1.0435 	 0.555484 	 0.725692 	 1
5.6 	 1.04353 	 0.556483 	 0.72654 	 1
5.65 	 1.04364 	 0.557171 	 0.727141 	 1
5.7 	 1.04388 	 0.557621 	 0.727555 	 1
5.75 	 1.04427 	 0.557918 	 0.727854 	 1
5.8 	 1.04483 	 0.558157 	 0.728113 	 1
5.85 	 1.04556 	 0.558436 	 0.728408 	 1
5.9 	 1.04645 	 0.558848 	 0.728814 	 1
5.95 	 1.04747 	 0.559482 	 0.729399 	 1
6 	 1.04855 	 0.560413 	 0.730222 	 1
6.05 	 1.04966 	 0.561704 	 0.731333 	 1
6.1 	 1.05071 	 0.563403 	 0.732766 	 1
6.15 	 1.05166 	 0.565539 	 0.734542 	 1
6.2 	 1.05245 	 0.568123 	 0.736666 	 1
6.25 	 1.05302 	 0.571148 	 0.739129 	 1
6.3 	 1.05335 	 0.574588 	 0.741902 	 1
6.35 	 1.05342 	 0.578397 	 0.744945 	 1
6.4 	 1.05323 	 0.582512 	 0.748202 	 1
6.45 	 1.05278 	 0.586853 	 0.751605 	 1
6.5 	 1.05211 	 0.591331 	 0.755081 	 1
6.55 	 1.05126 	 0.595844 	 0.75855 	 1
6.6 	 1.05025 	 0.600291 	 0.761936 	 1
6.65 	 1.04914 	 0.604573 	 0.765164 	 1
6.7 	 1.04796 	 0.608603 	 0.768174 	 1
6.75 	 1.04676 	 0.612308 	 0.770916 	 1
6.8 	 1.04557 	 0.615641 	 0.77336 	 1
6.85 	 1.04441 	 0.618577 	 0.775494 	 1
6.9 	 1.04331 	 0.621123 	 0.777325 	 1
6.95 	 1.04227 	 0.623309 	 0.77888 	 1
7 	 1.04131 	 0.625189 	 0.7802 	 1
7.05 	 1.04042 	 0.626835 	 0.781338 	 1
7.1 	 1.03961 	 0.628326 	 0.782355 	 1
7.15 	 1.03886 	 0.629748 	 0.783312 	 1
7.2 	 1.03817 	 0.631179 	 0.784269 	 1
7.25 	 1.03752 	 0.632692 	 0.785281 	 1
7.3 	 1.03691 	 0.634342 	 0.786389 	 1
7.35 	 1.03634 	 0.636171 	 0.787624 	 1
7.4 	 1.03582 	 0.638201 	 0.789004 	 1
7.45 	 1.03535 	 0.640435 	 0.79053 	 1
7.5 	 1.03497 	 0.642857 	 0.792192 	 1
7.55 	 1.03469 	 0.645433 	 0.793962 	 1
7.6 	 1.03456 	 0.64811 	 0.795804 	 1
7.65 	 1.03463 	 0.650819 	 0.797666 	 1
7.7 	 1.03492 	 0.653478 	 0.799491 	 1
7.75 	 1.03547 	 0.655996 	 0.801212 	 1
7.8 	 1.03633 	 0.658272 	 0.802759 	 1
7.85 	 1.03751 	 0.660206 	 0.804062 	 1
7.9 	 1.03902 	 0.661703 	 0.805054 	 1
7.95 	 1.04086 	 0.662674 	 0.805672 	 1
8 	 1.04304 	 0.663048 	 0.805865 	 1
8.05 	 1.04553 	 0.662774 	 0.805595 	 1
8.1 	 1.0483 	 0.661824 	 0.804837 	 1
8.15 	 1.05135 	 0.660197 	 0.803587 	 1
8.2 	 1.05464 	 0.657922 	 0.801858 	 1
8.25 	 1.05814 	 0.655052 	 0.79968 	 1
8.3 	 1.06183 	 0.651667 	 0.797104 	 1
8.35 	 1.06567 	 0.647866 	 0.794196 	 1
8.4 	 1.06965 	 0.643767 	 0.791034 	 1
8.45 	 1.07371 	 0.639499 	 0.787712 	 1
8.5 	 1.07783 	 0.635196 	 0.784331 	 1
8.55 	 1.08196 	 0.631 	 0.780998 	 1
8.6 	 1.08606 	 0.62705 	 0.777827 	 1
8.65 	 1.09008 	 0.623482 	 0.774932 	 1
8.7 	 1.09397 	 0.620427 	 0.772424 	 1
8.75 	 1.09768 	 0.618002 	 0.77041 	 1
8.8 	 1.10119 	 0.616314 	 0.768986 	 1
8.85 	 1.10447 	 0.615448 	 0.76823 	 1
8.9 	 1.10748 	 0.615472 	 0.768202 	 1
8.95 	 1.11023 	 0.616423 	 0.768936 	 1
9 	 1.11271 	 0.618312 	 0.770433 	 1
9.05 	 1.11493 	 0.621116 	 0.772665 	 1
9.1 	 1.11694 	 0.624776 	 0.775568 	 1
9.15 	 1.11875 	 0.629197 	 0.779047 	 1
9.2 	 1.12043 	 0.634245 	 0.782978 	 1
9.25 	 1.12202 	 0.639757 	 0.787217 	 1
9.3 	 1.12359 	 0.645539 	 0.791603 	 1
9.35 	 1.12522 	 0.651381 	 0.795971 	 1
9.4 	 1.12697 	 0.657066 	 0.800161 	 1
9.45 	 1.12891 	 0.662388 	 0.804028 	 1
9.5 	 1.1311 	 0.667163 	 0.807451 	 1
9.55 	 1.1336 	 0.671247 	 0.810338 	 1
9.6 	 1.13644 	 0.674545 	 0.812637 	 1
9.65 	 1.13964 	 0.677022 	 0.814337 	 1
9.7 	 1.14318 	 0.678703 	 0.815465 	 1
9.75 	 1.14705 	 0.679673 	 0.81609 	 1
9.8 	 1.15119 	 0.680068 	 0.816315 	 1
9.85 	 1.15553 	 0.680064 	 0.816268 	 1
9.9 	 1.16001 	 0.679865 	 0.816099 	 1
9.95 	 1.16451 	 0.679684 	 0.815962 	 1
10 	 1.16897 	 0.67973 	 0.816008 	 1
10.05 	 1.17327 	 0.680193 	 0.816374 	 1
10.1 	 1.17736 	 0.68123 	 0.817169 	 1
10.15 	 1.18116 	 0.682954 	 0.818468 	 1
10.2 	 1.18464 	 0.685424 	 0.8203 	 1
10.25 	 1.18777 	 0.688634 	 0.822649 	 1
10.3 	 1.19057 	 0.692514 	 0.825449 	 1
10.35 	 1.19306 	 0.696925 	 0.828586 	 1
10.4 	 1.1953 	 0.701658 	 0.831907 	 1
10.45 	 1.19736 	 0.706446 	 0.835222 	 1
10.5 	 1.19934 	 0.710977 	 0.838324 	 1
10.55 	 1.20135 	 0.71491 	 0.840993 	 1
10.6 	 1.2035 	 0.717903 	 0.843016 	 1
10.65 	 1.2059 	 0.719638 	 0.844199 	 1
10.7 	 1.20869 	 0.719844 	 0.844379 	 1
10.75 	 1.21196 	 0.718328 	 0.843436 	 1
10.8 	 1.21582 	 0.714989 	 0.841299 	 1
10.85 	 1.22033 	 0.709825 	 0.837955 	 1
10.9 	 1.22557 	 0.702941 	 0.833445 	 1
10.95 	 1.23156 	 0.694534 	 0.827868 	 1
11 	 1.23833 	 0.68488 	 0.821372 	 1
11.05 	 1.24585 	 0.67431 	 0.814149 	 1
11.1 	 1.25409 	 0.66319 	 0.806425 	 1
11.15 	 1.263 	 0.651892 	 0.798448 	 1
11.2 	 1.27251 	 0.640774 	 0.790474 	 1
11.25 	 1.28251 	 0.630163 	 0.782761 	 1
11.3 	 1.2929 	 0.620346 	 0.775548 	 1
11.35 	 1.30357 	 0.611558 	 0.769052 	 1
11.4 	 1.3144 	 0.603983 	 0.763456 	 1
11.45 	 1.32526 	 0.597754 	 0.7589 	 1
11.5 	 1.33602 	 0.592955 	 0.755479 	 1
11.55 	 1.34656 	 0.589623 	 0.75324 	 1
11.6 	 1.35679 	 0.587751 	 0.752177 	 1
11.65 	 1.3666 	 0.587283 	 0.752236 	 1
11.7 	 1.37593 	 0.588117 	 0.753314 	 1
11.75 	 1.38473 	 0.5901 	 0.755264 	 1
11.8 	 1.39297 	 0.59303 	 0.757898 	 1
11.85 	 1.40066 	 0.596654 	 0.760999 	 1
11.9 	 1.40783 	 0.600673 	 0.764324 	 1
11.95 	 1.41454 	 0.604756 	 0.767616 	 1
12 	 1.42087 	 0.608549 	 0.770618 	 1
12.05 	 1.42694 	 0.611703 	 0.773086 	 1
12.1 	 1.43285 	 0.613893 	 0.774799 	 1
12.15 	 1.43874 	 0.614847 	 0.775575 	 1
12.2 	 1.44474 	 0.614367 	 0.775283 	 1
12.25 	 1.45098 	 0.612353 	 0.773851 	 1
12.3 	 1.45757 	 0.60881 	 0.771274 	 1
12.35 	 1.46459 	 0.60385 	 0.767614 	 1
12.4 	 1.47212 	 0.597682 	 0.763003 	 1
12.45 	 1.48017 	 0.590597 	 0.757633 	 1
12.5 	 1.48873 	 0.582942 	 0.751745 	 1
12.55 	 1.49775 	 0.575089 	 0.745622 	 1
12.6 	 1.50716 	 0.567416 	 0.739566 	 1
12.65 	 1.51683 	 0.560274 	 0.733883 	 1
12.7 	 1.52661 	 0.553982 	 0.728863 	 1
12.75 	 1.53637 	 0.548803 	 0.724764 	 1
12.8 	 1.54592 	 0.544945 	 0.721792 	 1
12.85 	 1.55511 	 0.542558 	 0.720092 	 1
12.9 	 1.5638 	 0.541724 	 0.719736 	 1
12.95 	 1.57186 	 0.542465 	 0.720717 	 1
13 	 1.57921 	 0.544727 	 0.722954 	 1
13.05 	 1.5858 	 0.548386 	 0.726289 	 1
13.1 	 1.5916 	 0.553237 	 0.730504 	 1
13.15 	 1.59664 	 0.559 	 0.735328 	 1
13.2 	 1.60099 	 0.565323 	 0.740456 	 1
13.25 	 1.60474 	 0.5718 	 0.745563 	 1
13.3 	 1.608 	 0.577989 	 0.750327 	 1
13.35 	 1.61091 	 0.583443 	 0.754441 	 1
13.4 	 1.61361 	 0.587747 	 0.757634 	 1
13.45 	 1.61627 	 0.590546 	 0.759687 	 1
13.5 	 1.61901 	 0.591582 	 0.76044 	 1
13.55 	 1.62196 	 0.590715 	 0.759807 	 1
13.6 	 1.62525 	 0.58794 	 0.757777 	 1
13.65 	 1.62895 	 0.58338 	 0.754415 	 1
13.7 	 1.63313 	 0.577279 	 0.749861 	 1
13.75 	 1.63782 	 0.569977 	 0.744319 	 1
13.8 	 1.64302 	 0.561874 	 0.738046 	 1
13.85 	 1.64872 	 0.5534 	 0.731338 	 1
13.9 	 1.65486 	 0.544975 	 0.724511 	 1
13.95 	 1.6614 	 0.536983 	 0.717884 	 1
14 	 1.66824 	 0.52975 	 0.711759 	 1
14.05 	 1.6753 	 0.523536 	 0.706404 	 1
14.1 	 1.68249 	 0.518524 	 0.702039 	 1
14.15 	 1.6897 	 0.514829 	 0.698821 	 1
14.2 	 1.69686 	 0.512499 	 0.69684 	 1
14.25 	 1.70387 	 0.511526 	 0.696112 	 1
14.3 	 1.71066 	 0.511845 	 0.696583 	 1
14.35 	 1.71716 	 0.513341 	 0.698131 	 1
14.4 	 1.72334 	 0.51585 	 0.700578 	 1
14.45 	 1.72916 	 0.51916 	 0.703698 	 1
14.5 	 1.7346 	 0.523017 	 0.707235 	 1
14.55 	 1.73965 	 0.527129 	 0.710916 	 1
14.6 	 1.74434 	 0.531186 	 0.714467 	 1
14.65 	 1.74867 	 0.534871 	 0.717632 	 1
14.7 	 1.75268 	 0.537885 	 0.720183 	 1
14.75 	 1.75642 	 0.539971 	 0.721933 	 1
14.8 	 1.75993 	 0.540936 	 0.722751 	 1
14.85 	 1.76325 	 0.540672 	 0.722567 	 1
14.9 	 1.76644 	 0.539164 	 0.721372 	 1
14.95 	 1.76955 	 0.536494 	 0.719225 	 1
15 	 1.77263 	 0.532836 	 0.716243 	 1
15.05 	 1.77572 	 0.528435 	 0.7126 	 1
15.1 	 1.77887 	 0.523588 	 0.708507 	 1
15.15 	 1.7821 	 0.518613 	 0.704207 	 1
15.2 	 1.78545 	 0.513824 	 0.699954 	 1
15.25 	 1.78891 	 0.509508 	 0.696001 	 1
15.3 	 1.79251 	 0.505908 	 0.69258 	 1
15.35 	 1.79622 	 0.503209 	 0.689893 	 1
15.4 	 1.80004 	 0.501539 	 0.688099 	 1
15.45 	 1.80393 	 0.500968 	 0.687304 	 1
15.5 	 1.80786 	 0.501515 	 0.687561 	 1
15.55 	 1.8118 	 0.503152 	 0.688867 	 1
15.6 	 1.8157 	 0.505816 	 0.691169 	 1
15.65 	 1.81954 	 0.50941 	 0.694363 	 1
15.7 	 1.82327 	 0.513809 	 0.698313 	 1
15.75 	 1.82687 	 0.518867 	 0.702851 	 1
15.8 	 1.83033 	 0.524417 	 0.707794 	 1
15.85 	 1.83363 	 0.530275 	 0.712948 	 1
15.9 	 1.83678 	 0.536248 	 0.718124 	 1
15.95 	 1.83979 	 0.542137 	 0.723141 	 1
16 	 1.84269 	 0.547745 	 0.727834 	 1
16.05 	 1.84551 	 0.552886 	 0.732062 	 1
16.1 	 1.84829 	 0.557393 	 0.735707 	 1
16.15 	 1.85109 	 0.561125 	 0.738683 	 1
16.2 	 1.85395 	 0.563983 	 0.740934 	 1
16.25 	 1.85692 	 0.565909 	 0.742437 	 1
16.3 	 1.86006 	 0.566897 	 0.743203 	 1
16.35 	 1.86339 	 0.566994 	 0.743274 	 1
16.4 	 1.86694 	 0.566295 	 0.742725 	 1
16.45 	 1.87073 	 0.564943 	 0.741654 	 1
16.5 	 1.87475 	 0.56311 	 0.740186 	 1
16.55 	 1.87898 	 0.560993 	 0.738458 	 1
16.6 	 1.8834 	 0.558791 	 0.73662 	 1
16.65 	 1.88794 	 0.5567 	 0.734821 	 1
16.7 	 1.89256 	 0.554893 	 0.733203 	 1
16.75 	 1.89719 	 0.553516 	 0.731895 	 1
16.8 	 1.90178 	 0.55268 	 0.731005 	 1
16.85 	 1.90626 	 0.552462 	 0.730614 	 1
16.9 	 1.91057 	 0.552904 	 0.730775 	 1
16.95 	 1.91469 	 0.554014 	 0.731509 	 1
17 	 1.91856 	 0.555774 	 0.732808 	 1
17.05 	 1.92218 	 0.55814 	 0.734636 	 1
17.1 	 1.92554 	 0.561047 	 0.736929 	 1
17.15 	 1.92865 	 0.56441 	 0.739609 	 1
17.2 	 1.93153 	 0.568131 	 0.74258 	 1
17.25 	 1.93423 	 0.572102 	 0.74574 	 1
17.3 	 1.93679 	 0.576208 	 0.748987 	 1
17.35 	 1.93926 	 0.580336 	 0.752224 	 1
17.4 	 1.94172 	 0.58438 	 0.755365 	 1
17.45 	 1.94423 	 0.588247 	 0.758339 	 1
17.5 	 1.94685 	 0.591866 	 0.761094 	 1
17.55 	 1.94964 	 0.595183 	 0.763597 	 1
17.6 	 1.95266 	 0.598172 	 0.765832 	 1
17.65 	 1.95595 	 0.600828 	 0.767801 	 1
17.7 	 1.95952 	 0.603162 	 0.769519 	 1
17.75 	 1.96339 	 0.605198 	 0.771006 	 1
17.8 	 1.96755 	 0.606969 	 0.772289 	 1
17.85 	 1.97197 	 0.608502 	 0.773391 	 1
17.9 	 1.97661 	 0.609823 	 0.77433 	 1
17.95 	 1.98143 	 0.610945 	 0.775118 	 1
18 	 1.98637 	 0.611873 	 0.775757 	 1
18.05 	 1.99136 	 0.612597 	 0.77624 	 1
18.1 	 1.99637 	 0.613103 	 0.776556 	 1
18.15 	 2.00133 	 0.613368 	 0.776689 	 1
18.2 	 2.0062 	 0.613371 	 0.776622 	 1
18.25 	 2.01095 	 0.613093 	 0.776342 	 1
18.3 	 2.01557 	 0.612524 	 0.77584 	 1
18.35 	 2.02005 	 0.611664 	 0.775118 	 1
18.4 	 2.0244 	 0.610526 	 0.774186 	 1
18.45 	 2.02865 	 0.609138 	 0.773065 	 1
18.5 	 2.03283 	 0.607539 	 0.771787 	 1
18.55 	 2.03699 	 0.605779 	 0.770393 	 1
18.6 	 2.04118 	 0.603921 	 0.768934 	 1
18.65 	 2.04545 	 0.602033 	 0.767464 	 1
18.7 	 2.04986 	 0.600188 	 0.766043 	 1
18.75 	 2.05446 	 0.59846 	 0.764729 	 1
18.8 	 2.05929 	 0.59692 	 0.76358 	 1
18.85 	 2.06438 	 0.595634 	 0.762645 	 1
18.9 	 2.06977 	 0.59466 	 0.761965 	 1
18.95 	 2.07546 	 0.594044 	 0.761574 	 1
19 	 2.08146 	 0.593817 	 0.761488 	 1
19.05 	 2.08775 	 0.593996 	 0.761715 	 1
19.1 	 2.09431 	 0.594583 	 0.762249 	 1
19.15 	 2.10111 	 0.595566 	 0.763073 	 1
19.2 	 2.1081 	 0.596917 	 0.764162 	 1
19.25 	 2.11525 	 0.598601 	 0.765483 	 1
19.3 	 2.1225 	 0.600569 	 0.766996 	 1
19.35 	 2.12981 	 0.602768 	 0.76866 	 1
19.4 	 2.13714 	 0.605138 	 0.770429 	 1
19.45 	 2.14444 	 0.607613 	 0.772255 	 1
19.5 	 2.15167 	 0.610125 	 0.774089 	 1
19.55 	 2.15881 	 0.6126 	 0.77588 	 1
19.6 	 2.16584 	 0.614962 	 0.777576 	 1
19.65 	 2.17275 	 0.617134 	 0.779125 	 1
19.7 	 2.17953 	 0.619039 	 0.780475 	 1
19.75 	 2.18618 	 0.620603 	 0.781577 	 1
19.8 	 2.19272 	 0.621761 	 0.782386 	 1
19.85 	 2.19915 	 0.622459 	 0.782868 	 1
19.9 	 2.2055 	 0.622661 	 0.782996 	 1
19.95 	 2.21179 	 0.622354 	 0.782762 	 1
20 	 2.21803 	 0.621549 	 0.78217 	 1
20.05 	 2.22427 	 0.620285 	 0.781248 	 1
20.1 	 2.23051 	 0.618628 	 0.780037 	 1
20.15 	 2.23679 	 0.616665 	 0.7786 	 1
20.2 	 2.24312 	 0.614502 	 0.77701 	 1
20.25 	 2.24953 	 0.612253 	 0.775351 	 1
20.3 	 2.25603 	 0.610036 	 0.77371 	 1
20.35 	 2.26263 	 0.607959 	 0.772168 	 1
20.4 	 2.26934 	 0.606115 	 0.770799 	 1
20.45 	 2.27616 	 0.604576 	 0.769661 	 1
20.5 	 2.28309 	 0.603391 	 0.768794 	 1
20.55 	 2.29012 	 0.602578 	 0.768214 	 1
20.6 	 2.29724 	 0.602133 	 0.76792 	 1
20.65 	 2.30443 	 0.602024 	 0.767887 	 1
20.7 	 2.31166 	 0.602199 	 0.768074 	 1
20.75 	 2.3189 	 0.602591 	 0.768428 	 1
20.8 	 2.32612 	 0.603121 	 0.768886 	 1
20.85 	 2.33327 	 0.603705 	 0.769383 	 1
20.9 	 2.34033 	 0.604259 	 0.769854 	 1
20.95 	 2.34725 	 0.604705 	 0.77024 	 1
21 	 2.35399 	 0.604976 	 0.770489 	 1
21.05 	 2.36053 	 0.605018 	 0.770564 	 1
21.1 	 2.36683 	 0.604796 	 0.770435 	 1
21.15 	 2.37287 	 0.604293 	 0.770092 	 1
21.2 	 2.37864 	 0.60351 	 0.769534 	 1
21.25 	 2.38414 	 0.602468 	 0.768777 	 1
21.3 	 2.38937 	 0.601201 	 0.767846 	 1
21.35 	 2.39435 	 0.599758 	 0.766778 	 1
21.4 	 2.39911 	 0.598195 	 0.765615 	 1
21.45 	 2.40368 	 0.596572 	 0.764402 	 1
21.5 	 2.40811 	 0.594948 	 0.763187 	 1
21.55 	 2.41246 	 0.593377 	 0.762012 	 1
21.6 	 2.41676 	 0.591903 	 0.760912 	 1
21.65 	 2.42108 	 0.590559 	 0.759916 	 1
21.7 	 2.42547 	 0.589365 	 0.759038 	 1
21.75 	 2.42998 	 0.588328 	 0.758285 	 1
21.8 	 2.43464 	 0.58744 	 0.757652 	 1
21.85 	 2.43948 	 0.586687 	 0.757124 	 1
21.9 	 2.44454 	 0.586044 	 0.756684 	 1
21.95 	 2.44983 	 0.585488 	 0.75631 	 1
22 	 2.45534 	 0.584997 	 0.755983 	 1
22.05 	 2.46108 	 0.584553 	 0.755689 	 1
22.1 	 2.46702 	 0.584149 	 0.755421 	 1
22.15 	 2.47315 	 0.583792 	 0.755184 	 1
22.2 	 2.47942 	 0.583494 	 0.754989 	 1
22.25 	 2.48579 	 0.583282 	 0.754857 	 1
22.3 	 2.49222 	 0.583187 	 0.754814 	 1
22.35 	 2.49865 	 0.583242 	 0.754888 	 1
22.4 	 2.50504 	 0.583479 	 0.755108 	 1
22.45 	 2.51134 	 0.583923 	 0.755494 	 1
22.5 	 2.5175 	 0.58459 	 0.75606 	 1
22.55 	 2.52348 	 0.585482 	 0.756806 	 1
22.6 	 2.52928 	 0.586586 	 0.757721 	 1
22.65 	 2.53486 	 0.587877 	 0.75878 	 1
22.7 	 2.54023 	 0.589312 	 0.759947 	 1
22.75 	 2.5454 	 0.590841 	 0.761179 	 1
22.8 	 2.55041 	 0.592401 	 0.762425 	 1
22.85 	 2.55528 	 0.593926 	 0.763632 	 1
22.9 	 2.56006 	 0.59535 	 0.764751 	 1
22.95 	 2.56481 	 0.596611 	 0.765737 	 1
23 	 2.56958 	 0.597656 	 0.766551 	 1
23.05 	 2.57443 	 0.598442 	 0.767165 	 1
23.1 	 2.57941 	 0.598939 	 0.767561 	 1
23.15 	 2.58457 	 0.599134 	 0.76773 	 1
23.2 	 2.58994 	 0.599026 	 0.767675 	 1
23.25 	 2.59555 	 0.598628 	 0.767406 	 1
23.3 	 2.60142 	 0.597963 	 0.766941 	 1
23.35 	 2.60754 	 0.597067 	 0.766307 	 1
23.4 	 2.61389 	 0.595981 	 0.765536 	 1
23.45 	 2.62047 	 0.594753 	 0.764662 	 1
23.5 	 2.62722 	 0.593437 	 0.763726 	 1
23.55 	 2.63411 	 0.592087 	 0.762769 	 1
23.6 	 2.64107 	 0.590761 	 0.761835 	 1
23.65 	 2.64807 	 0.589516 	 0.760965 	 1
23.7 	 2.65504 	 0.588404 	 0.760198 	 1
23.75 	 2.66194 	 0.587471 	 0.759566 	 1
23.8 	 2.6687 	 0.586754 	 0.759097 	 1
23.85 	 2.67529 	 0.586278 	 0.758803 	 1
23.9 	 2.68168 	 0.586048 	 0.758689 	 1
23.95 	 2.68784 	 0.586054 	 0.758743 	 1
24 	 2.69377 	 0.586264 	 0.758938 	 1
24.05 	 2.69947 	 0.586624 	 0.759235 	 1
24.1 	 2.70496 	 0.587064 	 0.75958 	 1
24.15 	 2.71026 	 0.587499 	 0.759911 	 1
24.2 	 2.71543 	 0.587834 	 0.760159 	 1
24.25 	 2.7205 	 0.58797 	 0.760255 	 1
24.3 	 2.72553 	 0.587816 	 0.760132 	 1
24.35 	 2.73058 	 0.587292 	 0.759734 	 1
24.4 	 2.73572 	 0.586338 	 0.759018 	 1
24.45 	 2.74098 	 0.584921 	 0.757961 	 1
24.5 	 2.74643 	 0.583039 	 0.756559 	 1
24.55 	 2.75208 	 0.580719 	 0.754831 	 1
24.6 	 2.75798 	 0.57802 	 0.752818 	 1
24.65 	 2.76412 	 0.575025 	 0.75058 	 1
24.7 	 2.7705 	 0.571838 	 0.748194 	 1
24.75 	 2.77711 	 0.568579 	 0.745749 	 1
24.8 	 2.7839 	 0.565371 	 0.743341 	 1
24.85 	 2.79084 	 0.562337 	 0.741064 	 1
24.9 	 2.79788 	 0.559593 	 0.739009 	 1
24.95 	 2.80496 	 0.557239 	 0.737258 	 1
25 	 2.81202 	 0.555357 	 0.735874 	 1
