time = tau * tau_parallel
rms: rms distance of hole to its origin
IPR: inverse participation ratio, IPR(tau) = sum_i (n_h(i,tau))^2, with hole density n_h(i,tau) at site i at time tau.
return prob: probability of the hole to return to its origin, n_h(0,tau).
leg imbalance: difference between the occupation in the two legs of the ladder (see Eq. (15) in the manuscript).


time, rms, IPR, return prob, leg imbalance
0 	 0 	 1 	 1 	 1
0.1 	 0.100157 	 0.980284 	 0.990043 	 1
0.2 	 0.197695 	 0.92692 	 0.962032 	 1
0.3 	 0.289893 	 0.854389 	 0.9211 	 1
0.4 	 0.373881 	 0.779317 	 0.874457 	 1
0.5 	 0.446679 	 0.714555 	 0.829831 	 1
0.6 	 0.505345 	 0.666926 	 0.793984 	 1
0.7 	 0.547208 	 0.638503 	 0.771664 	 1
0.8 	 0.570149 	 0.629191 	 0.765156 	 1
0.9 	 0.572898 	 0.638515 	 0.774351 	 1
1 	 0.555296 	 0.665896 	 0.797183 	 1
1.1 	 0.518513 	 0.709874 	 0.830179 	 1
1.2 	 0.465255 	 0.767045 	 0.86898 	 1
1.3 	 0.40007 	 0.831354 	 0.908758 	 1
1.4 	 0.330068 	 0.894058 	 0.944572 	 1
1.5 	 0.266615 	 0.944628 	 0.971723 	 1
1.6 	 0.22729 	 0.972717 	 0.986218 	 1
1.7 	 0.228823 	 0.971001 	 0.98534 	 1
1.8 	 0.26721 	 0.938064 	 0.968268 	 1
1.9 	 0.322888 	 0.879928 	 0.936579 	 1
2 	 0.380474 	 0.808857 	 0.89442 	 1
2.1 	 0.431608 	 0.739367 	 0.848159 	 1
2.2 	 0.471944 	 0.683265 	 0.805429 	 1
2.3 	 0.499183 	 0.646681 	 0.773711 	 1
2.4 	 0.512128 	 0.630824 	 0.758751 	 1
2.5 	 0.510246 	 0.635217 	 0.763261 	 1
2.6 	 0.49352 	 0.660071 	 0.7863 	 1
2.7 	 0.46253 	 0.70541 	 0.823525 	 1
2.8 	 0.418772 	 0.767922 	 0.868231 	 1
2.9 	 0.3653 	 0.838763 	 0.912842 	 1
3 	 0.307986 	 0.904748 	 0.950418 	 1
3.1 	 0.257866 	 0.952424 	 0.975783 	 1
3.2 	 0.232838 	 0.972474 	 0.986085 	 1
3.3 	 0.248081 	 0.962156 	 0.980813 	 1
3.4 	 0.297854 	 0.925154 	 0.961451 	 1
3.5 	 0.363713 	 0.869641 	 0.930986 	 1
3.6 	 0.430753 	 0.805768 	 0.893435 	 1
3.7 	 0.489603 	 0.743424 	 0.853466 	 1
3.8 	 0.5344 	 0.690638 	 0.816061 	 1
3.9 	 0.561558 	 0.65277 	 0.786148 	 1
4 	 0.569225 	 0.632572 	 0.768119 	 1
4.1 	 0.556988 	 0.63105 	 0.765209 	 1
4.2 	 0.525626 	 0.648641 	 0.778825 	 1
4.3 	 0.476855 	 0.685772 	 0.807967 	 1
4.4 	 0.413056 	 0.74186 	 0.848985 	 1
4.5 	 0.337044 	 0.812817 	 0.89583 	 1
4.6 	 0.252006 	 0.888713 	 0.940928 	 1
4.7 	 0.162117 	 0.954155 	 0.976539 	 1
4.8 	 0.0788024 	 0.992717 	 0.996346 	 1
4.9 	 0.0754468 	 0.993696 	 0.996839 	 1
5 	 0.158405 	 0.957112 	 0.97809 	 1
5.1 	 0.250202 	 0.893539 	 0.943688 	 1
5.2 	 0.337897 	 0.818979 	 0.899859 	 1
5.3 	 0.416748 	 0.748347 	 0.854041 	 1
5.4 	 0.483108 	 0.691407 	 0.813381 	 1
5.5 	 0.53381 	 0.652464 	 0.783525 	 1
5.6 	 0.566257 	 0.632411 	 0.767957 	 1
5.7 	 0.578662 	 0.630942 	 0.767888 	 1
5.8 	 0.570287 	 0.64764 	 0.782527 	 1
5.9 	 0.541644 	 0.681824 	 0.809498 	 1
6 	 0.494651 	 0.731669 	 0.845249 	 1
6.1 	 0.432789 	 0.793142 	 0.885374 	 1
6.2 	 0.361473 	 0.859234 	 0.924898 	 1
6.3 	 0.289115 	 0.920011 	 0.958643 	 1
6.4 	 0.229712 	 0.963949 	 0.981735 	 1
6.5 	 0.204253 	 0.980723 	 0.990289 	 1
6.6 	 0.224728 	 0.964786 	 0.982163 	 1
6.7 	 0.275913 	 0.9182 	 0.957625 	 1
6.8 	 0.336819 	 0.850899 	 0.919691 	 1
6.9 	 0.395246 	 0.777552 	 0.873953 	 1
7 	 0.445087 	 0.712307 	 0.827796 	 1
7.1 	 0.483107 	 0.664364 	 0.789086 	 1
7.2 	 0.507463 	 0.637011 	 0.764603 	 1
7.3 	 0.517074 	 0.630131 	 0.758594 	 1
7.4 	 0.511399 	 0.643431 	 0.771868 	 1
7.5 	 0.490474 	 0.67723 	 0.801687 	 1
7.6 	 0.455141 	 0.730221 	 0.842484 	 1
7.7 	 0.407508 	 0.796613 	 0.887168 	 1
7.8 	 0.351781 	 0.865621 	 0.928611 	 1
7.9 	 0.295816 	 0.92411 	 0.960894 	 1
8 	 0.253443 	 0.96072 	 0.980067 	 1
8.1 	 0.242985 	 0.969063 	 0.984344 	 1
8.2 	 0.272121 	 0.948813 	 0.973914 	 1
8.3 	 0.328171 	 0.904915 	 0.950577 	 1
8.4 	 0.393479 	 0.845837 	 0.917389 	 1
8.5 	 0.455618 	 0.781563 	 0.878403 	 1
8.6 	 0.506898 	 0.721674 	 0.838433 	 1
8.7 	 0.54263 	 0.673749 	 0.802729 	 1
8.8 	 0.560185 	 0.642484 	 0.776471 	 1
8.9 	 0.558533 	 0.629899 	 0.764045 	 1
9 	 0.537927 	 0.636556 	 0.768215 	 1
9.1 	 0.499629 	 0.662849 	 0.789369 	 1
9.2 	 0.445648 	 0.709009 	 0.825083 	 1
9.3 	 0.378531 	 0.773135 	 0.870199 	 1
9.4 	 0.301332 	 0.848307 	 0.917519 	 1
9.5 	 0.218155 	 0.921358 	 0.959062 	 1
9.6 	 0.137412 	 0.975516 	 0.98762 	 1
9.7 	 0.0911941 	 0.996532 	 0.998264 	 1
9.8 	 0.132885 	 0.978939 	 0.98937 	 1
9.9 	 0.215654 	 0.928393 	 0.962897 	 1
10 	 0.303426 	 0.858646 	 0.923826 	 1
10.1 	 0.386176 	 0.785392 	 0.878964 	 1
10.2 	 0.458719 	 0.720939 	 0.835489 	 1
10.3 	 0.517136 	 0.672179 	 0.799646 	 1
10.4 	 0.558275 	 0.641598 	 0.775902 	 1
10.5 	 0.579835 	 0.629441 	 0.766651 	 1
10.6 	 0.580547 	 0.635371 	 0.772339 	 1
10.7 	 0.560356 	 0.659033 	 0.791772 	 1
10.8 	 0.520533 	 0.699648 	 0.822425 	 1
10.9 	 0.463757 	 0.755007 	 0.860639 	 1
11 	 0.394264 	 0.820265 	 0.901793 	 1
11.1 	 0.318359 	 0.887127 	 0.940569 	 1
11.2 	 0.24612 	 0.94418 	 0.971445 	 1
11.3 	 0.195372 	 0.979067 	 0.989456 	 1
11.4 	 0.189525 	 0.9823 	 0.991093 	 1
11.5 	 0.229054 	 0.951302 	 0.975167 	 1
11.6 	 0.289765 	 0.89239 	 0.943357 	 1
11.7 	 0.353543 	 0.819054 	 0.900243 	 1
11.8 	 0.411652 	 0.746961 	 0.8527 	 1
11.9 	 0.459707 	 0.688404 	 0.808717 	 1
12 	 0.495173 	 0.649486 	 0.775854 	 1
12.1 	 0.516404 	 0.631298 	 0.759703 	 1
12.2 	 0.522316 	 0.633316 	 0.762745 	 1
12.3 	 0.512369 	 0.655601 	 0.783916 	 1
12.4 	 0.486756 	 0.697945 	 0.81899 	 1
12.5 	 0.446761 	 0.757092 	 0.86165 	 1
12.6 	 0.395344 	 0.824981 	 0.904883 	 1
12.7 	 0.338157 	 0.889854 	 0.942308 	 1
12.8 	 0.285353 	 0.939589 	 0.969092 	 1
12.9 	 0.253135 	 0.965169 	 0.982345 	 1
13 	 0.257509 	 0.962661 	 0.981063 	 1
13.1 	 0.29764 	 0.933448 	 0.965869 	 1
13.2 	 0.357158 	 0.883343 	 0.938744 	 1
13.3 	 0.420277 	 0.821183 	 0.902876 	 1
13.4 	 0.476721 	 0.757095 	 0.862551 	 1
13.5 	 0.520262 	 0.700523 	 0.822959 	 1
13.6 	 0.547287 	 0.658451 	 0.789733 	 1
13.7 	 0.556042 	 0.634596 	 0.768207 	 1
13.8 	 0.546208 	 0.630112 	 0.762457 	 1
13.9 	 0.518573 	 0.645261 	 0.774357 	 1
14 	 0.474757 	 0.680481 	 0.802923 	 1
14.1 	 0.417005 	 0.735397 	 0.844164 	 1
14.2 	 0.348127 	 0.805987 	 0.891583 	 1
14.3 	 0.271871 	 0.882099 	 0.937273 	 1
14.4 	 0.194718 	 0.948126 	 0.973418 	 1
14.5 	 0.133555 	 0.987775 	 0.99386 	 1
14.6 	 0.129254 	 0.990714 	 0.995342 	 1
14.7 	 0.188501 	 0.95704 	 0.978097 	 1
14.8 	 0.270061 	 0.896759 	 0.945645 	 1
14.9 	 0.353456 	 0.824874 	 0.903869 	 1
15 	 0.430239 	 0.755487 	 0.859675 	 1
15.1 	 0.495221 	 0.698156 	 0.819651 	 1
15.2 	 0.544513 	 0.657511 	 0.789056 	 1
15.3 	 0.57522 	 0.634893 	 0.771328 	 1
15.4 	 0.585504 	 0.630272 	 0.768049 	 1
15.5 	 0.574725 	 0.643407 	 0.779159 	 1
15.6 	 0.543534 	 0.674015 	 0.80319 	 1
15.7 	 0.493923 	 0.72112 	 0.837392 	 1
15.8 	 0.429259 	 0.78183 	 0.877784 	 1
15.9 	 0.35448 	 0.84999 	 0.919289 	 1
16 	 0.276953 	 0.915533 	 0.956128 	 1
16.1 	 0.209335 	 0.96558 	 0.982559 	 1
16.2 	 0.17454 	 0.987791 	 0.993868 	 1
16.3 	 0.192275 	 0.975035 	 0.987403 	 1
16.4 	 0.246895 	 0.929031 	 0.963357 	 1
16.5 	 0.313128 	 0.860484 	 0.925027 	 1
16.6 	 0.377721 	 0.78513 	 0.878437 	 1
16.7 	 0.434483 	 0.717745 	 0.831314 	 1
16.8 	 0.479994 	 0.667638 	 0.791642 	 1
16.9 	 0.512013 	 0.638043 	 0.766091 	 1
17 	 0.528939 	 0.628845 	 0.758701 	 1
17.1 	 0.529718 	 0.639697 	 0.770157 	 1
17.2 	 0.513979 	 0.670725 	 0.797816 	 1
17.3 	 0.48232 	 0.720562 	 0.836469 	 1
17.4 	 0.436734 	 0.783945 	 0.879563 	 1
17.5 	 0.381297 	 0.851299 	 0.920522 	 1
17.6 	 0.32338 	 0.91085 	 0.953806 	 1
17.7 	 0.275528 	 0.951874 	 0.975498 	 1
17.8 	 0.255133 	 0.967304 	 0.983436 	 1
17.9 	 0.273104 	 0.954915 	 0.977075 	 1
18 	 0.321014 	 0.917332 	 0.957302 	 1
18.1 	 0.381486 	 0.861324 	 0.926345 	 1
18.2 	 0.44099 	 0.796541 	 0.887766 	 1
18.3 	 0.491177 	 0.733574 	 0.846389 	 1
18.4 	 0.527152 	 0.681606 	 0.807964 	 1
18.5 	 0.546291 	 0.646563 	 0.778464 	 1
18.6 	 0.547597 	 0.630853 	 0.763073 	 1
18.7 	 0.531297 	 0.634862 	 0.765091 	 1
18.8 	 0.498531 	 0.658825 	 0.785045 	 1
18.9 	 0.451126 	 0.703064 	 0.820311 	 1
19 	 0.391508 	 0.765813 	 0.865382 	 1
19.1 	 0.322933 	 0.840133 	 0.912793 	 1
19.2 	 0.250524 	 0.912857 	 0.954522 	 1
19.3 	 0.184871 	 0.967525 	 0.983542 	 1
19.4 	 0.150821 	 0.990411 	 0.995189 	 1
19.5 	 0.175798 	 0.976229 	 0.988005 	 1
19.6 	 0.242433 	 0.930015 	 0.963855 	 1
19.7 	 0.322143 	 0.864259 	 0.927336 	 1
19.8 	 0.400725 	 0.793459 	 0.884658 	 1
19.9 	 0.470702 	 0.729414 	 0.842373 	 1
20 	 0.527075 	 0.679276 	 0.806278 	 1
20.1 	 0.566217 	 0.646149 	 0.780745 	 1
20.2 	 0.585682 	 0.630807 	 0.768491 	 1
20.3 	 0.584245 	 0.633234 	 0.770645 	 1
20.4 	 0.561969 	 0.653381 	 0.786882 	 1
20.5 	 0.520218 	 0.691028 	 0.81548 	 1
20.6 	 0.461639 	 0.744829 	 0.853271 	 1
20.7 	 0.390183 	 0.810788 	 0.89566 	 1
20.8 	 0.311449 	 0.880855 	 0.936887 	 1
20.9 	 0.234211 	 0.942842 	 0.970694 	 1
21 	 0.175349 	 0.982786 	 0.991341 	 1
21.1 	 0.163315 	 0.989608 	 0.994785 	 1
21.2 	 0.204472 	 0.960046 	 0.979683 	 1
21.3 	 0.270249 	 0.900827 	 0.947916 	 1
21.4 	 0.339974 	 0.826316 	 0.904436 	 1
21.5 	 0.40458 	 0.752767 	 0.856435 	 1
21.6 	 0.459503 	 0.692565 	 0.811988 	 1
21.7 	 0.50185 	 0.651737 	 0.778493 	 1
21.8 	 0.529504 	 0.631421 	 0.761257 	 1
21.9 	 0.540923 	 0.631132 	 0.762559 	 1
22 	 0.535217 	 0.65076 	 0.78139 	 1
22.1 	 0.512381 	 0.689897 	 0.813903 	 1
22.2 	 0.473631 	 0.745597 	 0.8544 	 1
22.3 	 0.421883 	 0.810921 	 0.896538 	 1
22.4 	 0.362543 	 0.875645 	 0.934424 	 1
22.5 	 0.304953 	 0.928682 	 0.963346 	 1
22.6 	 0.264057 	 0.96076 	 0.980087 	 1
22.7 	 0.256851 	 0.966308 	 0.982932 	 1
22.8 	 0.287093 	 0.944347 	 0.971588 	 1
22.9 	 0.340536 	 0.898653 	 0.947176 	 1
23 	 0.400466 	 0.837233 	 0.912319 	 1
23.1 	 0.455665 	 0.770835 	 0.871198 	 1
23.2 	 0.499541 	 0.71043 	 0.829366 	 1
23.3 	 0.528423 	 0.664458 	 0.793155 	 1
23.4 	 0.540566 	 0.637326 	 0.768672 	 1
23.5 	 0.535592 	 0.630131 	 0.760588 	 1
23.6 	 0.514115 	 0.642882 	 0.771017 	 1
23.7 	 0.477481 	 0.675988 	 0.798858 	 1
23.8 	 0.427643 	 0.729194 	 0.839802 	 1
23.9 	 0.367278 	 0.798482 	 0.887055 	 1
24 	 0.300413 	 0.873666 	 0.932626 	 1
24.1 	 0.234364 	 0.939424 	 0.968884 	 1
24.2 	 0.184725 	 0.980157 	 0.990009 	 1
24.3 	 0.177792 	 0.986102 	 0.993018 	 1
24.4 	 0.221489 	 0.957073 	 0.978155 	 1
24.5 	 0.292322 	 0.901788 	 0.948587 	 1
24.6 	 0.369883 	 0.833647 	 0.909543 	 1
24.7 	 0.443196 	 0.765727 	 0.867181 	 1
24.8 	 0.505627 	 0.70755 	 0.827495 	 1
24.9 	 0.552608 	 0.664402 	 0.795519 	 1
25 	 0.580993 	 0.638399 	 0.774932 	 1
25.1 	 0.588948 	 0.630051 	 0.767966 	 1
25.2 	 0.575949 	 0.63945 	 0.775445 	 1
25.3 	 0.542777 	 0.666695 	 0.796764 	 1
25.4 	 0.491461 	 0.711442 	 0.829767 	 1
25.5 	 0.425215 	 0.771585 	 0.870638 	 1
25.6 	 0.348514 	 0.841489 	 0.914005 	 1
25.7 	 0.267768 	 0.910828 	 0.953462 	 1
25.8 	 0.194184 	 0.965564 	 0.982529 	 1
25.9 	 0.151668 	 0.991819 	 0.995898 	 1
26 	 0.168322 	 0.981428 	 0.990649 	 1
26.1 	 0.227948 	 0.93608 	 0.967055 	 1
26.2 	 0.300289 	 0.867155 	 0.928736 	 1
26.3 	 0.371243 	 0.791017 	 0.882046 	 1
26.4 	 0.434541 	 0.722594 	 0.834862 	 1
26.5 	 0.486512 	 0.671073 	 0.795039 	 1
26.6 	 0.524513 	 0.639684 	 0.76892 	 1
26.7 	 0.546525 	 0.62844 	 0.760228 	 1
26.8 	 0.551166 	 0.636955 	 0.76956 	 1
26.9 	 0.537883 	 0.665096 	 0.794553 	 1
27 	 0.507235 	 0.7115 	 0.830608 	 1
27.1 	 0.461249 	 0.771693 	 0.871927 	 1
27.2 	 0.403955 	 0.837598 	 0.91257 	 1
27.3 	 0.342324 	 0.898836 	 0.947277 	 1
27.4 	 0.287904 	 0.945016 	 0.971939 	 1
27.5 	 0.257467 	 0.967938 	 0.983769 	 1
27.6 	 0.264674 	 0.963191 	 0.981339 	 1
27.7 	 0.304984 	 0.93113 	 0.964643 	 1
27.8 	 0.361292 	 0.877178 	 0.935255 	 1
27.9 	 0.418974 	 0.811072 	 0.896495 	 1
28 	 0.469082 	 0.744666 	 0.853395 	 1
28.1 	 0.506569 	 0.688722 	 0.812275 	 1
28.2 	 0.528806 	 0.650177 	 0.77983 	 1
28.3 	 0.534758 	 0.63161 	 0.761883 	 1
28.4 	 0.524494 	 0.633132 	 0.762089 	 1
28.5 	 0.498877 	 0.654807 	 0.780993 	 1
28.6 	 0.459398 	 0.697035 	 0.815727 	 1
28.7 	 0.408211 	 0.758134 	 0.860486 	 1
28.8 	 0.348537 	 0.831161 	 0.907653 	 1
28.9 	 0.285811 	 0.903127 	 0.949312 	 1
29 	 0.230437 	 0.958206 	 0.978759 	 1
29.1 	 0.20146 	 0.983455 	 0.991678 	 1
29.2 	 0.217378 	 0.973742 	 0.986748 	 1
29.3 	 0.271469 	 0.933129 	 0.965606 	 1
29.4 	 0.342757 	 0.872376 	 0.932241 	 1
29.5 	 0.416093 	 0.804471 	 0.892067 	 1
29.6 	 0.482418 	 0.740686 	 0.850913 	 1
29.7 	 0.535833 	 0.688627 	 0.814192 	 1
29.8 	 0.572318 	 0.652296 	 0.786363 	 1
29.9 	 0.589341 	 0.633252 	 0.770683 	 1
30 	 0.585752 	 0.631943 	 0.769107 	 1
30.1 	 0.561734 	 0.648612 	 0.782182 	 1
30.2 	 0.518719 	 0.683426 	 0.808858 	 1
30.3 	 0.459287 	 0.735645 	 0.846277 	 1
30.4 	 0.387104 	 0.801893 	 0.889728 	 1
30.5 	 0.307154 	 0.87429 	 0.932986 	 1
30.6 	 0.227088 	 0.940024 	 0.969152 	 1
30.7 	 0.162497 	 0.983883 	 0.991892 	 1
30.8 	 0.145381 	 0.993616 	 0.996801 	 1
30.9 	 0.188478 	 0.965519 	 0.982492 	 1
31 	 0.25911 	 0.906653 	 0.951054 	 1
31.1 	 0.334296 	 0.831927 	 0.907731 	 1
31.2 	 0.40469 	 0.757807 	 0.859888 	 1
31.3 	 0.465488 	 0.696564 	 0.815529 	 1
31.4 	 0.513425 	 0.654158 	 0.781753 	 1
31.5 	 0.545989 	 0.631861 	 0.763511 	 1
31.6 	 0.561321 	 0.629284 	 0.762896 	 1
31.7 	 0.558355 	 0.646156 	 0.779066 	 1
31.8 	 0.537063 	 0.681923 	 0.808718 	 1
31.9 	 0.498744 	 0.734096 	 0.846922 	 1
32 	 0.446397 	 0.797001 	 0.888065 	 1
32.1 	 0.385324 	 0.861937 	 0.926674 	 1
32.2 	 0.324241 	 0.918632 	 0.957993 	 1
32.3 	 0.276787 	 0.957271 	 0.9783 	 1
32.4 	 0.259675 	 0.970483 	 0.98507 	 1
32.5 	 0.280075 	 0.955016 	 0.977134 	 1
32.6 	 0.326824 	 0.912906 	 0.954904 	 1
32.7 	 0.383138 	 0.851666 	 0.920646 	 1
32.8 	 0.437039 	 0.782843 	 0.878591 	 1
32.9 	 0.481551 	 0.718874 	 0.834704 	 1
33 	 0.512862 	 0.669439 	 0.795925 	 1
33.1 	 0.529118 	 0.639416 	 0.768967 	 1
33.2 	 0.529736 	 0.629748 	 0.758908 	 1
33.3 	 0.514998 	 0.640191 	 0.767982 	 1
33.4 	 0.485829 	 0.671116 	 0.794948 	 1
33.5 	 0.44377 	 0.722344 	 0.835251 	 1
33.6 	 0.391215 	 0.789883 	 0.881944 	 1
33.7 	 0.332133 	 0.863688 	 0.927111 	 1
33.8 	 0.27374 	 0.929019 	 0.963425 	 1
33.9 	 0.229563 	 0.971189 	 0.985445 	 1
34 	 0.219303 	 0.980971 	 0.990419 	 1
34.1 	 0.25174 	 0.957615 	 0.978467 	 1
34.2 	 0.312765 	 0.908208 	 0.952232 	 1
34.3 	 0.383997 	 0.844296 	 0.916146 	 1
34.4 	 0.453159 	 0.777878 	 0.87556 	 1
34.5 	 0.512533 	 0.71855 	 0.835933 	 1
34.6 	 0.557004 	 0.672465 	 0.802236 	 1
34.7 	 0.583248 	 0.642743 	 0.778565 	 1
34.8 	 0.589451 	 0.63059 	 0.76792 	 1
34.9 	 0.575198 	 0.636441 	 0.771994 	 1
35 	 0.541366 	 0.660639 	 0.790907 	 1
35.1 	 0.489996 	 0.703234 	 0.822915 	 1
35.2 	 0.424161 	 0.76268 	 0.864217 	 1
35.3 	 0.347983 	 0.83374 	 0.909118 	 1
35.4 	 0.267209 	 0.905906 	 0.950674 	 1
35.5 	 0.191859 	 0.964275 	 0.981844 	 1
35.6 	 0.144833 	 0.99385 	 0.996919 	 1
35.7 	 0.158512 	 0.985745 	 0.992833 	 1
35.8 	 0.219557 	 0.941628 	 0.969969 	 1
35.9 	 0.295208 	 0.873237 	 0.932176 	 1
36 	 0.370371 	 0.797143 	 0.885978 	 1
36.1 	 0.438351 	 0.728171 	 0.83921 	 1
36.2 	 0.495053 	 0.675391 	 0.799458 	 1
36.3 	 0.537417 	 0.642149 	 0.772689 	 1
36.4 	 0.563083 	 0.62866 	 0.762359 	 1
36.5 	 0.570458 	 0.634514 	 0.769116 	 1
36.6 	 0.558919 	 0.659392 	 0.79104 	 1
36.7 	 0.529063 	 0.702088 	 0.824273 	 1
36.8 	 0.482991 	 0.759052 	 0.863818 	 1
36.9 	 0.424698 	 0.823681 	 0.904311 	 1
37 	 0.360794 	 0.886791 	 0.940626 	 1
37.1 	 0.301841 	 0.938069 	 0.968302 	 1
37.2 	 0.263415 	 0.96804 	 0.983831 	 1
37.3 	 0.260558 	 0.970188 	 0.984926 	 1
37.4 	 0.292876 	 0.942892 	 0.970827 	 1
37.5 	 0.34481 	 0.890577 	 0.942658 	 1
37.6 	 0.401017 	 0.823258 	 0.903663 	 1
37.7 	 0.451869 	 0.753964 	 0.859143 	 1
37.8 	 0.491976 	 0.694737 	 0.815903 	 1
37.9 	 0.518479 	 0.653246 	 0.781172 	 1
38 	 0.530055 	 0.632145 	 0.761191 	 1
38.1 	 0.526372 	 0.631333 	 0.759813 	 1
38.2 	 0.507802 	 0.650755 	 0.777553 	 1
38.3 	 0.475328 	 0.690847 	 0.811389 	 1
38.4 	 0.430682 	 0.74998 	 0.85539 	 1
38.5 	 0.37681 	 0.821341 	 0.901987 	 1
38.6 	 0.318932 	 0.892429 	 0.943515 	 1
38.7 	 0.266621 	 0.948299 	 0.973629 	 1
38.8 	 0.236027 	 0.976754 	 0.988278 	 1
38.9 	 0.243651 	 0.972501 	 0.986117 	 1
39 	 0.288217 	 0.938256 	 0.968364 	 1
39.1 	 0.352843 	 0.882837 	 0.938279 	 1
39.2 	 0.421967 	 0.817716 	 0.900448 	 1
39.3 	 0.485423 	 0.753756 	 0.860058 	 1
39.4 	 0.536656 	 0.699227 	 0.82229 	 1
39.5 	 0.571392 	 0.659248 	 0.791869 	 1
39.6 	 0.587089 	 0.636325 	 0.772711 	 1
39.7 	 0.582698 	 0.6314 	 0.767609 	 1
39.8 	 0.558518 	 0.64489 	 0.777872 	 1
39.9 	 0.516049 	 0.677143 	 0.80293 	 1
40 	 0.457827 	 0.727784 	 0.84004 	 1
40.1 	 0.387345 	 0.793857 	 0.884279 	 1
40.2 	 0.309278 	 0.867605 	 0.929011 	 1
40.3 	 0.230803 	 0.935826 	 0.966885 	 1
40.4 	 0.166624 	 0.982569 	 0.99122 	 1
40.5 	 0.147539 	 0.994923 	 0.997458 	 1
40.6 	 0.188792 	 0.968914 	 0.984235 	 1
40.7 	 0.259969 	 0.911614 	 0.953768 	 1
40.8 	 0.337339 	 0.837903 	 0.911389 	 1
40.9 	 0.410786 	 0.764026 	 0.86439 	 1
41 	 0.474928 	 0.702067 	 0.820508 	 1
41.1 	 0.526022 	 0.658082 	 0.786469 	 1
41.2 	 0.561194 	 0.633643 	 0.766924 	 1
41.3 	 0.578364 	 0.628518 	 0.763942 	 1
41.4 	 0.576382 	 0.642342 	 0.777037 	 1
41.5 	 0.55525 	 0.674559 	 0.803602 	 1
41.6 	 0.516343 	 0.723274 	 0.839534 	 1
41.7 	 0.462684 	 0.784078 	 0.879898 	 1
41.8 	 0.399382 	 0.849613 	 0.919508 	 1
41.9 	 0.334531 	 0.910157 	 0.953395 	 1
42 	 0.280718 	 0.955125 	 0.977194 	 1
42.1 	 0.254619 	 0.975286 	 0.987527 	 1
42.2 	 0.266619 	 0.965294 	 0.982429 	 1
42.3 	 0.308492 	 0.925837 	 0.9618 	 1
42.4 	 0.363234 	 0.864341 	 0.927776 	 1
42.5 	 0.417969 	 0.793298 	 0.884806 	 1
42.6 	 0.465234 	 0.726382 	 0.839277 	 1
42.7 	 0.500945 	 0.674106 	 0.798586 	 1
42.8 	 0.522958 	 0.641565 	 0.769791 	 1
42.9 	 0.530292 	 0.629559 	 0.758125 	 1
43 	 0.522736 	 0.637686 	 0.765804 	 1
43.1 	 0.500693 	 0.666255 	 0.791483 	 1
43.2 	 0.465254 	 0.715067 	 0.830546 	 1
43.3 	 0.418517 	 0.780221 	 0.876135 	 1
43.4 	 0.364286 	 0.852133 	 0.920614 	 1
43.5 	 0.30944 	 0.917016 	 0.957047 	 1
43.6 	 0.266032 	 0.961216 	 0.980333 	 1
43.7 	 0.250873 	 0.975814 	 0.987797 	 1
43.8 	 0.273867 	 0.959105 	 0.97925 	 1
43.9 	 0.326315 	 0.916223 	 0.956652 	 1
44 	 0.391636 	 0.856722 	 0.923557 	 1
44.1 	 0.456803 	 0.791561 	 0.884529 	 1
44.2 	 0.513293 	 0.730583 	 0.844604 	 1
44.3 	 0.555591 	 0.681064 	 0.80884 	 1
44.4 	 0.580277 	 0.647364 	 0.781905 	 1
44.5 	 0.585596 	 0.63148 	 0.767651 	 1
44.6 	 0.571239 	 0.634115 	 0.768623 	 1
44.7 	 0.53815 	 0.655672 	 0.78554 	 1
44.8 	 0.488338 	 0.696404 	 0.816861 	 1
44.9 	 0.424735 	 0.755123 	 0.858622 	 1
45 	 0.351219 	 0.826808 	 0.904724 	 1
45.1 	 0.273238 	 0.900756 	 0.947776 	 1
45.2 	 0.200393 	 0.961514 	 0.980406 	 1
45.3 	 0.154126 	 0.993542 	 0.996764 	 1
45.4 	 0.164997 	 0.987705 	 0.993823 	 1
45.5 	 0.223961 	 0.945629 	 0.972088 	 1
45.6 	 0.300005 	 0.878939 	 0.935484 	 1
45.7 	 0.377041 	 0.803875 	 0.890467 	 1
45.8 	 0.447514 	 0.73491 	 0.844608 	 1
45.9 	 0.506725 	 0.681047 	 0.8051 	 1
46 	 0.551196 	 0.645887 	 0.777532 	 1
46.1 	 0.578321 	 0.62993 	 0.765198 	 1
46.2 	 0.586422 	 0.632799 	 0.768949 	 1
46.3 	 0.574924 	 0.654102 	 0.787455 	 1
46.4 	 0.544544 	 0.692922 	 0.817702 	 1
46.5 	 0.497497 	 0.7467 	 0.855517 	 1
46.6 	 0.437771 	 0.810248 	 0.896051 	 1
46.7 	 0.371674 	 0.875446 	 0.934202 	 1
46.8 	 0.308968 	 0.931903 	 0.965026 	 1
46.9 	 0.264203 	 0.968734 	 0.984195 	 1
47 	 0.253212 	 0.977274 	 0.98854 	 1
47.1 	 0.279005 	 0.954061 	 0.976638 	 1
47.2 	 0.327675 	 0.902832 	 0.949323 	 1
47.3 	 0.383378 	 0.83417 	 0.909944 	 1
47.4 	 0.43589 	 0.762312 	 0.864176 	 1
47.5 	 0.479487 	 0.700326 	 0.819275 	 1
47.6 	 0.511016 	 0.656314 	 0.782837 	 1
47.7 	 0.528777 	 0.632896 	 0.761285 	 1
47.8 	 0.531954 	 0.629822 	 0.758484 	 1
47.9 	 0.520378 	 0.646952 	 0.774866 	 1
48 	 0.494524 	 0.68467 	 0.807351 	 1
48.1 	 0.455734 	 0.741359 	 0.850069 	 1
48.2 	 0.406703 	 0.810486 	 0.89568 	 1
48.3 	 0.352406 	 0.880304 	 0.936879 	 1
48.4 	 0.301682 	 0.936924 	 0.967686 	 1
48.5 	 0.268675 	 0.96887 	 0.984253 	 1
48.6 	 0.268547 	 0.970536 	 0.985108 	 1
48.7 	 0.303685 	 0.943134 	 0.970956 	 1
48.8 	 0.361054 	 0.893402 	 0.944256 	 1
48.9 	 0.425374 	 0.831182 	 0.908732 	 1
49 	 0.485655 	 0.766907 	 0.868947 	 1
49.1 	 0.534759 	 0.709607 	 0.829918 	 1
49.2 	 0.568176 	 0.665722 	 0.796724 	 1
49.3 	 0.583339 	 0.638854 	 0.77403 	 1
49.4 	 0.579263 	 0.630444 	 0.765501 	 1
49.5 	 0.556306 	 0.640966 	 0.773167 	 1
49.6 	 0.515945 	 0.670816 	 0.796835 	 1
49.7 	 0.4606 	 0.719898 	 0.833756 	 1
49.8 	 0.393546 	 0.7856 	 0.878717 	 1
49.9 	 0.319183 	 0.860258 	 0.924686 	 1
50 	 0.244328 	 0.93039 	 0.963973 	 1
50.1 	 0.18255 	 0.979604 	 0.989713 	 1
50.2 	 0.160823 	 0.994649 	 0.99732 	 1
50.3 	 0.195802 	 0.971347 	 0.985488 	 1
50.4 	 0.263786 	 0.916528 	 0.956472 	 1
50.5 	 0.340889 	 0.84467 	 0.915535 	 1
50.6 	 0.415582 	 0.771589 	 0.869752 	 1
50.7 	 0.48156 	 0.709186 	 0.826519 	 1
50.8 	 0.534496 	 0.663695 	 0.792206 	 1
50.9 	 0.571155 	 0.637036 	 0.771238 	 1
51 	 0.589275 	 0.62919 	 0.765742 	 1
51.1 	 0.587673 	 0.639795 	 0.775644 	 1
51.2 	 0.566408 	 0.668388 	 0.79905 	 1
51.3 	 0.526945 	 0.713664 	 0.832671 	 1
51.4 	 0.472341 	 0.772352 	 0.872218 	 1
51.5 	 0.407565 	 0.838295 	 0.912748 	 1
51.6 	 0.340249 	 0.902261 	 0.949034 	 1
51.7 	 0.282146 	 0.952944 	 0.976055 	 1
51.8 	 0.249655 	 0.979369 	 0.989608 	 1
51.9 	 0.255417 	 0.974264 	 0.987016 	 1
52 	 0.293892 	 0.937154 	 0.967774 	 1
52.1 	 0.348134 	 0.875471 	 0.933976 	 1
52.2 	 0.404514 	 0.802563 	 0.890306 	 1
52.3 	 0.455092 	 0.733104 	 0.843506 	 1
52.4 	 0.49545 	 0.678223 	 0.801287 	 1
52.5 	 0.523078 	 0.643201 	 0.770892 	 1
52.6 	 0.53655 	 0.628801 	 0.757613 	 1
52.7 	 0.53516 	 0.634537 	 0.763655 	 1
52.8 	 0.518839 	 0.660628 	 0.787689 	 1
52.9 	 0.488287 	 0.706844 	 0.825206 	 1
53 	 0.445327 	 0.769508 	 0.869584 	 1
53.1 	 0.39354 	 0.839697 	 0.913511 	 1
53.2 	 0.339396 	 0.904619 	 0.95038 	 1
53.3 	 0.293869 	 0.951447 	 0.975285 	 1
53.4 	 0.272349 	 0.97129 	 0.985486 	 1
53.5 	 0.286127 	 0.96135 	 0.980405 	 1
53.6 	 0.33052 	 0.924867 	 0.961315 	 1
53.7 	 0.390465 	 0.869557 	 0.930966 	 1
53.8 	 0.452356 	 0.805446 	 0.893244 	 1
53.9 	 0.50698 	 0.742693 	 0.852872 	 1
54 	 0.548479 	 0.689753 	 0.815076 	 1
54.1 	 0.573336 	 0.652246 	 0.785105 	 1
54.2 	 0.579814 	 0.632897 	 0.767596 	 1
54.3 	 0.567624 	 0.632546 	 0.765804 	 1
54.4 	 0.537674 	 0.651523 	 0.780885 	 1
54.5 	 0.491858 	 0.690168 	 0.811385 	 1
54.6 	 0.432929 	 0.747564 	 0.853161 	 1
54.7 	 0.364591 	 0.81891 	 0.899828 	 1
54.8 	 0.292189 	 0.893522 	 0.943758 	 1
54.9 	 0.225036 	 0.955852 	 0.977471 	 1
55 	 0.18174 	 0.990279 	 0.995123 	 1
55.1 	 0.186925 	 0.98752 	 0.993732 	 1
55.2 	 0.237957 	 0.948808 	 0.973783 	 1
55.3 	 0.309817 	 0.885071 	 0.939052 	 1
55.4 	 0.385457 	 0.811807 	 0.895696 	 1
55.5 	 0.455891 	 0.743087 	 0.850895 	 1
55.6 	 0.515523 	 0.688031 	 0.81146 	 1
55.7 	 0.56035 	 0.650689 	 0.782747 	 1
55.8 	 0.5875 	 0.63197 	 0.768087 	 1
55.9 	 0.595209 	 0.631671 	 0.768697 	 1
56 	 0.58293 	 0.64948 	 0.783909 	 1
56.1 	 0.551461 	 0.684842 	 0.8115 	 1
56.2 	 0.503058 	 0.73604 	 0.847981 	 1
56.3 	 0.441616 	 0.798996 	 0.888851 	 1
56.4 	 0.373099 	 0.866333 	 0.928885 	 1
56.5 	 0.306611 	 0.927426 	 0.962593 	 1
56.6 	 0.256164 	 0.970068 	 0.984876 	 1
56.7 	 0.238978 	 0.983777 	 0.991841 	 1
56.8 	 0.261309 	 0.963721 	 0.981617 	 1
56.9 	 0.309967 	 0.913321 	 0.954953 	 1
57 	 0.367977 	 0.843764 	 0.915401 	 1
57.1 	 0.424367 	 0.770153 	 0.868957 	 1
57.2 	 0.473021 	 0.706124 	 0.823144 	 1
57.3 	 0.510423 	 0.659972 	 0.785661 	 1
57.4 	 0.534434 	 0.634352 	 0.762887 	 1
57.5 	 0.543746 	 0.629022 	 0.758587 	 1
57.6 	 0.537717 	 0.643766 	 0.773159 	 1
57.7 	 0.516431 	 0.678814 	 0.803653 	 1
57.8 	 0.480959 	 0.732572 	 0.844516 	 1
57.9 	 0.433816 	 0.79906 	 0.888852 	 1
58 	 0.379748 	 0.86764 	 0.929806 	 1
58.1 	 0.327018 	 0.92559 	 0.961697 	 1
58.2 	 0.288692 	 0.9619 	 0.980682 	 1
58.3 	 0.279884 	 0.970206 	 0.984934 	 1
58.4 	 0.306059 	 0.949894 	 0.974485 	 1
58.5 	 0.356936 	 0.905583 	 0.95095 	 1
58.6 	 0.417265 	 0.845674 	 0.917287 	 1
58.7 	 0.47529 	 0.78044 	 0.877611 	 1
58.8 	 0.523395 	 0.719924 	 0.836962 	 1
58.9 	 0.556908 	 0.672019 	 0.8009 	 1
59 	 0.573262 	 0.641398 	 0.774861 	 1
59.1 	 0.571508 	 0.629837 	 0.763302 	 1
59.2 	 0.551989 	 0.637694 	 0.768802 	 1
59.3 	 0.516098 	 0.665289 	 0.791355 	 1
59.4 	 0.466098 	 0.712697 	 0.828061 	 1
59.5 	 0.405107 	 0.777526 	 0.873382 	 1
59.6 	 0.337464 	 0.852153 	 0.919988 	 1
59.7 	 0.270024 	 0.92303 	 0.960053 	 1
59.8 	 0.215447 	 0.973805 	 0.986764 	 1
59.9 	 0.195007 	 0.991383 	 0.995679 	 1
60 	 0.222291 	 0.971525 	 0.985596 	 1
60.1 	 0.282742 	 0.920487 	 0.958703 	 1
60.2 	 0.355639 	 0.851774 	 0.919975 	 1
60.3 	 0.428299 	 0.780345 	 0.876019 	 1
60.4 	 0.493238 	 0.717813 	 0.833715 	 1
60.5 	 0.5454 	 0.670718 	 0.799029 	 1
60.6 	 0.581165 	 0.64151 	 0.776263 	 1
60.7 	 0.598124 	 0.630539 	 0.767791 	 1
60.8 	 0.595106 	 0.637596 	 0.774143 	 1
60.9 	 0.572255 	 0.662442 	 0.794245 	 1
61 	 0.531113 	 0.704374 	 0.825617 	 1
61.1 	 0.474706 	 0.761135 	 0.864519 	 1
61.2 	 0.407763 	 0.82758 	 0.906118 	 1
61.3 	 0.337348 	 0.894829 	 0.944825 	 1
61.4 	 0.274412 	 0.950815 	 0.974917 	 1
61.5 	 0.235452 	 0.982887 	 0.991394 	 1
61.6 	 0.236085 	 0.982017 	 0.990953 	 1
61.7 	 0.273357 	 0.946811 	 0.972814 	 1
61.8 	 0.329442 	 0.884926 	 0.939151 	 1
61.9 	 0.389507 	 0.810592 	 0.894969 	 1
62 	 0.445067 	 0.739266 	 0.847354 	 1
62.1 	 0.491348 	 0.68241 	 0.804225 	 1
62.2 	 0.525428 	 0.645338 	 0.772834 	 1
62.3 	 0.545394 	 0.628818 	 0.758344 	 1
62.4 	 0.550044 	 0.632355 	 0.762836 	 1
62.5 	 0.538878 	 0.656039 	 0.784995 	 1
62.6 	 0.51229 	 0.699508 	 0.820545 	 1
62.7 	 0.471915 	 0.759327 	 0.863283 	 1
62.8 	 0.421192 	 0.827447 	 0.906397 	 1
62.9 	 0.366272 	 0.892327 	 0.943683 	 1
63 	 0.317338 	 0.942054 	 0.970395 	 1
63.1 	 0.288838 	 0.967606 	 0.983605 	 1
63.2 	 0.293249 	 0.964839 	 0.982192 	 1
63.3 	 0.329382 	 0.934921 	 0.966654 	 1
63.4 	 0.383784 	 0.883684 	 0.938927 	 1
63.5 	 0.442396 	 0.820293 	 0.902283 	 1
63.6 	 0.495344 	 0.755345 	 0.861222 	 1
63.7 	 0.536434 	 0.698615 	 0.821201 	 1
63.8 	 0.562053 	 0.657082 	 0.78808 	 1
63.9 	 0.570463 	 0.634193 	 0.767269 	 1
64 	 0.561362 	 0.630833 	 0.762712 	 1
64.1 	 0.535579 	 0.647161 	 0.775964 	 1
64.2 	 0.494851 	 0.683559 	 0.80562 	 1
64.3 	 0.441724 	 0.739374 	 0.847318 	 1
64.4 	 0.379717 	 0.810003 	 0.894368 	 1
64.5 	 0.314058 	 0.884781 	 0.938928 	 1
64.6 	 0.253676 	 0.948168 	 0.973483 	 1
64.7 	 0.214557 	 0.984685 	 0.992302 	 1
64.8 	 0.216088 	 0.985131 	 0.992528 	 1
64.9 	 0.259205 	 0.950366 	 0.974642 	 1
65 	 0.325329 	 0.89041 	 0.942198 	 1
65.1 	 0.39787 	 0.81973 	 0.900927 	 1
65.2 	 0.466715 	 0.751799 	 0.857495 	 1
65.3 	 0.525396 	 0.695808 	 0.818271 	 1
65.4 	 0.569402 	 0.656312 	 0.788396 	 1
65.5 	 0.595622 	 0.634731 	 0.771318 	 1
65.6 	 0.602241 	 0.631153 	 0.768705 	 1
65.7 	 0.588764 	 0.645441 	 0.780589 	 1
65.8 	 0.556068 	 0.677388 	 0.805512 	 1
65.9 	 0.506435 	 0.725988 	 0.840613 	 1
66 	 0.44365 	 0.78811 	 0.881687 	 1
66.1 	 0.373316 	 0.857089 	 0.923389 	 1
66.2 	 0.303845 	 0.922212 	 0.959733 	 1
66.3 	 0.248515 	 0.970176 	 0.984922 	 1
66.4 	 0.225498 	 0.988841 	 0.994399 	 1
66.5 	 0.244443 	 0.97202 	 0.985865 	 1
66.6 	 0.293244 	 0.922732 	 0.959968 	 1
66.7 	 0.353716 	 0.852652 	 0.920438 	 1
66.8 	 0.414052 	 0.777633 	 0.873559 	 1
66.9 	 0.467698 	 0.711799 	 0.827076 	 1
67 	 0.510748 	 0.663613 	 0.788739 	 1
67.1 	 0.540626 	 0.635806 	 0.764826 	 1
67.2 	 0.555565 	 0.628201 	 0.758969 	 1
67.3 	 0.554511 	 0.640522 	 0.771562 	 1
67.4 	 0.53723 	 0.672829 	 0.799864 	 1
67.5 	 0.504583 	 0.723598 	 0.838747 	 1
67.6 	 0.45894 	 0.787504 	 0.881828 	 1
67.7 	 0.404826 	 0.855073 	 0.922689 	 1
67.8 	 0.349958 	 0.914646 	 0.955854 	 1
67.9 	 0.306415 	 0.955459 	 0.977366 	 1
68 	 0.28905 	 0.970261 	 0.984959 	 1
68.1 	 0.305939 	 0.956679 	 0.977997 	 1
68.2 	 0.349892 	 0.917421 	 0.957348 	 1
68.3 	 0.40614 	 0.859639 	 0.925344 	 1
68.4 	 0.462236 	 0.793505 	 0.885758 	 1
68.5 	 0.510021 	 0.730011 	 0.843681 	 1
68.6 	 0.544576 	 0.678393 	 0.805093 	 1
68.7 	 0.563228 	 0.644296 	 0.776077 	 1
68.8 	 0.564942 	 0.62977 	 0.76175 	 1
68.9 	 0.54992 	 0.635011 	 0.765161 	 1
69 	 0.51933 	 0.66024 	 0.786466 	 1
69.1 	 0.475144 	 0.70569 	 0.822658 	 1
69.2 	 0.420182 	 0.7692 	 0.867962 	 1
69.3 	 0.358524 	 0.843281 	 0.914857 	 1
69.4 	 0.296709 	 0.914509 	 0.955496 	 1
69.5 	 0.246205 	 0.966825 	 0.983197 	 1
69.6 	 0.224787 	 0.987415 	 0.993681 	 1
69.7 	 0.245149 	 0.971847 	 0.985775 	 1
69.8 	 0.298633 	 0.925444 	 0.961446 	 1
69.9 	 0.367205 	 0.860399 	 0.925205 	 1
70 	 0.43748 	 0.790687 	 0.883073 	 1
70.1 	 0.50099 	 0.727734 	 0.841412 	 1
70.2 	 0.552062 	 0.678573 	 0.805914 	 1
70.3 	 0.586775 	 0.646353 	 0.780951 	 1
70.4 	 0.60264 	 0.631933 	 0.769307 	 1
70.5 	 0.598526 	 0.635371 	 0.772173 	 1
70.6 	 0.574673 	 0.656661 	 0.789221 	 1
70.7 	 0.532689 	 0.695553 	 0.818617 	 1
70.8 	 0.475567 	 0.750524 	 0.857001 	 1
70.9 	 0.407819 	 0.817189 	 0.899548 	 1
71 	 0.336024 	 0.886956 	 0.940317 	 1
71.1 	 0.270365 	 0.947193 	 0.972988 	 1
71.2 	 0.226997 	 0.983943 	 0.991928 	 1
71.3 	 0.223592 	 0.986805 	 0.993374 	 1
71.4 	 0.259893 	 0.953682 	 0.976376 	 1
71.5 	 0.317736 	 0.892377 	 0.94322 	 1
71.6 	 0.381233 	 0.817668 	 0.899157 	 1
71.7 	 0.441314 	 0.745401 	 0.851472 	 1
71.8 	 0.492769 	 0.687142 	 0.808103 	 1
71.9 	 0.532216 	 0.648267 	 0.776135 	 1
72 	 0.557276 	 0.629699 	 0.760498 	 1
72.1 	 0.566321 	 0.631013 	 0.763165 	 1
72.2 	 0.558532 	 0.652142 	 0.782974 	 1
72.3 	 0.534098 	 0.692594 	 0.816089 	 1
72.4 	 0.494537 	 0.749339 	 0.856924 	 1
72.5 	 0.443154 	 0.815436 	 0.899251 	 1
72.6 	 0.385783 	 0.880666 	 0.93722 	 1
72.7 	 0.331935 	 0.933823 	 0.96607 	 1
72.8 	 0.295468 	 0.965413 	 0.982485 	 1
72.9 	 0.290222 	 0.969701 	 0.984676 	 1
73 	 0.318361 	 0.945813 	 0.972358 	 1
73.1 	 0.367917 	 0.897943 	 0.946774 	 1
73.2 	 0.424231 	 0.834695 	 0.910761 	 1
73.3 	 0.476696 	 0.767308 	 0.868758 	 1
73.4 	 0.518771 	 0.706912 	 0.826545 	 1
73.5 	 0.546725 	 0.661724 	 0.790578 	 1
73.6 	 0.558753 	 0.635741 	 0.766941 	 1
73.7 	 0.554432 	 0.629755 	 0.760107 	 1
73.8 	 0.534369 	 0.643697 	 0.771871 	 1
73.9 	 0.499984 	 0.677963 	 0.800764 	 1
74 	 0.453465 	 0.732073 	 0.842182 	 1
74.1 	 0.398003 	 0.801542 	 0.889208 	 1
74.2 	 0.338526 	 0.875796 	 0.933942 	 1
74.3 	 0.283355 	 0.939627 	 0.969021 	 1
74.4 	 0.246392 	 0.978105 	 0.98897 	 1
74.5 	 0.244029 	 0.982307 	 0.991101 	 1
74.6 	 0.279766 	 0.95254 	 0.975811 	 1
74.7 	 0.339905 	 0.89747 	 0.946251 	 1
74.8 	 0.408704 	 0.830098 	 0.907513 	 1
74.9 	 0.475216 	 0.763109 	 0.865594 	 1
75 	 0.532209 	 0.705841 	 0.826381 	 1
75.1 	 0.57474 	 0.663568 	 0.794899 	 1
75.2 	 0.599525 	 0.638468 	 0.774886 	 1
75.3 	 0.604741 	 0.63111 	 0.768642 	 1
75.4 	 0.589974 	 0.641629 	 0.776994 	 1
75.5 	 0.556181 	 0.67013 	 0.799244 	 1
75.6 	 0.505659 	 0.716178 	 0.833059 	 1
75.7 	 0.442056 	 0.777404 	 0.8744 	 1
75.8 	 0.370624 	 0.847712 	 0.917699 	 1
75.9 	 0.299141 	 0.916265 	 0.956442 	 1
76 	 0.240231 	 0.968765 	 0.984184 	 1
76.1 	 0.212934 	 0.991639 	 0.995808 	 1
76.2 	 0.230124 	 0.977622 	 0.988716 	 1
76.3 	 0.280523 	 0.929522 	 0.963565 	 1
76.4 	 0.34453 	 0.859462 	 0.924304 	 1
76.5 	 0.409475 	 0.783806 	 0.877472 	 1
76.6 	 0.468343 	 0.716881 	 0.830922 	 1
76.7 	 0.516808 	 0.667174 	 0.792299 	 1
76.8 	 0.551848 	 0.637516 	 0.767632 	 1
76.9 	 0.57129 	 0.627859 	 0.760329 	 1
77 	 0.573758 	 0.637859 	 0.770777 	 1
77.1 	 0.558832 	 0.667353 	 0.796539 	 1
77.2 	 0.527297 	 0.71488 	 0.833052 	 1
77.3 	 0.481497 	 0.775895 	 0.874597 	 1
77.4 	 0.425845 	 0.842274 	 0.915284 	 1
77.5 	 0.367665 	 0.903548 	 0.949843 	 1
77.6 	 0.318281 	 0.94917 	 0.974109 	 1
77.7 	 0.29233 	 0.970814 	 0.985245 	 1
77.8 	 0.300044 	 0.96414 	 0.981834 	 1
77.9 	 0.337098 	 0.929859 	 0.963969 	 1
78 	 0.38928 	 0.873949 	 0.933412 	 1
78.1 	 0.443501 	 0.806671 	 0.893714 	 1
78.2 	 0.491123 	 0.740121 	 0.850122 	 1
78.3 	 0.527041 	 0.684911 	 0.809091 	 1
78.4 	 0.548512 	 0.647573 	 0.777329 	 1
78.5 	 0.554395 	 0.630311 	 0.76053 	 1
78.6 	 0.544692 	 0.633097 	 0.762102 	 1
78.7 	 0.520252 	 0.656041 	 0.78228 	 1
78.8 	 0.482662 	 0.699507 	 0.817907 	 1
78.9 	 0.434347 	 0.761516 	 0.862991 	 1
79 	 0.379041 	 0.834687 	 0.909892 	 1
79.1 	 0.322867 	 0.905812 	 0.950828 	 1
79.2 	 0.276218 	 0.95931 	 0.979338 	 1
79.3 	 0.254355 	 0.982829 	 0.991362 	 1
79.4 	 0.269122 	 0.971801 	 0.985761 	 1
79.5 	 0.315979 	 0.930532 	 0.964238 	 1
79.6 	 0.379768 	 0.869698 	 0.930753 	 1
79.7 	 0.447029 	 0.802073 	 0.890641 	 1
79.8 	 0.508547 	 0.738761 	 0.849668 	 1
79.9 	 0.558096 	 0.687305 	 0.813233 	 1
80 	 0.591482 	 0.651699 	 0.785827 	 1
80.1 	 0.60614 	 0.633502 	 0.770746 	 1
80.2 	 0.600989 	 0.633156 	 0.769942 	 1
80.3 	 0.57635 	 0.650885 	 0.783879 	 1
80.4 	 0.53388 	 0.686795 	 0.811345 	 1
80.5 	 0.476506 	 0.739964 	 0.849271 	 1
80.6 	 0.408488 	 0.806663 	 0.892754 	 1
80.7 	 0.33588 	 0.878563 	 0.93546 	 1
80.8 	 0.268019 	 0.94255 	 0.970508 	 1
80.9 	 0.220432 	 0.983547 	 0.991724 	 1
81 	 0.2126 	 0.989983 	 0.994975 	 1
81.1 	 0.247572 	 0.95914 	 0.979196 	 1
81.2 	 0.307108 	 0.898886 	 0.946777 	 1
81.3 	 0.374051 	 0.824352 	 0.903163 	 1
81.4 	 0.438579 	 0.751603 	 0.855758 	 1
81.5 	 0.494966 	 0.692244 	 0.812441 	 1
81.6 	 0.53937 	 0.651727 	 0.780072 	 1
81.7 	 0.568989 	 0.631159 	 0.763322 	 1
81.8 	 0.581867 	 0.630193 	 0.764051 	 1
81.9 	 0.57697 	 0.648608 	 0.781286 	 1
82 	 0.554399 	 0.685807 	 0.81169 	 1
82.1 	 0.515668 	 0.739199 	 0.850363 	 1
82.2 	 0.464072 	 0.80299 	 0.891719 	 1
82.3 	 0.40527 	 0.868327 	 0.930281 	 1
82.4 	 0.348215 	 0.924736 	 0.96125 	 1
82.5 	 0.30589 	 0.962223 	 0.980854 	 1
82.6 	 0.292348 	 0.973406 	 0.986566 	 1
82.7 	 0.312371 	 0.955329 	 0.977299 	 1
82.8 	 0.356242 	 0.910611 	 0.953652 	 1
82.9 	 0.409444 	 0.847434 	 0.918135 	 1
83 	 0.460872 	 0.777782 	 0.875228 	 1
83.1 	 0.503657 	 0.714093 	 0.831071 	 1
83.2 	 0.5339 	 0.665668 	 0.792655 	 1
83.3 	 0.54964 	 0.636918 	 0.766601 	 1
83.4 	 0.550214 	 0.628514 	 0.757777 	 1
83.5 	 0.535879 	 0.640187 	 0.768139 	 1
83.6 	 0.507613 	 0.67234 	 0.796169 	 1
83.7 	 0.467133 	 0.724649 	 0.8371 	 1
83.8 	 0.41718 	 0.792769 	 0.883892 	 1
83.9 	 0.362245 	 0.866334 	 0.928673 	 1
84 	 0.309968 	 0.930595 	 0.964274 	 1
84.1 	 0.272816 	 0.971244 	 0.985475 	 1
84.2 	 0.265826 	 0.979609 	 0.989731 	 1
84.3 	 0.294708 	 0.955351 	 0.977297 	 1
84.4 	 0.349328 	 0.905655 	 0.95085 	 1
84.5 	 0.414686 	 0.841922 	 0.914779 	 1
84.6 	 0.479132 	 0.775954 	 0.874366 	 1
84.7 	 0.534757 	 0.717227 	 0.835028 	 1
84.8 	 0.576243 	 0.671854 	 0.801736 	 1
84.9 	 0.600182 	 0.64295 	 0.778617 	 1
85 	 0.604778 	 0.631714 	 0.768686 	 1
85.1 	 0.589708 	 0.63857 	 0.773594 	 1
85.2 	 0.556006 	 0.663833 	 0.793341 	 1
85.3 	 0.505957 	 0.707458 	 0.825993 	 1
85.4 	 0.443052 	 0.767649 	 0.867553 	 1
85.5 	 0.372164 	 0.838757 	 0.912175 	 1
85.6 	 0.300399 	 0.909867 	 0.95288 	 1
85.7 	 0.239399 	 0.965968 	 0.982728 	 1
85.8 	 0.207938 	 0.992467 	 0.996224 	 1
85.9 	 0.221625 	 0.98131 	 0.990586 	 1
86 	 0.271601 	 0.935042 	 0.966478 	 1
86.1 	 0.337596 	 0.8659 	 0.927972 	 1
86.2 	 0.405933 	 0.790386 	 0.881706 	 1
86.3 	 0.468932 	 0.722843 	 0.835505 	 1
86.4 	 0.521734 	 0.671791 	 0.79682 	 1
86.5 	 0.560863 	 0.640244 	 0.771395 	 1
86.6 	 0.583779 	 0.628347 	 0.76244 	 1
86.7 	 0.588871 	 0.635727 	 0.770403 	 1
86.8 	 0.575607 	 0.662053 	 0.793252 	 1
86.9 	 0.544762 	 0.70603 	 0.827106 	 1
87 	 0.498704 	 0.76399 	 0.866991 	 1
87.1 	 0.441785 	 0.829199 	 0.907558 	 1
87.2 	 0.381014 	 0.892319 	 0.943665 	 1
87.3 	 0.327042 	 0.942858 	 0.970813 	 1
87.4 	 0.294066 	 0.971251 	 0.985474 	 1
87.5 	 0.293785 	 0.971125 	 0.985407 	 1
87.6 	 0.324609 	 0.941308 	 0.969995 	 1
87.7 	 0.3733 	 0.886868 	 0.940577 	 1
87.8 	 0.426359 	 0.818378 	 0.900642 	 1
87.9 	 0.474697 	 0.74906 	 0.855696 	 1
88 	 0.512966 	 0.690711 	 0.81264 	 1
88.1 	 0.538234 	 0.650534 	 0.778665 	 1
88.2 	 0.549107 	 0.630811 	 0.759851 	 1
88.3 	 0.54521 	 0.63133 	 0.759811 	 1
88.4 	 0.526914 	 0.652092 	 0.7788 	 1
88.5 	 0.495274 	 0.693514 	 0.813567 	 1
88.6 	 0.452197 	 0.753723 	 0.858028 	 1
88.7 	 0.400943 	 0.825519 	 0.904565 	 1
88.8 	 0.347117 	 0.896133 	 0.945579 	 1
88.9 	 0.300268 	 0.950701 	 0.974883 	 1
89 	 0.274564 	 0.977459 	 0.988637 	 1
89.1 	 0.282608 	 0.97165 	 0.985684 	 1
89.2 	 0.3232 	 0.936347 	 0.967358 	 1
89.3 	 0.382921 	 0.880426 	 0.936939 	 1
89.4 	 0.447856 	 0.815228 	 0.898966 	 1
89.5 	 0.507979 	 0.751473 	 0.858573 	 1
89.6 	 0.556557 	 0.697354 	 0.820927 	 1
89.7 	 0.589196 	 0.65797 	 0.790783 	 1
89.8 	 0.603327 	 0.635798 	 0.772105 	 1
89.9 	 0.597959 	 0.631741 	 0.767693 	 1
90 	 0.573523 	 0.646185 	 0.778781 	 1
90.1 	 0.531718 	 0.679438 	 0.804641 	 1
90.2 	 0.475405 	 0.731004 	 0.842326 	 1
90.3 	 0.408627 	 0.797637 	 0.886729 	 1
90.4 	 0.337037 	 0.871176 	 0.931108 	 1
90.5 	 0.269343 	 0.93812 	 0.968125 	 1
90.6 	 0.220351 	 0.982594 	 0.991237 	 1
90.7 	 0.20999 	 0.992235 	 0.996108 	 1
90.8 	 0.243664 	 0.963881 	 0.981643 	 1
90.9 	 0.304022 	 0.9053 	 0.950308 	 1
91 	 0.37327 	 0.831616 	 0.90762 	 1
91.1 	 0.440925 	 0.758832 	 0.860944 	 1
91.2 	 0.500731 	 0.698522 	 0.817964 	 1
91.3 	 0.5484 	 0.656299 	 0.785233 	 1
91.4 	 0.580781 	 0.633533 	 0.76715 	 1
91.5 	 0.595689 	 0.629983 	 0.765527 	 1
91.6 	 0.591994 	 0.645288 	 0.779687 	 1
91.7 	 0.569806 	 0.67881 	 0.806933 	 1
91.8 	 0.530695 	 0.728517 	 0.84317 	 1
91.9 	 0.477972 	 0.789866 	 0.883517 	 1
92 	 0.417129 	 0.855391 	 0.922829 	 1
92.1 	 0.356617 	 0.915252 	 0.956142 	 1
92.2 	 0.308707 	 0.95876 	 0.979073 	 1
92.3 	 0.287665 	 0.976717 	 0.988255 	 1
92.4 	 0.300601 	 0.964076 	 0.981804 	 1
92.5 	 0.339906 	 0.92209 	 0.959791 	 1
92.6 	 0.391205 	 0.858814 	 0.92457 	 1
92.7 	 0.442905 	 0.787133 	 0.88081 	 1
92.8 	 0.487807 	 0.720689 	 0.835052 	 1
92.9 	 0.521785 	 0.669609 	 0.794745 	 1
93 	 0.542606 	 0.63853 	 0.766881 	 1
93.1 	 0.54922 	 0.627989 	 0.756528 	 1
93.2 	 0.541377 	 0.637577 	 0.765664 	 1
93.3 	 0.519494 	 0.667678 	 0.792685 	 1
93.4 	 0.484749 	 0.718007 	 0.832739 	 1
93.5 	 0.439423 	 0.784324 	 0.878814 	 1
93.6 	 0.38761 	 0.856623 	 0.923232 	 1
93.7 	 0.336431 	 0.920908 	 0.959141 	 1
93.8 	 0.297431 	 0.963714 	 0.981618 	 1
93.9 	 0.285024 	 0.976632 	 0.988213 	 1
94 	 0.30684 	 0.958491 	 0.978932 	 1
94.1 	 0.355688 	 0.914718 	 0.955841 	 1
94.2 	 0.41725 	 0.854878 	 0.922506 	 1
94.3 	 0.479239 	 0.789777 	 0.883438 	 1
94.4 	 0.533134 	 0.729116 	 0.843619 	 1
94.5 	 0.573321 	 0.680094 	 0.808088 	 1
94.6 	 0.596343 	 0.647031 	 0.781532 	 1
94.7 	 0.600493 	 0.63188 	 0.767816 	 1
94.8 	 0.585575 	 0.635301 	 0.769451 	 1
94.9 	 0.552713 	 0.657674 	 0.787054 	 1
95 	 0.50418 	 0.699195 	 0.818929 	 1
95.1 	 0.443315 	 0.75851 	 0.860943 	 1
95.2 	 0.374681 	 0.830277 	 0.906874 	 1
95.3 	 0.304873 	 0.903438 	 0.949289 	 1
95.4 	 0.244712 	 0.962402 	 0.980876 	 1
95.5 	 0.211966 	 0.991897 	 0.995937 	 1
95.6 	 0.222967 	 0.983446 	 0.991669 	 1
95.7 	 0.271523 	 0.93945 	 0.968822 	 1
95.8 	 0.338116 	 0.872049 	 0.93155 	 1
95.9 	 0.408459 	 0.797511 	 0.886456 	 1
96 	 0.474184 	 0.729929 	 0.841149 	 1
96.1 	 0.529857 	 0.677807 	 0.802725 	 1
96.2 	 0.571557 	 0.644406 	 0.776569 	 1
96.3 	 0.596447 	 0.630115 	 0.765716 	 1
96.4 	 0.602765 	 0.634568 	 0.770774 	 1
96.5 	 0.589961 	 0.657342 	 0.790257 	 1
96.6 	 0.558879 	 0.697413 	 0.821089 	 1
96.7 	 0.51196 	 0.752076 	 0.859119 	 1
96.8 	 0.453525 	 0.816009 	 0.899545 	 1
96.9 	 0.390303 	 0.880968 	 0.937295 	 1
97 	 0.332313 	 0.936451 	 0.967428 	 1
97.1 	 0.293204 	 0.971523 	 0.985618 	 1
97.2 	 0.28571 	 0.97767 	 0.98874 	 1
97.3 	 0.310806 	 0.951856 	 0.975491 	 1
97.4 	 0.356467 	 0.89844 	 0.946896 	 1
97.5 	 0.40892 	 0.828566 	 0.906531 	 1
97.6 	 0.458663 	 0.756679 	 0.860267 	 1
97.7 	 0.500081 	 0.695627 	 0.815477 	 1
97.8 	 0.529983 	 0.653048 	 0.779756 	 1
97.9 	 0.546616 	 0.631166 	 0.759407 	 1
98 	 0.549128 	 0.629599 	 0.758078 	 1
98.1 	 0.537336 	 0.648272 	 0.775929 	 1
98.2 	 0.511747 	 0.687578 	 0.809609 	 1
98.3 	 0.4738 	 0.745657 	 0.85304 	 1
98.4 	 0.426377 	 0.815535 	 0.898783 	 1
98.5 	 0.374698 	 0.885119 	 0.939571 	 1
98.6 	 0.327623 	 0.940526 	 0.96958 	 1
98.7 	 0.29825 	 0.97068 	 0.985179 	 1
98.8 	 0.299341 	 0.970536 	 0.985108 	 1
98.9 	 0.332535 	 0.941742 	 0.970224 	 1
99 	 0.386698 	 0.891202 	 0.94304 	 1
99.1 	 0.447979 	 0.828691 	 0.90726 	 1
99.2 	 0.505723 	 0.764492 	 0.867393 	 1
99.3 	 0.55275 	 0.70752 	 0.82842 	 1
99.4 	 0.584489 	 0.664154 	 0.795421 	 1
99.5 	 0.598372 	 0.637953 	 0.773098 	 1
99.6 	 0.593484 	 0.630312 	 0.76514 	 1
99.7 	 0.570311 	 0.641683 	 0.77354 	 1
99.8 	 0.530528 	 0.672458 	 0.797993 	 1
99.9 	 0.476841 	 0.722487 	 0.835572 	 1
100 	 0.412984 	 0.788938 	 0.880876 	 1
