time = tau * tau_parallel
rms: rms distance of hole to its origin
IPR: inverse participation ratio, IPR(tau) = sum_i (n_h(i,tau))^2, with hole density n_h(i,tau) at site i at time tau.
return prob: probability of the hole to return to its origin, n_h(0,tau).
leg imbalance: difference between the occupation in the two legs of the ladder (see Eq. (15) in the manuscript).


time, rms, IPR, return prob, leg imbalance
0 	 0 	 1 	 1 	 1
0.1 	 0.100154 	 0.980285 	 0.990044 	 1
0.2 	 0.197657 	 0.926946 	 0.962046 	 1
0.3 	 0.289774 	 0.854493 	 0.921161 	 1
0.4 	 0.37365 	 0.779532 	 0.874598 	 1
0.5 	 0.446369 	 0.714846 	 0.830043 	 1
0.6 	 0.505115 	 0.667158 	 0.794171 	 1
0.7 	 0.547421 	 0.638428 	 0.771615 	 1
0.8 	 0.57147 	 0.62841 	 0.764539 	 1
0.9 	 0.5764 	 0.636417 	 0.772738 	 1
1 	 0.562566 	 0.661626 	 0.794088 	 1
1.1 	 0.531782 	 0.702365 	 0.825125 	 1
1.2 	 0.487542 	 0.755162 	 0.861568 	 1
1.3 	 0.435326 	 0.814114 	 0.898729 	 1
1.4 	 0.382977 	 0.870912 	 0.931859 	 1
1.5 	 0.340796 	 0.915768 	 0.956505 	 1
1.6 	 0.319645 	 0.939352 	 0.968986 	 1
1.7 	 0.32522 	 0.935497 	 0.966965 	 1
1.8 	 0.353359 	 0.903774 	 0.950039 	 1
1.9 	 0.393792 	 0.850539 	 0.920159 	 1
2 	 0.436723 	 0.787386 	 0.881686 	 1
2.1 	 0.475308 	 0.727255 	 0.840897 	 1
2.2 	 0.505313 	 0.680207 	 0.804955 	 1
2.3 	 0.524294 	 0.651375 	 0.780487 	 1
2.4 	 0.531003 	 0.642055 	 0.772135 	 1
2.5 	 0.525063 	 0.65228 	 0.781488 	 1
2.6 	 0.506891 	 0.682048 	 0.806717 	 1
2.7 	 0.477859 	 0.729903 	 0.843021 	 1
2.8 	 0.440687 	 0.790401 	 0.883739 	 1
2.9 	 0.400075 	 0.853264 	 0.921792 	 1
3 	 0.363388 	 0.905616 	 0.951052 	 1
3.1 	 0.340461 	 0.936164 	 0.967317 	 1
3.2 	 0.340365 	 0.93886 	 0.968735 	 1
3.3 	 0.365376 	 0.914267 	 0.955728 	 1
3.4 	 0.409064 	 0.868521 	 0.930587 	 1
3.5 	 0.461119 	 0.810929 	 0.896948 	 1
3.6 	 0.512038 	 0.751395 	 0.859295 	 1
3.7 	 0.554609 	 0.698449 	 0.822522 	 1
3.8 	 0.583852 	 0.658155 	 0.791531 	 1
3.9 	 0.59671 	 0.633959 	 0.770777 	 1
4 	 0.59179 	 0.62735 	 0.763736 	 1
4.1 	 0.569155 	 0.638941 	 0.772306 	 1
4.2 	 0.530114 	 0.669203 	 0.796252 	 1
4.3 	 0.477062 	 0.717993 	 0.832872 	 1
4.4 	 0.413429 	 0.782615 	 0.87708 	 1
4.5 	 0.343986 	 0.855471 	 0.922039 	 1
4.6 	 0.276026 	 0.923467 	 0.960306 	 1
4.7 	 0.22227 	 0.970905 	 0.98528 	 1
4.8 	 0.202499 	 0.985269 	 0.992597 	 1
4.9 	 0.228028 	 0.962749 	 0.981075 	 1
5 	 0.284994 	 0.909961 	 0.952946 	 1
5.1 	 0.354029 	 0.840722 	 0.913316 	 1
5.2 	 0.423034 	 0.770133 	 0.869003 	 1
5.3 	 0.484887 	 0.709627 	 0.827119 	 1
5.4 	 0.534867 	 0.665281 	 0.793779 	 1
5.5 	 0.569664 	 0.639029 	 0.773221 	 1
5.6 	 0.587149 	 0.630867 	 0.767472 	 1
5.7 	 0.586414 	 0.640373 	 0.776453 	 1
5.8 	 0.567916 	 0.666968 	 0.798335 	 1
5.9 	 0.533642 	 0.709238 	 0.829951 	 1
6 	 0.487303 	 0.763897 	 0.867153 	 1
6.1 	 0.434617 	 0.824916 	 0.905135 	 1
6.2 	 0.383657 	 0.883367 	 0.938802 	 1
6.3 	 0.34475 	 0.928457 	 0.963276 	 1
6.4 	 0.328124 	 0.950002 	 0.974561 	 1
6.5 	 0.338115 	 0.941809 	 0.970302 	 1
6.6 	 0.369641 	 0.904556 	 0.950452 	 1
6.7 	 0.412613 	 0.846386 	 0.917619 	 1
6.8 	 0.457804 	 0.780339 	 0.876903 	 1
6.9 	 0.49876 	 0.719672 	 0.835139 	 1
7 	 0.531382 	 0.673716 	 0.799647 	 1
7.1 	 0.553172 	 0.646632 	 0.776766 	 1
7.2 	 0.562734 	 0.639173 	 0.770523 	 1
7.3 	 0.559547 	 0.651228 	 0.781796 	 1
7.4 	 0.543995 	 0.682568 	 0.808188 	 1
7.5 	 0.517574 	 0.7312 	 0.844642 	 1
7.6 	 0.483285 	 0.791169 	 0.884601 	 1
7.7 	 0.446113 	 0.85225 	 0.921371 	 1
7.8 	 0.413337 	 0.902331 	 0.949332 	 1
7.9 	 0.393778 	 0.931182 	 0.964725 	 1
8 	 0.394734 	 0.933466 	 0.965932 	 1
8.1 	 0.417608 	 0.909734 	 0.953344 	 1
8.2 	 0.456862 	 0.865497 	 0.928999 	 1
8.3 	 0.503548 	 0.809285 	 0.896173 	 1
8.4 	 0.549037 	 0.750548 	 0.859041 	 1
8.5 	 0.586607 	 0.697865 	 0.822377 	 1
8.6 	 0.611655 	 0.657674 	 0.791219 	 1
8.7 	 0.621504 	 0.633777 	 0.770348 	 1
8.8 	 0.615161 	 0.627794 	 0.763587 	 1
8.9 	 0.593076 	 0.640328 	 0.772999 	 1
9 	 0.556933 	 0.67186 	 0.798197 	 1
9.1 	 0.509512 	 0.722177 	 0.836048 	 1
9.2 	 0.45472 	 0.788125 	 0.880935 	 1
9.3 	 0.397943 	 0.861208 	 0.925629 	 1
9.4 	 0.346802 	 0.927527 	 0.962612 	 1
9.5 	 0.311648 	 0.971405 	 0.985567 	 1
9.6 	 0.303117 	 0.981404 	 0.990649 	 1
9.7 	 0.324875 	 0.955253 	 0.977244 	 1
9.8 	 0.370031 	 0.900635 	 0.948 	 1
9.9 	 0.427229 	 0.831471 	 0.908168 	 1
10 	 0.486538 	 0.762229 	 0.86445 	 1
10.1 	 0.540633 	 0.703559 	 0.823674 	 1
10.2 	 0.584252 	 0.661035 	 0.79163 	 1
10.3 	 0.613718 	 0.636421 	 0.772308 	 1
10.4 	 0.626771 	 0.629733 	 0.767605 	 1
10.5 	 0.622567 	 0.640602 	 0.777418 	 1
10.6 	 0.601764 	 0.668484 	 0.799961 	 1
10.7 	 0.566638 	 0.711969 	 0.832113 	 1
10.8 	 0.521219 	 0.767713 	 0.869726 	 1
10.9 	 0.471447 	 0.829492 	 0.907906 	 1
11 	 0.425215 	 0.88799 	 0.941395 	 1
11.1 	 0.391696 	 0.93196 	 0.965145 	 1
11.2 	 0.378789 	 0.951005 	 0.975094 	 1
11.3 	 0.388959 	 0.939321 	 0.969016 	 1
11.4 	 0.417643 	 0.898594 	 0.947206 	 1
11.5 	 0.456574 	 0.838133 	 0.912744 	 1
11.6 	 0.497858 	 0.771627 	 0.871175 	 1
11.7 	 0.53561 	 0.712144 	 0.829591 	 1
11.8 	 0.565884 	 0.668289 	 0.795291 	 1
11.9 	 0.586182 	 0.643554 	 0.774326 	 1
12 	 0.595065 	 0.63843 	 0.770275 	 1
12.1 	 0.591982 	 0.65282 	 0.78357 	 1
12.2 	 0.577312 	 0.686452 	 0.811504 	 1
12.3 	 0.552583 	 0.737114 	 0.848917 	 1
12.4 	 0.520812 	 0.798614 	 0.889329 	 1
12.5 	 0.486855 	 0.860658 	 0.92623 	 1
12.6 	 0.457467 	 0.911253 	 0.95418 	 1
12.7 	 0.440366 	 0.940294 	 0.969524 	 1
12.8 	 0.441618 	 0.942424 	 0.970638 	 1
12.9 	 0.462388 	 0.918027 	 0.957811 	 1
13 	 0.49818 	 0.872466 	 0.932944 	 1
13.1 	 0.541371 	 0.814346 	 0.899228 	 1
13.2 	 0.584228 	 0.75348 	 0.860882 	 1
13.3 	 0.620501 	 0.698937 	 0.822883 	 1
13.4 	 0.645824 	 0.65749 	 0.790572 	 1
13.5 	 0.657636 	 0.632949 	 0.769012 	 1
13.6 	 0.654978 	 0.626712 	 0.762153 	 1
13.7 	 0.638277 	 0.63918 	 0.771932 	 1
13.8 	 0.609187 	 0.670725 	 0.797626 	 1
13.9 	 0.570504 	 0.720926 	 0.835673 	 1
14 	 0.526217 	 0.78614 	 0.880123 	 1
14.1 	 0.481684 	 0.857327 	 0.923659 	 1
14.2 	 0.443737 	 0.920533 	 0.958976 	 1
14.3 	 0.420055 	 0.960873 	 0.980189 	 1
14.4 	 0.4169 	 0.968213 	 0.983951 	 1
14.5 	 0.43583 	 0.941305 	 0.970021 	 1
14.6 	 0.472615 	 0.887966 	 0.94118 	 1
14.7 	 0.519663 	 0.821418 	 0.902556 	 1
14.8 	 0.569062 	 0.755172 	 0.860546 	 1
14.9 	 0.614114 	 0.699231 	 0.821623 	 1
15 	 0.649694 	 0.658989 	 0.791296 	 1
15.1 	 0.672248 	 0.636333 	 0.773413 	 1
15.2 	 0.679762 	 0.631454 	 0.769876 	 1
15.3 	 0.671775 	 0.644103 	 0.780681 	 1
15.4 	 0.64941 	 0.673791 	 0.804134 	 1
15.5 	 0.615401 	 0.719095 	 0.837118 	 1
15.6 	 0.574103 	 0.776479 	 0.875351 	 1
15.7 	 0.531406 	 0.839256 	 0.913692 	 1
15.8 	 0.494341 	 0.897426 	 0.946624 	 1
15.9 	 0.469936 	 0.939161 	 0.968953 	 1
16 	 0.463091 	 0.954079 	 0.976697 	 1
16.1 	 0.474444 	 0.937263 	 0.967961 	 1
16.2 	 0.500244 	 0.891911 	 0.943568 	 1
16.3 	 0.534442 	 0.828713 	 0.907171 	 1
16.4 	 0.570966 	 0.761858 	 0.864754 	 1
16.5 	 0.604857 	 0.703881 	 0.823561 	 1
16.6 	 0.632434 	 0.662353 	 0.790699 	 1
16.7 	 0.651121 	 0.639962 	 0.771745 	 1
16.8 	 0.659279 	 0.636907 	 0.769691 	 1
16.9 	 0.656163 	 0.65305 	 0.784472 	 1
17 	 0.642038 	 0.68798 	 0.813135 	 1
17.1 	 0.618407 	 0.739233 	 0.85057 	 1
17.2 	 0.588288 	 0.800556 	 0.890573 	 1
17.3 	 0.55641 	 0.861989 	 0.926983 	 1
17.4 	 0.529037 	 0.912081 	 0.954635 	 1
17.5 	 0.51292 	 0.941083 	 0.969964 	 1
17.6 	 0.513114 	 0.94355 	 0.97125 	 1
17.7 	 0.530596 	 0.919452 	 0.958574 	 1
17.8 	 0.561707 	 0.873767 	 0.933637 	 1
17.9 	 0.599949 	 0.815055 	 0.899558 	 1
18 	 0.638399 	 0.753443 	 0.860661 	 1
18.1 	 0.671243 	 0.698437 	 0.822174 	 1
18.2 	 0.694349 	 0.65708 	 0.789727 	 1
18.3 	 0.705306 	 0.63318 	 0.768592 	 1
18.4 	 0.703269 	 0.628004 	 0.762746 	 1
18.5 	 0.688764 	 0.641865 	 0.773937 	 1
18.6 	 0.663522 	 0.675078 	 0.80107 	 1
18.7 	 0.630387 	 0.726955 	 0.840139 	 1
18.8 	 0.593288 	 0.793207 	 0.884817 	 1
18.9 	 0.557225 	 0.863968 	 0.927618 	 1
19 	 0.528035 	 0.924867 	 0.961351 	 1
19.1 	 0.511566 	 0.961475 	 0.980509 	 1
19.2 	 0.512014 	 0.964889 	 0.982258 	 1
19.3 	 0.530135 	 0.935188 	 0.966836 	 1
19.4 	 0.562789 	 0.880877 	 0.937315 	 1
19.5 	 0.604248 	 0.81499 	 0.898853 	 1
19.6 	 0.648042 	 0.75032 	 0.857642 	 1
19.7 	 0.688248 	 0.696146 	 0.819827 	 1
19.8 	 0.72009 	 0.657455 	 0.790602 	 1
19.9 	 0.74017 	 0.636032 	 0.773622 	 1
20 	 0.746564 	 0.632125 	 0.770745 	 1
20.1 	 0.738873 	 0.645573 	 0.782023 	 1
20.2 	 0.71825 	 0.675957 	 0.80583 	 1
20.3 	 0.687396 	 0.721847 	 0.839053 	 1
20.4 	 0.650484 	 0.779561 	 0.87732 	 1
20.5 	 0.612939 	 0.842094 	 0.915357 	 1
20.6 	 0.580901 	 0.899075 	 0.947528 	 1
20.7 	 0.560151 	 0.938495 	 0.96861 	 1
20.8 	 0.554541 	 0.950229 	 0.974716 	 1
20.9 	 0.564633 	 0.930107 	 0.964193 	 1
21 	 0.587634 	 0.882294 	 0.938199 	 1
21.1 	 0.618677 	 0.818179 	 0.900746 	 1
21.2 	 0.652432 	 0.75202 	 0.858089 	 1
21.3 	 0.684136 	 0.695834 	 0.817568 	 1
21.4 	 0.709988 	 0.656519 	 0.786175 	 1
21.5 	 0.727203 	 0.636363 	 0.769189 	 1
21.6 	 0.734005 	 0.635534 	 0.769217 	 1
21.7 	 0.729678 	 0.653971 	 0.785836 	 1
21.8 	 0.714686 	 0.691166 	 0.815871 	 1
21.9 	 0.690851 	 0.744398 	 0.854171 	 1
22 	 0.661504 	 0.80722 	 0.89465 	 1
22.1 	 0.631456 	 0.869691 	 0.931316 	 1
22.2 	 0.60657 	 0.920446 	 0.959104 	 1
22.3 	 0.592604 	 0.949644 	 0.974419 	 1
22.4 	 0.593391 	 0.951538 	 0.975399 	 1
22.5 	 0.609244 	 0.925865 	 0.961981 	 1
22.6 	 0.636827 	 0.877771 	 0.935849 	 1
22.7 	 0.670585 	 0.816434 	 0.900283 	 1
22.8 	 0.704588 	 0.752751 	 0.859919 	 1
22.9 	 0.733782 	 0.696717 	 0.820342 	 1
23 	 0.754524 	 0.655362 	 0.787452 	 1
23.1 	 0.764673 	 0.632117 	 0.766603 	 1
23.2 	 0.763479 	 0.627842 	 0.761624 	 1
23.3 	 0.751431 	 0.642637 	 0.773938 	 1
23.4 	 0.730115 	 0.676715 	 0.802054 	 1
23.5 	 0.702115 	 0.729164 	 0.841622 	 1
23.6 	 0.670955 	 0.795276 	 0.886134 	 1
23.7 	 0.641008 	 0.864825 	 0.928127 	 1
23.8 	 0.617203 	 0.923505 	 0.960631 	 1
23.9 	 0.604287 	 0.957545 	 0.97849 	 1
24 	 0.6056 	 0.959034 	 0.979256 	 1
24.1 	 0.621839 	 0.92881 	 0.963472 	 1
24.2 	 0.650659 	 0.875467 	 0.934323 	 1
24.3 	 0.687419 	 0.811484 	 0.896851 	 1
24.4 	 0.726499 	 0.748884 	 0.856963 	 1
24.5 	 0.762454 	 0.696438 	 0.820467 	 1
24.6 	 0.790736 	 0.659029 	 0.792315 	 1
24.7 	 0.808084 	 0.638597 	 0.776092 	 1
24.8 	 0.812722 	 0.635584 	 0.773738 	 1
24.9 	 0.804447 	 0.649965 	 0.785458 	 1
25 	 0.784639 	 0.681397 	 0.809738 	 1
25.1 	 0.756185 	 0.728438 	 0.843447 	 1
25.2 	 0.723288 	 0.787199 	 0.882058 	 1
25.3 	 0.691084 	 0.850196 	 0.920041 	 1
25.4 	 0.664955 	 0.906401 	 0.951516 	 1
25.5 	 0.649495 	 0.943333 	 0.971141 	 1
25.6 	 0.647348 	 0.95101 	 0.975122 	 1
25.7 	 0.658484 	 0.926175 	 0.962116 	 1
25.8 	 0.680398 	 0.874341 	 0.933738 	 1
25.9 	 0.709063 	 0.807998 	 0.894485 	 1
26 	 0.740014 	 0.741699 	 0.850988 	 1
26.1 	 0.769089 	 0.686936 	 0.810742 	 1
26.2 	 0.792804 	 0.649747 	 0.780614 	 1
26.3 	 0.808507 	 0.631789 	 0.765511 	 1
26.4 	 0.814479 	 0.633003 	 0.767532 	 1
26.5 	 0.810049 	 0.653265 	 0.785778 	 1
26.6 	 0.795747 	 0.691877 	 0.816776 	 1
26.7 	 0.773453 	 0.74581 	 0.855322 	 1
26.8 	 0.746455 	 0.808444 	 0.895477 	 1
26.9 	 0.719305 	 0.869984 	 0.931505 	 1
27 	 0.697255 	 0.91947 	 0.958591 	 1
27.1 	 0.685168 	 0.94748 	 0.973302 	 1
27.2 	 0.686074 	 0.948513 	 0.973838 	 1
27.3 	 0.700065 	 0.922355 	 0.960126 	 1
27.4 	 0.724287 	 0.874138 	 0.933827 	 1
27.5 	 0.754017 	 0.81307 	 0.898252 	 1
27.6 	 0.784085 	 0.750104 	 0.858122 	 1
27.7 	 0.809958 	 0.695212 	 0.819126 	 1
27.8 	 0.828292 	 0.655278 	 0.787216 	 1
27.9 	 0.837098 	 0.633564 	 0.767694 	 1
28 	 0.835686 	 0.630871 	 0.764227 	 1
28.1 	 0.824541 	 0.647347 	 0.777994 	 1
28.2 	 0.805185 	 0.68318 	 0.807231 	 1
28.3 	 0.780071 	 0.73716 	 0.847347 	 1
28.4 	 0.752499 	 0.803998 	 0.891678 	 1
28.5 	 0.726457 	 0.872881 	 0.932752 	 1
28.6 	 0.706288 	 0.929332 	 0.963745 	 1
28.7 	 0.696005 	 0.960038 	 0.979776 	 1
28.8 	 0.698311 	 0.957988 	 0.978722 	 1
28.9 	 0.713682 	 0.924909 	 0.961408 	 1
29 	 0.740067 	 0.869889 	 0.931201 	 1
29.1 	 0.773417 	 0.805424 	 0.893204 	 1
29.2 	 0.808707 	 0.743255 	 0.853284 	 1
29.3 	 0.84095 	 0.6918 	 0.817161 	 1
29.4 	 0.865924 	 0.655676 	 0.789687 	 1
29.5 	 0.880619 	 0.636678 	 0.774378 	 1
29.6 	 0.883476 	 0.635198 	 0.773134 	 1
29.7 	 0.874484 	 0.651218 	 0.786108 	 1
29.8 	 0.855175 	 0.684384 	 0.811665 	 1
29.9 	 0.828496 	 0.733117 	 0.846461 	 1
30 	 0.798543 	 0.793161 	 0.885702 	 1
30.1 	 0.770095 	 0.856472 	 0.923633 	 1
30.2 	 0.747906 	 0.911534 	 0.954288 	 1
30.3 	 0.735803 	 0.945834 	 0.972444 	 1
30.4 	 0.7358 	 0.950038 	 0.974624 	 1
30.5 	 0.747649 	 0.922023 	 0.959913 	 1
30.6 	 0.769064 	 0.868338 	 0.930353 	 1
30.7 	 0.796467 	 0.801858 	 0.890728 	 1
30.8 	 0.825829 	 0.736753 	 0.847729 	 1
30.9 	 0.853297 	 0.683751 	 0.808666 	 1
31 	 0.875571 	 0.648281 	 0.78005 	 1
31.1 	 0.890113 	 0.631776 	 0.766378 	 1
31.2 	 0.895303 	 0.634183 	 0.769422 	 1
31.3 	 0.890592 	 0.655348 	 0.78813 	 1
31.4 	 0.876651 	 0.694448 	 0.819069 	 1
31.5 	 0.855466 	 0.748388 	 0.857228 	 1
31.6 	 0.830311 	 0.810706 	 0.896924 	 1
31.7 	 0.805487 	 0.871909 	 0.932616 	 1
31.8 	 0.785716 	 0.921218 	 0.959534 	 1
31.9 	 0.775148 	 0.949062 	 0.974124 	 1
32 	 0.776205 	 0.949539 	 0.974371 	 1
32.1 	 0.788809 	 0.922134 	 0.960018 	 1
32.2 	 0.810439 	 0.8721 	 0.932694 	 1
32.3 	 0.837006 	 0.809203 	 0.895867 	 1
32.4 	 0.863983 	 0.745067 	 0.854581 	 1
32.5 	 0.887324 	 0.690024 	 0.814894 	 1
32.6 	 0.903981 	 0.650843 	 0.783042 	 1
32.7 	 0.91209 	 0.630385 	 0.764404 	 1
32.8 	 0.91096 	 0.629129 	 0.762452 	 1
32.9 	 0.900977 	 0.647129 	 0.77795 	 1
33 	 0.883497 	 0.684493 	 0.808617 	 1
33.1 	 0.860749 	 0.739623 	 0.84943 	 1
33.2 	 0.835755 	 0.806559 	 0.893521 	 1
33.3 	 0.812169 	 0.874 	 0.933504 	 1
33.4 	 0.79394 	 0.927671 	 0.962899 	 1
33.5 	 0.78467 	 0.955237 	 0.977309 	 1
33.6 	 0.786744 	 0.950941 	 0.975091 	 1
33.7 	 0.800551 	 0.917347 	 0.957402 	 1
33.8 	 0.824218 	 0.863554 	 0.9277 	 1
33.9 	 0.854039 	 0.801377 	 0.89092 	 1
34 	 0.885366 	 0.741689 	 0.852575 	 1
34.1 	 0.913544 	 0.692326 	 0.817989 	 1
34.2 	 0.934651 	 0.657756 	 0.791728 	 1
34.3 	 0.945967 	 0.639922 	 0.77722 	 1
34.4 	 0.946227 	 0.639431 	 0.77648 	 1
34.5 	 0.935698 	 0.656445 	 0.789871 	 1
34.6 	 0.91611 	 0.690752 	 0.815939 	 1
34.7 	 0.890463 	 0.740848 	 0.851366 	 1
34.8 	 0.86269 	 0.802328 	 0.891187 	 1
34.9 	 0.837162 	 0.866619 	 0.929341 	 1
35 	 0.818028 	 0.921419 	 0.959564 	 1
35.1 	 0.808463 	 0.953645 	 0.976489 	 1
35.2 	 0.810031 	 0.954144 	 0.976746 	 1
35.3 	 0.822398 	 0.921803 	 0.959765 	 1
35.4 	 0.843538 	 0.864498 	 0.928056 	 1
35.5 	 0.870284 	 0.795982 	 0.886837 	 1
35.6 	 0.898961 	 0.730475 	 0.843071 	 1
35.7 	 0.925921 	 0.678134 	 0.804109 	 1
35.8 	 0.947919 	 0.643724 	 0.776277 	 1
35.9 	 0.962386 	 0.628297 	 0.763743 	 1
36 	 0.967655 	 0.631696 	 0.767912 	 1
36.1 	 0.963154 	 0.653708 	 0.787436 	 1
36.2 	 0.94957 	 0.69335 	 0.818731 	 1
36.3 	 0.92892 	 0.747329 	 0.856798 	 1
36.4 	 0.904474 	 0.809132 	 0.896098 	 1
36.5 	 0.880433 	 0.869474 	 0.931294 	 1
36.6 	 0.861278 	 0.917954 	 0.957806 	 1
36.7 	 0.850814 	 0.945329 	 0.972188 	 1
36.8 	 0.851154 	 0.945791 	 0.972427 	 1
36.9 	 0.862089 	 0.918682 	 0.958191 	 1
37 	 0.881216 	 0.869062 	 0.931021 	 1
37.1 	 0.904729 	 0.806653 	 0.894369 	 1
37.2 	 0.928448 	 0.743196 	 0.853356 	 1
37.3 	 0.948655 	 0.689134 	 0.814182 	 1
37.4 	 0.962582 	 0.651195 	 0.783193 	 1
37.5 	 0.968585 	 0.632106 	 0.765757 	 1
37.6 	 0.966139 	 0.632267 	 0.765182 	 1
37.7 	 0.955728 	 0.65173 	 0.78194 	 1
37.8 	 0.938742 	 0.690489 	 0.813432 	 1
37.9 	 0.917369 	 0.746544 	 0.854383 	 1
38 	 0.894488 	 0.813338 	 0.89783 	 1
38.1 	 0.873494 	 0.879144 	 0.936465 	 1
38.2 	 0.857944 	 0.929793 	 0.964042 	 1
38.3 	 0.850972 	 0.953636 	 0.976484 	 1
38.4 	 0.854532 	 0.945871 	 0.972467 	 1
38.5 	 0.868759 	 0.909834 	 0.953385 	 1
38.6 	 0.891776 	 0.854925 	 0.922816 	 1
38.7 	 0.920082 	 0.792812 	 0.885694 	 1
38.8 	 0.94933 	 0.733992 	 0.847458 	 1
38.9 	 0.975179 	 0.685925 	 0.813332 	 1
39 	 0.993984 	 0.652843 	 0.787817 	 1
39.1 	 1.00325 	 0.636596 	 0.774323 	 1
39.2 	 1.00189 	 0.637815 	 0.774866 	 1
39.3 	 0.990275 	 0.656749 	 0.789784 	 1
39.4 	 0.970164 	 0.693259 	 0.817501 	 1
39.5 	 0.944511 	 0.745751 	 0.854469 	 1
39.6 	 0.91712 	 0.809426 	 0.895423 	 1
39.7 	 0.892169 	 0.875039 	 0.934036 	 1
39.8 	 0.873582 	 0.92965 	 0.963914 	 1
39.9 	 0.86433 	 0.960042 	 0.979779 	 1
40 	 0.865835 	 0.957661 	 0.978553 	 1
40.1 	 0.877706 	 0.922476 	 0.96008 	 1
40.2 	 0.897913 	 0.863316 	 0.927268 	 1
40.3 	 0.923301 	 0.794272 	 0.885598 	 1
40.4 	 0.950205 	 0.729278 	 0.842084 	 1
40.5 	 0.974993 	 0.677962 	 0.80393 	 1
40.6 	 0.994471 	 0.644708 	 0.777186 	 1
40.7 	 1.00619 	 0.630436 	 0.765727 	 1
40.8 	 1.00867 	 0.634954 	 0.770738 	 1
40.9 	 1.00157 	 0.657976 	 0.790772 	 1
41 	 0.985853 	 0.698392 	 0.822256 	 1
41.1 	 0.963744 	 0.752814 	 0.860271 	 1
41.2 	 0.938636 	 0.81471 	 0.899359 	 1
41.3 	 0.914698 	 0.874794 	 0.934225 	 1
41.4 	 0.896202 	 0.92261 	 0.960269 	 1
41.5 	 0.8866 	 0.948782 	 0.973977 	 1
41.6 	 0.887627 	 0.947408 	 0.973265 	 1
41.7 	 0.898825 	 0.917956 	 0.957793 	 1
41.8 	 0.917762 	 0.865939 	 0.929212 	 1
41.9 	 0.940797 	 0.801724 	 0.891214 	 1
42 	 0.964008 	 0.73755 	 0.849239 	 1
42.1 	 0.983927 	 0.683905 	 0.809785 	 1
42.2 	 0.997953 	 0.647127 	 0.779343 	 1
42.3 	 1.0045 	 0.629459 	 0.763198 	 1
42.4 	 1.00299 	 0.631074 	 0.764332 	 1
42.5 	 0.993776 	 0.652032 	 0.782748 	 1
42.6 	 0.978093 	 0.692228 	 0.815382 	 1
42.7 	 0.957992 	 0.749209 	 0.856664 	 1
42.8 	 0.936263 	 0.81582 	 0.899596 	 1
42.9 	 0.916261 	 0.880112 	 0.937098 	 1
43 	 0.90151 	 0.928383 	 0.963312 	 1
43.1 	 0.895071 	 0.94991 	 0.974557 	 1
43.2 	 0.898766 	 0.940705 	 0.969779 	 1
43.3 	 0.912559 	 0.904371 	 0.950456 	 1
43.4 	 0.934422 	 0.850042 	 0.920076 	 1
43.5 	 0.96078 	 0.788915 	 0.883397 	 1
43.6 	 0.987326 	 0.731128 	 0.845681 	 1
43.7 	 1.00988 	 0.684033 	 0.81206 	 1
43.8 	 1.02505 	 0.651925 	 0.787051 	 1
43.9 	 1.03065 	 0.636762 	 0.774166 	 1
44 	 1.02591 	 0.639258 	 0.775534 	 1
44.1 	 1.01146 	 0.65971 	 0.791526 	 1
44.2 	 0.98926 	 0.697972 	 0.820454 	 1
44.3 	 0.962324 	 0.752287 	 0.858515 	 1
44.4 	 0.934393 	 0.8174 	 0.900114 	 1
44.5 	 0.909449 	 0.883356 	 0.938636 	 1
44.6 	 0.89114 	 0.936596 	 0.967565 	 1
44.7 	 0.882155 	 0.963869 	 0.981739 	 1
44.8 	 0.883714 	 0.957421 	 0.978425 	 1
44.9 	 0.895349 	 0.918542 	 0.957947 	 1
45 	 0.915061 	 0.857181 	 0.923681 	 1
45.1 	 0.939773 	 0.787761 	 0.881405 	 1
45.2 	 0.965898 	 0.723747 	 0.838175 	 1
45.3 	 0.989845 	 0.673985 	 0.800983 	 1
45.4 	 1.00843 	 0.642285 	 0.775523 	 1
45.5 	 1.01921 	 0.629352 	 0.765299 	 1
45.6 	 1.02069 	 0.634979 	 0.771233 	 1
45.7 	 1.01257 	 0.658858 	 0.791778 	 1
45.8 	 0.995891 	 0.69983 	 0.823422 	 1
45.9 	 0.972975 	 0.754526 	 0.861403 	 1
46 	 0.947327 	 0.816541 	 0.900423 	 1
46.1 	 0.923179 	 0.876738 	 0.935278 	 1
46.2 	 0.904785 	 0.924665 	 0.961345 	 1
46.3 	 0.895476 	 0.950775 	 0.975006 	 1
46.4 	 0.896799 	 0.948953 	 0.974063 	 1
46.5 	 0.908106 	 0.918637 	 0.958132 	 1
46.6 	 0.926849 	 0.865607 	 0.928941 	 1
46.7 	 0.949375 	 0.80069 	 0.890375 	 1
46.8 	 0.971832 	 0.736495 	 0.848137 	 1
46.9 	 0.990851 	 0.683572 	 0.808954 	 1
47 	 1.00392 	 0.64803 	 0.779428 	 1
47.1 	 1.00953 	 0.631843 	 0.76474 	 1
47.2 	 1.00714 	 0.635072 	 0.76756 	 1
47.3 	 0.997154 	 0.657727 	 0.787439 	 1
47.4 	 0.980849 	 0.699419 	 0.820877 	 1
47.5 	 0.96034 	 0.757071 	 0.862035 	 1
47.6 	 0.938489 	 0.822866 	 0.903907 	 1
47.7 	 0.918693 	 0.88468 	 0.93966 	 1
47.8 	 0.904445 	 0.929357 	 0.963831 	 1
47.9 	 0.898649 	 0.947171 	 0.973139 	 1
48 	 0.902841 	 0.935015 	 0.966808 	 1
48.1 	 0.916647 	 0.896873 	 0.946413 	 1
48.2 	 0.937776 	 0.841782 	 0.91538 	 1
48.3 	 0.962558 	 0.780649 	 0.878347 	 1
48.4 	 0.986777 	 0.723386 	 0.840497 	 1
48.5 	 1.00649 	 0.677233 	 0.806984 	 1
48.6 	 1.0186 	 0.646404 	 0.782422 	 1
48.7 	 1.02126 	 0.63276 	 0.770416 	 1
48.8 	 1.01396 	 0.636945 	 0.773104 	 1
48.9 	 0.997535 	 0.659262 	 0.790735 	 1
49 	 0.974041 	 0.699593 	 0.821375 	 1
49.1 	 0.946492 	 0.756041 	 0.860903 	 1
49.2 	 0.918551 	 0.82289 	 0.903407 	 1
49.3 	 0.89409 	 0.889495 	 0.942053 	 1
49.4 	 0.876637 	 0.941772 	 0.970285 	 1
49.5 	 0.868778 	 0.966571 	 0.983122 	 1
49.6 	 0.871643 	 0.956987 	 0.9782 	 1
49.7 	 0.884668 	 0.915496 	 0.956294 	 1
49.8 	 0.905735 	 0.8529 	 0.921179 	 1
49.9 	 0.931617 	 0.783728 	 0.878852 	 1
50 	 0.958557 	 0.720932 	 0.836348 	 1
50.1 	 0.982807 	 0.672718 	 0.800417 	 1
50.2 	 1.00109 	 0.642511 	 0.776382 	 1
50.3 	 1.01092 	 0.630928 	 0.767387 	 1
50.4 	 1.0109 	 0.637751 	 0.774126 	 1
50.5 	 1.0009 	 0.662595 	 0.795011 	 1
50.6 	 0.982148 	 0.70419 	 0.826635 	 1
50.7 	 0.957252 	 0.759122 	 0.864384 	 1
50.8 	 0.929947 	 0.821 	 0.903056 	 1
50.9 	 0.904629 	 0.880649 	 0.937438 	 1
51 	 0.885576 	 0.927459 	 0.962822 	 1
51.1 	 0.875985 	 0.951711 	 0.975491 	 1
51.2 	 0.877148 	 0.947317 	 0.973217 	 1
51.3 	 0.888155 	 0.91413 	 0.955719 	 1
51.4 	 0.906284 	 0.858678 	 0.92497 	 1
51.5 	 0.927849 	 0.792536 	 0.885204 	 1
51.6 	 0.949085 	 0.728643 	 0.842475 	 1
51.7 	 0.966765 	 0.677283 	 0.803736 	 1
51.8 	 0.978518 	 0.643958 	 0.775598 	 1
51.9 	 0.98291 	 0.630146 	 0.763012 	 1
52 	 0.979427 	 0.635775 	 0.768224 	 1
52.1 	 0.968438 	 0.6609 	 0.790284 	 1
52.2 	 0.951192 	 0.704958 	 0.825244 	 1
52.3 	 0.929812 	 0.764308 	 0.867001 	 1
52.4 	 0.907246 	 0.830501 	 0.908547 	 1
52.5 	 0.887036 	 0.891223 	 0.943296 	 1
52.6 	 0.872836 	 0.933805 	 0.966174 	 1
52.7 	 0.86764 	 0.949377 	 0.974281 	 1
52.8 	 0.872932 	 0.935519 	 0.967075 	 1
52.9 	 0.888132 	 0.896411 	 0.94617 	 1
53 	 0.910652 	 0.840887 	 0.914891 	 1
53.1 	 0.93655 	 0.779571 	 0.877726 	 1
53.2 	 0.961446 	 0.722231 	 0.839761 	 1
53.3 	 0.981352 	 0.676115 	 0.806149 	 1
53.4 	 0.993247 	 0.645491 	 0.781586 	 1
53.5 	 0.995378 	 0.632233 	 0.769781 	 1
53.6 	 0.987371 	 0.63696 	 0.772918 	 1
53.7 	 0.970181 	 0.659948 	 0.791172 	 1
53.8 	 0.945955 	 0.701006 	 0.822422 	 1
53.9 	 0.917787 	 0.758014 	 0.862298 	 1
54 	 0.889401 	 0.824857 	 0.904684 	 1
54.1 	 0.864717 	 0.890467 	 0.94265 	 1
54.2 	 0.847298 	 0.94062 	 0.969703 	 1
54.3 	 0.839727 	 0.96253 	 0.981057 	 1
54.4 	 0.843064 	 0.950094 	 0.974646 	 1
54.5 	 0.856601 	 0.906669 	 0.951567 	 1
54.6 	 0.878027 	 0.843574 	 0.915859 	 1
54.7 	 0.903932 	 0.775261 	 0.873654 	 1
54.8 	 0.93042 	 0.714165 	 0.831936 	 1
54.9 	 0.95368 	 0.667914 	 0.797252 	 1
55 	 0.97043 	 0.639584 	 0.774636 	 1
55.1 	 0.978269 	 0.629691 	 0.766964 	 1
55.2 	 0.975936 	 0.638014 	 0.774761 	 1
55.3 	 0.963497 	 0.664145 	 0.796391 	 1
55.4 	 0.942429 	 0.706781 	 0.828497 	 1
55.5 	 0.915567 	 0.762505 	 0.866541 	 1
55.6 	 0.886851 	 0.824909 	 0.905352 	 1
55.7 	 0.860806 	 0.884684 	 0.939667 	 1
55.8 	 0.841731 	 0.930972 	 0.964677 	 1
55.9 	 0.832719 	 0.953861 	 0.976601 	 1
56 	 0.834855 	 0.947421 	 0.973273 	 1
56.1 	 0.846996 	 0.91211 	 0.954628 	 1
56.2 	 0.866251 	 0.855265 	 0.922969 	 1
56.3 	 0.888866 	 0.789003 	 0.882858 	 1
56.4 	 0.911082 	 0.72622 	 0.840555 	 1
56.5 	 0.929686 	 0.676673 	 0.803019 	 1
56.6 	 0.942283 	 0.645275 	 0.776632 	 1
56.7 	 0.947364 	 0.633213 	 0.765937 	 1
56.8 	 0.944305 	 0.640398 	 0.772704 	 1
56.9 	 0.933376 	 0.666823 	 0.795589 	 1
57 	 0.915778 	 0.711581 	 0.830464 	 1
57.1 	 0.893672 	 0.770576 	 0.871309 	 1
57.2 	 0.870137 	 0.835209 	 0.91142 	 1
57.3 	 0.848924 	 0.893558 	 0.944603 	 1
57.4 	 0.833902 	 0.933692 	 0.966119 	 1
57.5 	 0.828199 	 0.947359 	 0.973239 	 1
57.6 	 0.833285 	 0.932312 	 0.965397 	 1
57.7 	 0.848421 	 0.8925 	 0.944043 	 1
57.8 	 0.870795 	 0.836443 	 0.912303 	 1
57.9 	 0.896288 	 0.774656 	 0.874558 	 1
58 	 0.920441 	 0.717074 	 0.835961 	 1
58.1 	 0.939301 	 0.671185 	 0.801901 	 1
58.2 	 0.94995 	 0.641355 	 0.777383 	 1
58.3 	 0.950774 	 0.629385 	 0.76635 	 1
58.4 	 0.94152 	 0.635802 	 0.771005 	 1
58.5 	 0.92323 	 0.660887 	 0.79129 	 1
58.6 	 0.898089 	 0.704419 	 0.824633 	 1
58.7 	 0.869214 	 0.763919 	 0.866139 	 1
58.8 	 0.840363 	 0.832452 	 0.909249 	 1
58.9 	 0.815538 	 0.898018 	 0.946835 	 1
59 	 0.798434 	 0.946009 	 0.972523 	 1
59.1 	 0.791771 	 0.964273 	 0.981949 	 1
59.2 	 0.796679 	 0.948151 	 0.973637 	 1
59.3 	 0.812376 	 0.902439 	 0.949266 	 1
59.4 	 0.836331 	 0.839071 	 0.913248 	 1
59.5 	 0.864816 	 0.7721 	 0.87177 	 1
59.6 	 0.89361 	 0.713021 	 0.831543 	 1
59.7 	 0.918633 	 0.668646 	 0.79861 	 1
59.8 	 0.936449 	 0.641686 	 0.777456 	 1
59.9 	 0.944619 	 0.632613 	 0.770546 	 1
60 	 0.941955 	 0.641212 	 0.778273 	 1
60.1 	 0.928675 	 0.667043 	 0.799163 	 1
60.2 	 0.906447 	 0.708847 	 0.830211 	 1
60.3 	 0.878298 	 0.76344 	 0.867238 	 1
60.4 	 0.848328 	 0.824743 	 0.905287 	 1
60.5 	 0.82117 	 0.883605 	 0.939084 	 1
60.6 	 0.801172 	 0.928977 	 0.963628 	 1
60.7 	 0.791432 	 0.950541 	 0.974886 	 1
60.8 	 0.793014 	 0.942131 	 0.970524 	 1
60.9 	 0.804749 	 0.904484 	 0.950503 	 1
61 	 0.823735 	 0.845693 	 0.917375 	 1
61.1 	 0.846213 	 0.778656 	 0.8761 	 1
61.2 	 0.868393 	 0.716563 	 0.833349 	 1
61.3 	 0.886992 	 0.668854 	 0.796358 	 1
61.4 	 0.899481 	 0.63987 	 0.771548 	 1
61.5 	 0.90418 	 0.630449 	 0.763243 	 1
61.6 	 0.900304 	 0.640525 	 0.7728 	 1
61.7 	 0.888024 	 0.670189 	 0.798372 	 1
61.8 	 0.868561 	 0.718304 	 0.83537 	 1
61.9 	 0.844263 	 0.780118 	 0.877468 	 1
62 	 0.818572 	 0.846267 	 0.91787 	 1
62.1 	 0.795743 	 0.904448 	 0.950516 	 1
62.2 	 0.780175 	 0.94298 	 0.970966 	 1
62.3 	 0.775346 	 0.954321 	 0.976832 	 1
62.4 	 0.782701 	 0.936969 	 0.967831 	 1
62.5 	 0.801058 	 0.895319 	 0.945562 	 1
62.6 	 0.82694 	 0.837983 	 0.91317 	 1
62.7 	 0.855597 	 0.775383 	 0.87498 	 1
62.8 	 0.882168 	 0.717354 	 0.83608 	 1
62.9 	 0.902547 	 0.671334 	 0.801834 	 1
63 	 0.91387 	 0.641644 	 0.777265 	 1
63.1 	 0.914699 	 0.629994 	 0.766345 	 1
63.2 	 0.905006 	 0.636803 	 0.771276 	 1
63.3 	 0.886053 	 0.662272 	 0.791924 	 1
63.4 	 0.860208 	 0.70612 	 0.825582 	 1
63.5 	 0.830711 	 0.765733 	 0.867198 	 1
63.6 	 0.801401 	 0.833956 	 0.9101 	 1
63.7 	 0.776332 	 0.8986 	 0.947146 	 1
63.8 	 0.759238 	 0.94511 	 0.972054 	 1
63.9 	 0.752869 	 0.961701 	 0.980632 	 1
64 	 0.758328 	 0.944237 	 0.9716 	 1
64.1 	 0.774744 	 0.8979 	 0.946785 	 1
64.2 	 0.799433 	 0.834676 	 0.91067 	 1
64.3 	 0.828494 	 0.768384 	 0.869414 	 1
64.4 	 0.857555 	 0.710199 	 0.829639 	 1
64.5 	 0.882449 	 0.666722 	 0.79728 	 1
64.6 	 0.899717 	 0.64061 	 0.776745 	 1
64.7 	 0.906966 	 0.632384 	 0.770482 	 1
64.8 	 0.903099 	 0.641915 	 0.778897 	 1
64.9 	 0.888457 	 0.668828 	 0.800527 	 1
65 	 0.864846 	 0.711863 	 0.832315 	 1
65.1 	 0.835445 	 0.767683 	 0.869956 	 1
65.2 	 0.804524 	 0.82984 	 0.908301 	 1
65.3 	 0.776905 	 0.888658 	 0.941877 	 1
65.4 	 0.757112 	 0.932642 	 0.965559 	 1
65.5 	 0.748346 	 0.951445 	 0.975353 	 1
65.6 	 0.751629 	 0.939526 	 0.969163 	 1
65.7 	 0.7656 	 0.898749 	 0.947368 	 1
65.8 	 0.787071 	 0.838286 	 0.912998 	 1
65.9 	 0.811983 	 0.771461 	 0.871405 	 1
66 	 0.836284 	 0.711063 	 0.82941 	 1
66.1 	 0.856483 	 0.665706 	 0.794089 	 1
66.2 	 0.869902 	 0.639077 	 0.771435 	 1
66.3 	 0.874783 	 0.63179 	 0.765217 	 1
66.4 	 0.870342 	 0.643751 	 0.776291 	 1
66.5 	 0.856843 	 0.674858 	 0.80252 	 1
66.6 	 0.835684 	 0.723576 	 0.839294 	 1
66.7 	 0.80946 	 0.784867 	 0.880511 	 1
66.8 	 0.781893 	 0.849516 	 0.919725 	 1
66.9 	 0.757499 	 0.905771 	 0.951212 	 1
67 	 0.740855 	 0.942552 	 0.97074 	 1
67.1 	 0.735469 	 0.952628 	 0.975963 	 1
67.2 	 0.742629 	 0.934437 	 0.966496 	 1
67.3 	 0.760887 	 0.892146 	 0.943783 	 1
67.4 	 0.786516 	 0.834238 	 0.910859 	 1
67.5 	 0.814654 	 0.771241 	 0.872051 	 1
67.6 	 0.84048 	 0.713237 	 0.8326 	 1
67.7 	 0.860027 	 0.667845 	 0.798133 	 1
67.8 	 0.870588 	 0.639357 	 0.773957 	 1
67.9 	 0.870835 	 0.629324 	 0.764213 	 1
68 	 0.860773 	 0.638086 	 0.771044 	 1
68.1 	 0.841616 	 0.665911 	 0.793988 	 1
68.2 	 0.815637 	 0.712481 	 0.829815 	 1
68.3 	 0.786 	 0.774687 	 0.872917 	 1
68.4 	 0.756567 	 0.844398 	 0.916235 	 1
68.5 	 0.731586 	 0.908524 	 0.952548 	 1
68.6 	 0.715153 	 0.95242 	 0.975846 	 1
68.7 	 0.710397 	 0.965282 	 0.982464 	 1
68.8 	 0.718591 	 0.944477 	 0.971715 	 1
68.9 	 0.738643 	 0.896296 	 0.945885 	 1
69 	 0.767305 	 0.832884 	 0.909632 	 1
69.1 	 0.799982 	 0.767449 	 0.86898 	 1
69.2 	 0.83171 	 0.710393 	 0.830194 	 1
69.3 	 0.857963 	 0.66784 	 0.798787 	 1
69.4 	 0.875192 	 0.642329 	 0.778843 	 1
69.5 	 0.881162 	 0.634411 	 0.772666 	 1
69.6 	 0.875124 	 0.643963 	 0.780724 	 1
69.7 	 0.857883 	 0.670588 	 0.801749 	 1
69.8 	 0.831743 	 0.713064 	 0.832913 	 1
69.9 	 0.800332 	 0.768182 	 0.870056 	 1
70 	 0.768238 	 0.82959 	 0.908024 	 1
70.1 	 0.740398 	 0.887516 	 0.941196 	 1
70.2 	 0.721208 	 0.930162 	 0.964239 	 1
70.3 	 0.713506 	 0.946942 	 0.973017 	 1
70.4 	 0.717856 	 0.932506 	 0.965475 	 1
70.5 	 0.732522 	 0.889446 	 0.942239 	 1
70.6 	 0.754158 	 0.827856 	 0.906743 	 1
70.7 	 0.778768 	 0.761585 	 0.864759 	 1
70.8 	 0.802475 	 0.703228 	 0.823394 	 1
70.9 	 0.821964 	 0.660701 	 0.789753 	 1
71 	 0.834673 	 0.637044 	 0.76957 	 1
71.1 	 0.838873 	 0.63264 	 0.766138 	 1
71.2 	 0.833744 	 0.647445 	 0.779768 	 1
71.3 	 0.819484 	 0.681293 	 0.807873 	 1
71.4 	 0.797444 	 0.732262 	 0.845605 	 1
71.5 	 0.770242 	 0.794772 	 0.88686 	 1
71.6 	 0.741742 	 0.859268 	 0.925374 	 1
71.7 	 0.716728 	 0.914072 	 0.95569 	 1
71.8 	 0.700098 	 0.948532 	 0.973839 	 1
71.9 	 0.695576 	 0.955961 	 0.977671 	 1
72 	 0.704403 	 0.935227 	 0.966903 	 1
72.1 	 0.724799 	 0.890727 	 0.942996 	 1
72.2 	 0.752582 	 0.83104 	 0.908963 	 1
72.3 	 0.782496 	 0.766767 	 0.869128 	 1
72.4 	 0.809489 	 0.708086 	 0.828798 	 1
72.5 	 0.829524 	 0.662667 	 0.793738 	 1
72.6 	 0.839945 	 0.634719 	 0.769426 	 1
72.7 	 0.839536 	 0.625601 	 0.760122 	 1
72.8 	 0.828441 	 0.6355 	 0.767963 	 1
72.9 	 0.808 	 0.664665 	 0.792307 	 1
73 	 0.780603 	 0.712774 	 0.829598 	 1
73.1 	 0.74954 	 0.776474 	 0.873851 	 1
73.2 	 0.71884 	 0.847102 	 0.917715 	 1
73.3 	 0.692979 	 0.91106 	 0.95388 	 1
73.4 	 0.676303 	 0.953677 	 0.976483 	 1
73.5 	 0.672103 	 0.96472 	 0.982172 	 1
73.6 	 0.6816 	 0.942382 	 0.970603 	 1
73.7 	 0.703414 	 0.893516 	 0.944318 	 1
73.8 	 0.733886 	 0.83035 	 0.908076 	 1
73.9 	 0.768063 	 0.765819 	 0.867861 	 1
74 	 0.800779 	 0.709969 	 0.829814 	 1
74.1 	 0.827477 	 0.668676 	 0.799309 	 1
74.2 	 0.844706 	 0.644366 	 0.780305 	 1
74.3 	 0.850393 	 0.637576 	 0.775032 	 1
74.4 	 0.843964 	 0.648215 	 0.783906 	 1
74.5 	 0.826368 	 0.675906 	 0.80561 	 1
74.6 	 0.800012 	 0.719369 	 0.83724 	 1
74.7 	 0.768578 	 0.775198 	 0.874531 	 1
74.8 	 0.736678 	 0.8367 	 0.912222 	 1
74.9 	 0.709262 	 0.893728 	 0.944623 	 1
75 	 0.690752 	 0.934303 	 0.966418 	 1
75.1 	 0.684032 	 0.948081 	 0.973605 	 1
75.2 	 0.689701 	 0.930431 	 0.964375 	 1
75.3 	 0.706012 	 0.884895 	 0.93969 	 1
75.4 	 0.729536 	 0.822255 	 0.903312 	 1
75.5 	 0.756121 	 0.756403 	 0.861233 	 1
75.6 	 0.781693 	 0.69938 	 0.820566 	 1
75.7 	 0.802717 	 0.65841 	 0.788193 	 1
75.8 	 0.816425 	 0.636143 	 0.769465 	 1
75.9 	 0.820931 	 0.632916 	 0.767268 	 1
76 	 0.815345 	 0.648701 	 0.78162 	 1
76.1 	 0.799914 	 0.683175 	 0.809834 	 1
76.2 	 0.776166 	 0.734163 	 0.847155 	 1
76.3 	 0.747007 	 0.795991 	 0.887688 	 1
76.4 	 0.716661 	 0.859292 	 0.925392 	 1
76.5 	 0.690266 	 0.912716 	 0.954957 	 1
76.6 	 0.672954 	 0.945821 	 0.97243 	 1
76.7 	 0.668436 	 0.951903 	 0.975576 	 1
76.8 	 0.677653 	 0.929734 	 0.964009 	 1
76.9 	 0.698365 	 0.883787 	 0.939163 	 1
77 	 0.726016 	 0.822996 	 0.904164 	 1
77.1 	 0.755216 	 0.758443 	 0.863585 	 1
77.2 	 0.781022 	 0.700608 	 0.823049 	 1
77.3 	 0.799648 	 0.657083 	 0.788604 	 1
77.4 	 0.808714 	 0.631684 	 0.765851 	 1
77.5 	 0.807226 	 0.625381 	 0.758932 	 1
77.6 	 0.795442 	 0.63822 	 0.769597 	 1
77.7 	 0.774711 	 0.670458 	 0.796628 	 1
77.8 	 0.747352 	 0.72153 	 0.835864 	 1
77.9 	 0.716566 	 0.787332 	 0.88089 	 1
78 	 0.686344 	 0.858262 	 0.924249 	 1
78.1 	 0.661231 	 0.920311 	 0.958882 	 1
78.2 	 0.645735 	 0.959411 	 0.979444 	 1
78.3 	 0.64329 	 0.966696 	 0.983181 	 1
78.4 	 0.655091 	 0.941681 	 0.970236 	 1
78.5 	 0.679505 	 0.891777 	 0.943373 	 1
78.6 	 0.712503 	 0.828876 	 0.907266 	 1
78.7 	 0.748792 	 0.765139 	 0.867581 	 1
78.8 	 0.78299 	 0.709955 	 0.830064 	 1
78.9 	 0.810457 	 0.668928 	 0.799781 	 1
79 	 0.827771 	 0.64451 	 0.780581 	 1
79.1 	 0.832973 	 0.637365 	 0.774786 	 1
79.2 	 0.825664 	 0.64751 	 0.783044 	 1
79.3 	 0.806995 	 0.67469 	 0.804289 	 1
79.4 	 0.77957 	 0.717801 	 0.835781 	 1
79.5 	 0.747244 	 0.773597 	 0.873265 	 1
79.6 	 0.714759 	 0.835369 	 0.91132 	 1
79.7 	 0.687143 	 0.89265 	 0.94399 	 1
79.8 	 0.668833 	 0.932959 	 0.965703 	 1
79.9 	 0.66265 	 0.945637 	 0.972335 	 1
80 	 0.669071 	 0.926277 	 0.962171 	 1
80.1 	 0.686209 	 0.879167 	 0.936468 	 1
80.2 	 0.710532 	 0.81591 	 0.899402 	 1
80.3 	 0.737826 	 0.750778 	 0.857346 	 1
80.4 	 0.763969 	 0.695574 	 0.817632 	 1
80.5 	 0.785378 	 0.656984 	 0.787096 	 1
80.6 	 0.799233 	 0.637252 	 0.770773 	 1
80.7 	 0.803615 	 0.6366 	 0.771042 	 1
80.8 	 0.797633 	 0.654935 	 0.787382 	 1
80.9 	 0.781585 	 0.691623 	 0.816702 	 1
81 	 0.757104 	 0.74391 	 0.854091 	 1
81.1 	 0.727262 	 0.805608 	 0.893762 	 1
81.2 	 0.696477 	 0.867244 	 0.929961 	 1
81.3 	 0.670067 	 0.917856 	 0.957721 	 1
81.4 	 0.653244 	 0.947659 	 0.973381 	 1
81.5 	 0.649613 	 0.950571 	 0.974885 	 1
81.6 	 0.65984 	 0.925781 	 0.96192 	 1
81.7 	 0.681376 	 0.877995 	 0.935938 	 1
81.8 	 0.70948 	 0.816278 	 0.90009 	 1
81.9 	 0.738767 	 0.75177 	 0.859021 	 1
82 	 0.764421 	 0.694843 	 0.818462 	 1
82.1 	 0.782823 	 0.652777 	 0.784539 	 1
82.2 	 0.791722 	 0.628991 	 0.762837 	 1
82.3 	 0.79016 	 0.624204 	 0.757346 	 1
82.4 	 0.778338 	 0.638457 	 0.769555 	 1
82.5 	 0.757481 	 0.672103 	 0.797941 	 1
82.6 	 0.729779 	 0.724483 	 0.838081 	 1
82.7 	 0.698378 	 0.791129 	 0.883405 	 1
82.8 	 0.667346 	 0.861988 	 0.926445 	 1
82.9 	 0.641455 	 0.922875 	 0.960269 	 1
83 	 0.625531 	 0.959996 	 0.979744 	 1
83.1 	 0.623273 	 0.965081 	 0.982353 	 1
83.2 	 0.635914 	 0.938225 	 0.968425 	 1
83.3 	 0.661591 	 0.887139 	 0.940819 	 1
83.4 	 0.695898 	 0.823712 	 0.904221 	 1
83.5 	 0.733198 	 0.759943 	 0.86426 	 1
83.6 	 0.767896 	 0.705074 	 0.826654 	 1
83.7 	 0.795274 	 0.664638 	 0.796484 	 1
83.8 	 0.81194 	 0.641081 	 0.777674 	 1
83.9 	 0.816025 	 0.63509 	 0.772642 	 1
84 	 0.807247 	 0.64674 	 0.782081 	 1
84.1 	 0.78689 	 0.675837 	 0.804849 	 1
84.2 	 0.757705 	 0.721233 	 0.837971 	 1
84.3 	 0.723714 	 0.77937 	 0.876843 	 1
84.4 	 0.689866 	 0.842912 	 0.915696 	 1
84.5 	 0.661444 	 0.900682 	 0.94837 	 1
84.6 	 0.643143 	 0.939842 	 0.969309 	 1
84.7 	 0.637951 	 0.950072 	 0.974632 	 1
84.8 	 0.646315 	 0.927905 	 0.963018 	 1
84.9 	 0.666115 	 0.878675 	 0.936143 	 1
85 	 0.693476 	 0.814577 	 0.898501 	 1
85.1 	 0.723851 	 0.749789 	 0.856591 	 1
85.2 	 0.752854 	 0.695575 	 0.817644 	 1
85.3 	 0.776714 	 0.658062 	 0.788197 	 1
85.4 	 0.792495 	 0.639186 	 0.772884 	 1
85.5 	 0.798223 	 0.639056 	 0.773709 	 1
85.6 	 0.793024 	 0.657442 	 0.789918 	 1
85.7 	 0.777277 	 0.693475 	 0.818409 	 1
85.8 	 0.752762 	 0.744262 	 0.854487 	 1
85.9 	 0.722727 	 0.803832 	 0.892727 	 1
86 	 0.691769 	 0.863337 	 0.92776 	 1
86.1 	 0.665324 	 0.912521 	 0.954869 	 1
86.2 	 0.648604 	 0.941939 	 0.970414 	 1
86.3 	 0.645085 	 0.945258 	 0.972138 	 1
86.4 	 0.65523 	 0.921062 	 0.959422 	 1
86.5 	 0.676344 	 0.873603 	 0.933485 	 1
86.6 	 0.70368 	 0.811995 	 0.897452 	 1
86.7 	 0.731973 	 0.747806 	 0.856185 	 1
86.8 	 0.756578 	 0.691786 	 0.81577 	 1
86.9 	 0.774017 	 0.651227 	 0.782649 	 1
87 	 0.782092 	 0.629321 	 0.762524 	 1
87.1 	 0.779812 	 0.626649 	 0.759224 	 1
87.2 	 0.767275 	 0.643346 	 0.773826 	 1
87.3 	 0.745599 	 0.679785 	 0.80428 	 1
87.4 	 0.716922 	 0.734868 	 0.845681 	 1
87.5 	 0.684456 	 0.803186 	 0.891162 	 1
87.6 	 0.652503 	 0.87372 	 0.933212 	 1
87.7 	 0.626203 	 0.931935 	 0.965108 	 1
87.8 	 0.610761 	 0.964621 	 0.982118 	 1
87.9 	 0.610028 	 0.964781 	 0.9822 	 1
88 	 0.624986 	 0.933828 	 0.966114 	 1
88.1 	 0.653195 	 0.880247 	 0.936999 	 1
88.2 	 0.689638 	 0.815955 	 0.899609 	 1
88.3 	 0.728276 	 0.752483 	 0.85946 	 1
88.4 	 0.76338 	 0.698504 	 0.822052 	 1
88.5 	 0.790322 	 0.659157 	 0.792269 	 1
88.6 	 0.80593 	 0.636706 	 0.773941 	 1
88.7 	 0.808619 	 0.631784 	 0.769506 	 1
88.8 	 0.798396 	 0.644488 	 0.779728 	 1
88.9 	 0.776803 	 0.674713 	 0.803492 	 1
89 	 0.746785 	 0.721411 	 0.837744 	 1
89.1 	 0.712479 	 0.780995 	 0.877694 	 1
89.2 	 0.678867 	 0.845845 	 0.917338 	 1
89.3 	 0.651176 	 0.904308 	 0.950328 	 1
89.4 	 0.633975 	 0.943181 	 0.971053 	 1
89.5 	 0.630098 	 0.952197 	 0.975735 	 1
89.6 	 0.639858 	 0.928411 	 0.963281 	 1
89.7 	 0.661061 	 0.877854 	 0.935647 	 1
89.8 	 0.689803 	 0.813184 	 0.897567 	 1
89.9 	 0.721507 	 0.748611 	 0.855677 	 1
90 	 0.751719 	 0.695121 	 0.817216 	 1
90.1 	 0.776565 	 0.658526 	 0.788617 	 1
90.2 	 0.792989 	 0.640616 	 0.774327 	 1
90.3 	 0.798925 	 0.641495 	 0.776129 	 1
90.4 	 0.793473 	 0.660926 	 0.793071 	 1
90.5 	 0.777079 	 0.697894 	 0.821921 	 1
90.6 	 0.751702 	 0.749252 	 0.85796 	 1
90.7 	 0.720866 	 0.808825 	 0.895825 	 1
90.8 	 0.689502 	 0.867703 	 0.930243 	 1
90.9 	 0.663353 	 0.915687 	 0.95657 	 1
91 	 0.64778 	 0.943406 	 0.971182 	 1
91.1 	 0.646142 	 0.944621 	 0.971813 	 1
91.2 	 0.658539 	 0.91815 	 0.957876 	 1
91.3 	 0.681842 	 0.868692 	 0.930722 	 1
91.4 	 0.710978 	 0.805915 	 0.893724 	 1
91.5 	 0.740535 	 0.741737 	 0.852036 	 1
91.6 	 0.765863 	 0.686833 	 0.811969 	 1
91.7 	 0.783557 	 0.64806 	 0.780015 	 1
91.8 	 0.791535 	 0.628156 	 0.761687 	 1
91.9 	 0.788936 	 0.627498 	 0.760425 	 1
92 	 0.776008 	 0.646187 	 0.776821 	 1
92.1 	 0.754035 	 0.684419 	 0.808398 	 1
92.2 	 0.725327 	 0.740597 	 0.850004 	 1
92.3 	 0.693257 	 0.808701 	 0.894766 	 1
92.4 	 0.662225 	 0.877439 	 0.935388 	 1
92.5 	 0.63735 	 0.932637 	 0.965504 	 1
92.6 	 0.623611 	 0.961969 	 0.980764 	 1
92.7 	 0.624442 	 0.959399 	 0.979446 	 1
92.8 	 0.640354 	 0.926928 	 0.962486 	 1
92.9 	 0.668587 	 0.87308 	 0.933039 	 1
93 	 0.704055 	 0.809421 	 0.895752 	 1
93.1 	 0.740857 	 0.747046 	 0.85598 	 1
93.2 	 0.773513 	 0.694349 	 0.819105 	 1
93.3 	 0.797687 	 0.656386 	 0.789994 	 1
93.4 	 0.810496 	 0.63545 	 0.772558 	 1
93.5 	 0.810612 	 0.632254 	 0.769353 	 1
93.6 	 0.798243 	 0.647004 	 0.781186 	 1
93.7 	 0.775053 	 0.679697 	 0.806823 	 1
93.8 	 0.744036 	 0.729214 	 0.842903 	 1
93.9 	 0.709322 	 0.791484 	 0.884199 	 1
94 	 0.67587 	 0.857944 	 0.924292 	 1
94.1 	 0.648917 	 0.915938 	 0.956598 	 1
94.2 	 0.63308 	 0.951882 	 0.975571 	 1
94.3 	 0.63122 	 0.956204 	 0.977803 	 1
94.4 	 0.643575 	 0.927466 	 0.962759 	 1
94.5 	 0.667735 	 0.873181 	 0.93296 	 1
94.6 	 0.699469 	 0.806693 	 0.893531 	 1
94.7 	 0.733827 	 0.741948 	 0.851228 	 1
94.8 	 0.766022 	 0.689181 	 0.813124 	 1
94.9 	 0.79194 	 0.653548 	 0.785298 	 1
95 	 0.80844 	 0.636512 	 0.771796 	 1
95.1 	 0.81355 	 0.638053 	 0.774105 	 1
95.2 	 0.806627 	 0.657827 	 0.791175 	 1
95.3 	 0.788511 	 0.694755 	 0.819886 	 1
95.4 	 0.761609 	 0.745821 	 0.855746 	 1
95.5 	 0.729866 	 0.8052 	 0.89362 	 1
95.6 	 0.698474 	 0.864358 	 0.92835 	 1
95.7 	 0.673156 	 0.913215 	 0.955251 	 1
95.8 	 0.658907 	 0.942145 	 0.970531 	 1
95.9 	 0.658489 	 0.944414 	 0.97171 	 1
96 	 0.671465 	 0.918437 	 0.958044 	 1
96.1 	 0.6945 	 0.868906 	 0.930865 	 1
96.2 	 0.72268 	 0.805885 	 0.893693 	 1
96.3 	 0.750955 	 0.741814 	 0.851948 	 1
96.4 	 0.775083 	 0.687638 	 0.812226 	 1
96.5 	 0.792002 	 0.650111 	 0.78119 	 1
96.6 	 0.799859 	 0.631709 	 0.764314 	 1
96.7 	 0.797904 	 0.632671 	 0.764769 	 1
96.8 	 0.786373 	 0.653089 	 0.782723 	 1
96.9 	 0.766449 	 0.692991 	 0.815245 	 1
97 	 0.74029 	 0.750206 	 0.856857 	 1
97.1 	 0.711102 	 0.817915 	 0.900595 	 1
97.2 	 0.683111 	 0.88437 	 0.939353 	 1
97.3 	 0.661231 	 0.935743 	 0.967163 	 1
97.4 	 0.650188 	 0.960773 	 0.980152 	 1
97.5 	 0.653129 	 0.954623 	 0.976992 	 1
97.6 	 0.670351 	 0.920015 	 0.958831 	 1
97.7 	 0.699007 	 0.865502 	 0.928833 	 1
97.8 	 0.734037 	 0.802213 	 0.891504 	 1
97.9 	 0.769612 	 0.740712 	 0.852005 	 1
98 	 0.800351 	 0.68903 	 0.815545 	 1
98.1 	 0.822047 	 0.652072 	 0.786906 	 1
98.2 	 0.831995 	 0.632133 	 0.770004 	 1
98.3 	 0.829095 	 0.629978 	 0.767456 	 1
98.4 	 0.813824 	 0.645875 	 0.780126 	 1
98.5 	 0.788136 	 0.679871 	 0.806757 	 1
98.6 	 0.755296 	 0.730814 	 0.843848 	 1
98.7 	 0.71964 	 0.794396 	 0.885934 	 1
98.8 	 0.6862 	 0.861566 	 0.926334 	 1
98.9 	 0.660098 	 0.919098 	 0.958285 	 1
99 	 0.645626 	 0.953167 	 0.976235 	 1
99.1 	 0.645198 	 0.954623 	 0.976988 	 1
99.2 	 0.658639 	 0.923059 	 0.960408 	 1
99.3 	 0.683297 	 0.867074 	 0.92948 	 1
99.4 	 0.714899 	 0.800522 	 0.889697 	 1
99.5 	 0.748596 	 0.737092 	 0.847945 	 1
99.6 	 0.779756 	 0.686348 	 0.811159 	 1
99.7 	 0.804445 	 0.652874 	 0.785074 	 1
99.8 	 0.819707 	 0.637885 	 0.773339 	 1
99.9 	 0.823759 	 0.641309 	 0.777131 	 1
100 	 0.816167 	 0.662751 	 0.795234 	 1
