time = tau * tau_parallel
rms: rms distance of hole to its origin
IPR: inverse participation ratio, IPR(tau) = sum_i (n_h(i,tau))^2, with hole density n_h(i,tau) at site i at time tau.
return prob: probability of the hole to return to its origin, n_h(0,tau).
leg imbalance: difference between the occupation in the two legs of the ladder (see Eq. (15) in the manuscript).


time, rms, IPR, return prob, leg imbalance
0 	 0 	 1 	 1 	 1
0.1 	 0.100158 	 0.980284 	 0.990043 	 1
0.2 	 0.197699 	 0.926917 	 0.962031 	 1
0.3 	 0.289904 	 0.854379 	 0.921094 	 1
0.4 	 0.373901 	 0.779297 	 0.874444 	 1
0.5 	 0.446706 	 0.714529 	 0.829812 	 1
0.6 	 0.505362 	 0.666908 	 0.793969 	 1
0.7 	 0.547178 	 0.638517 	 0.771674 	 1
0.8 	 0.570006 	 0.629277 	 0.765223 	 1
0.9 	 0.572533 	 0.638733 	 0.774518 	 1
1 	 0.554547 	 0.666332 	 0.797497 	 1
1.1 	 0.517147 	 0.710632 	 0.830686 	 1
1.2 	 0.462943 	 0.768239 	 0.869717 	 1
1.3 	 0.396343 	 0.833078 	 0.909751 	 1
1.4 	 0.32427 	 0.896366 	 0.945825 	 1
1.5 	 0.257997 	 0.947503 	 0.973219 	 1
1.6 	 0.215884 	 0.976046 	 0.987913 	 1
1.7 	 0.216878 	 0.974558 	 0.987154 	 1
1.8 	 0.257108 	 0.941524 	 0.97008 	 1
1.9 	 0.315071 	 0.882923 	 0.938229 	 1
2 	 0.374587 	 0.811072 	 0.895723 	 1
2.1 	 0.427251 	 0.740637 	 0.848927 	 1
2.2 	 0.468798 	 0.683611 	 0.805516 	 1
2.3 	 0.496997 	 0.646237 	 0.773049 	 1
2.4 	 0.510688 	 0.629718 	 0.757381 	 1
2.5 	 0.50934 	 0.633509 	 0.761343 	 1
2.6 	 0.492908 	 0.657812 	 0.784097 	 1
2.7 	 0.461906 	 0.702795 	 0.821358 	 1
2.8 	 0.417709 	 0.765383 	 0.86643 	 1
2.9 	 0.363171 	 0.836931 	 0.911697 	 1
3 	 0.30387 	 0.904273 	 0.950138 	 1
3.1 	 0.250615 	 0.953762 	 0.976475 	 1
3.2 	 0.222074 	 0.975737 	 0.987747 	 1
3.3 	 0.23578 	 0.967085 	 0.983341 	 1
3.4 	 0.286453 	 0.931185 	 0.964649 	 1
3.5 	 0.35413 	 0.876046 	 0.934579 	 1
3.6 	 0.423104 	 0.811809 	 0.897095 	 1
3.7 	 0.483811 	 0.74849 	 0.856832 	 1
3.8 	 0.530351 	 0.694331 	 0.818773 	 1
3.9 	 0.559123 	 0.65492 	 0.78789 	 1
4 	 0.568251 	 0.633183 	 0.768663 	 1
4.1 	 0.557294 	 0.630191 	 0.764465 	 1
4.2 	 0.526999 	 0.646369 	 0.776874 	 1
4.3 	 0.479047 	 0.682156 	 0.805081 	 1
4.4 	 0.415766 	 0.737136 	 0.845601 	 1
4.5 	 0.339873 	 0.807578 	 0.892499 	 1
4.6 	 0.254301 	 0.883962 	 0.938215 	 1
4.7 	 0.162364 	 0.951079 	 0.974918 	 1
4.8 	 0.0706694 	 0.992232 	 0.996101 	 1
4.9 	 0.0557048 	 0.996028 	 0.99801 	 1
5 	 0.145634 	 0.961693 	 0.980473 	 1
5.1 	 0.240163 	 0.899283 	 0.946891 	 1
5.2 	 0.329604 	 0.824742 	 0.903385 	 1
5.3 	 0.409994 	 0.753289 	 0.857392 	 1
5.4 	 0.477907 	 0.695105 	 0.816137 	 1
5.5 	 0.530223 	 0.654809 	 0.785391 	 1
5.6 	 0.564316 	 0.633439 	 0.768786 	 1
5.7 	 0.578323 	 0.630717 	 0.767669 	 1
5.8 	 0.571407 	 0.646217 	 0.781364 	 1
5.9 	 0.543956 	 0.679293 	 0.807594 	 1
6 	 0.497739 	 0.728238 	 0.842888 	 1
6.1 	 0.436053 	 0.789223 	 0.882907 	 1
6.2 	 0.364043 	 0.855497 	 0.922732 	 1
6.3 	 0.289674 	 0.917343 	 0.957199 	 1
6.4 	 0.22637 	 0.96328 	 0.981389 	 1
6.5 	 0.195792 	 0.982708 	 0.991293 	 1
6.6 	 0.213322 	 0.969472 	 0.984564 	 1
6.7 	 0.264501 	 0.924866 	 0.961204 	 1
6.8 	 0.326579 	 0.85823 	 0.923959 	 1
6.9 	 0.386487 	 0.78412 	 0.878216 	 1
7 	 0.437882 	 0.717095 	 0.831283 	 1
7.1 	 0.477475 	 0.666993 	 0.791123 	 1
7.2 	 0.503406 	 0.63755 	 0.76477 	 1
7.3 	 0.514566 	 0.628731 	 0.75683 	 1
7.4 	 0.510353 	 0.64015 	 0.768487 	 1
7.5 	 0.490684 	 0.672208 	 0.7973 	 1
7.6 	 0.456214 	 0.724009 	 0.837863 	 1
7.7 	 0.408761 	 0.790304 	 0.883088 	 1
7.8 	 0.352088 	 0.860634 	 0.925718 	 1
7.9 	 0.293424 	 0.921754 	 0.959625 	 1
8 	 0.246153 	 0.961794 	 0.98062 	 1
8.1 	 0.230076 	 0.973673 	 0.986694 	 1
8.2 	 0.25634 	 0.956404 	 0.977848 	 1
8.3 	 0.312746 	 0.914456 	 0.955728 	 1
8.4 	 0.380032 	 0.856052 	 0.923269 	 1
8.5 	 0.444804 	 0.791166 	 0.884423 	 1
8.6 	 0.498977 	 0.729581 	 0.843927 	 1
8.7 	 0.537655 	 0.679232 	 0.807006 	 1
8.8 	 0.55806 	 0.645208 	 0.778892 	 1
8.9 	 0.559033 	 0.629813 	 0.764139 	 1
9 	 0.540718 	 0.633685 	 0.7658 	 1
9.1 	 0.504285 	 0.657186 	 0.784654 	 1
9.2 	 0.451653 	 0.700665 	 0.818695 	 1
9.3 	 0.38524 	 0.762755 	 0.863122 	 1
9.4 	 0.307817 	 0.837436 	 0.91093 	 1
9.5 	 0.222691 	 0.912336 	 0.954103 	 1
9.6 	 0.135402 	 0.970742 	 0.985162 	 1
9.7 	 0.0696369 	 0.997445 	 0.998721 	 1
9.8 	 0.105786 	 0.985359 	 0.992631 	 1
9.9 	 0.193159 	 0.93866 	 0.968375 	 1
10 	 0.28427 	 0.870418 	 0.930613 	 1
10.1 	 0.369942 	 0.796552 	 0.886036 	 1
10.2 	 0.445485 	 0.730114 	 0.84189 	 1
10.3 	 0.507134 	 0.678764 	 0.804624 	 1
10.4 	 0.551732 	 0.645476 	 0.778977 	 1
10.5 	 0.576867 	 0.630682 	 0.767617 	 1
10.6 	 0.581102 	 0.634061 	 0.771232 	 1
10.7 	 0.564169 	 0.655256 	 0.788831 	 1
10.8 	 0.527106 	 0.693582 	 0.818059 	 1
10.9 	 0.472335 	 0.747091 	 0.855412 	 1
11 	 0.403776 	 0.811376 	 0.896409 	 1
11.1 	 0.327243 	 0.878673 	 0.935831 	 1
11.2 	 0.251887 	 0.937987 	 0.96818 	 1
11.3 	 0.194185 	 0.976933 	 0.988371 	 1
11.4 	 0.179439 	 0.985321 	 0.992618 	 1
11.5 	 0.2145 	 0.959259 	 0.979301 	 1
11.6 	 0.274943 	 0.903632 	 0.949592 	 1
11.7 	 0.340089 	 0.831066 	 0.907601 	 1
11.8 	 0.400149 	 0.757354 	 0.859897 	 1
11.9 	 0.4504 	 0.695719 	 0.814426 	 1
12 	 0.488193 	 0.653307 	 0.778998 	 1
12.1 	 0.511823 	 0.631762 	 0.759697 	 1
12.2 	 0.52014 	 0.630548 	 0.759619 	 1
12.3 	 0.512489 	 0.649634 	 0.778287 	 1
12.4 	 0.488866 	 0.689131 	 0.811903 	 1
12.5 	 0.450244 	 0.74655 	 0.854338 	 1
12.6 	 0.399106 	 0.814616 	 0.898525 	 1
12.7 	 0.340374 	 0.88188 	 0.937845 	 1
12.8 	 0.283206 	 0.935867 	 0.96713 	 1
12.9 	 0.243472 	 0.966708 	 0.983135 	 1
13 	 0.240196 	 0.969444 	 0.984535 	 1
13.1 	 0.276821 	 0.944536 	 0.971683 	 1
13.2 	 0.336736 	 0.897129 	 0.946334 	 1
13.3 	 0.402286 	 0.835717 	 0.911474 	 1
13.4 	 0.46213 	 0.770436 	 0.871218 	 1
13.5 	 0.509523 	 0.711094 	 0.830629 	 1
13.6 	 0.540542 	 0.665282 	 0.795324 	 1
13.7 	 0.553201 	 0.637336 	 0.770778 	 1
13.8 	 0.546983 	 0.628759 	 0.761412 	 1
13.9 	 0.522511 	 0.639829 	 0.769633 	 1
14 	 0.48125 	 0.670946 	 0.795092 	 1
14.1 	 0.425257 	 0.722144 	 0.834409 	 1
14.2 	 0.357024 	 0.790484 	 0.881513 	 1
14.3 	 0.279588 	 0.867183 	 0.928625 	 1
14.4 	 0.197477 	 0.937404 	 0.967711 	 1
14.5 	 0.122015 	 0.984275 	 0.992086 	 1
14.6 	 0.0963456 	 0.995565 	 0.997779 	 1
14.7 	 0.154026 	 0.969023 	 0.984292 	 1
14.8 	 0.239681 	 0.912962 	 0.95455 	 1
14.9 	 0.327252 	 0.84196 	 0.914088 	 1
15 	 0.408348 	 0.770783 	 0.869742 	 1
15.1 	 0.477969 	 0.710095 	 0.828264 	 1
15.2 	 0.532238 	 0.665471 	 0.795232 	 1
15.3 	 0.568135 	 0.63878 	 0.774464 	 1
15.4 	 0.58361 	 0.630158 	 0.76792 	 1
15.5 	 0.577748 	 0.639364 	 0.775886 	 1
15.6 	 0.550897 	 0.666156 	 0.797212 	 1
15.7 	 0.504724 	 0.709806 	 0.829444 	 1
15.8 	 0.442227 	 0.767975 	 0.868875 	 1
15.9 	 0.367842 	 0.835332 	 0.910651 	 1
16 	 0.288016 	 0.902666 	 0.949098 	 1
16.1 	 0.213481 	 0.95751 	 0.978384 	 1
16.2 	 0.165425 	 0.986994 	 0.993466 	 1
16.3 	 0.171313 	 0.982355 	 0.991122 	 1
16.4 	 0.222864 	 0.94307 	 0.970816 	 1
16.5 	 0.290319 	 0.877996 	 0.935117 	 1
16.6 	 0.357478 	 0.80231 	 0.88949 	 1
16.7 	 0.417328 	 0.731652 	 0.841429 	 1
16.8 	 0.46623 	 0.676887 	 0.799077 	 1
16.9 	 0.501862 	 0.642474 	 0.769623 	 1
17 	 0.522547 	 0.628684 	 0.75786 	 1
17.1 	 0.527102 	 0.635028 	 0.76528 	 1
17.2 	 0.514932 	 0.661669 	 0.78992 	 1
17.3 	 0.486291 	 0.707884 	 0.826994 	 1
17.4 	 0.442676 	 0.76943 	 0.87007 	 1
17.5 	 0.387428 	 0.837546 	 0.912434 	 1
17.6 	 0.326831 	 0.900616 	 0.948229 	 1
17.7 	 0.272152 	 0.947356 	 0.973148 	 1
17.8 	 0.241305 	 0.969652 	 0.984635 	 1
17.9 	 0.250424 	 0.964045 	 0.981771 	 1
18 	 0.295184 	 0.931968 	 0.965082 	 1
18.1 	 0.356797 	 0.879231 	 0.936433 	 1
18.2 	 0.419618 	 0.814944 	 0.899034 	 1
18.3 	 0.47416 	 0.749761 	 0.857408 	 1
18.4 	 0.514931 	 0.693537 	 0.817141 	 1
18.5 	 0.538927 	 0.653201 	 0.78427 	 1
18.6 	 0.544875 	 0.631994 	 0.764342 	 1
18.7 	 0.532783 	 0.630594 	 0.761315 	 1
18.8 	 0.5036 	 0.649129 	 0.776575 	 1
18.9 	 0.458953 	 0.688065 	 0.808383 	 1
19 	 0.400962 	 0.746633 	 0.85194 	 1
19.1 	 0.332279 	 0.819634 	 0.900128 	 1
19.2 	 0.25663 	 0.895423 	 0.944811 	 1
19.3 	 0.181159 	 0.957672 	 0.978424 	 1
19.4 	 0.126158 	 0.990947 	 0.995459 	 1
19.5 	 0.134896 	 0.987091 	 0.993515 	 1
19.6 	 0.201441 	 0.948471 	 0.973621 	 1
19.7 	 0.285249 	 0.886223 	 0.939797 	 1
19.8 	 0.368847 	 0.815021 	 0.898013 	 1
19.9 	 0.444476 	 0.747805 	 0.854883 	 1
20 	 0.507088 	 0.693028 	 0.816483 	 1
20.1 	 0.552901 	 0.654731 	 0.78757 	 1
20.2 	 0.579207 	 0.634136 	 0.771275 	 1
20.3 	 0.584444 	 0.631322 	 0.769138 	 1
20.4 	 0.568296 	 0.646214 	 0.781253 	 1
20.5 	 0.531733 	 0.678705 	 0.806347 	 1
20.6 	 0.476988 	 0.727933 	 0.841728 	 1
20.7 	 0.407518 	 0.790886 	 0.883243 	 1
20.8 	 0.328135 	 0.86085 	 0.925445 	 1
20.9 	 0.245894 	 0.926776 	 0.962135 	 1
21 	 0.173937 	 0.974819 	 0.987285 	 1
21.1 	 0.141132 	 0.992424 	 0.9962 	 1
21.2 	 0.171467 	 0.973488 	 0.986604 	 1
21.3 	 0.236985 	 0.921698 	 0.959345 	 1
21.4 	 0.309569 	 0.849646 	 0.918485 	 1
21.5 	 0.378005 	 0.773821 	 0.870685 	 1
21.6 	 0.437293 	 0.708372 	 0.823984 	 1
21.7 	 0.484439 	 0.661303 	 0.78625 	 1
21.8 	 0.517258 	 0.634858 	 0.763636 	 1
21.9 	 0.53407 	 0.628672 	 0.75944 	 1
22 	 0.533744 	 0.642497 	 0.773599 	 1
22.1 	 0.515904 	 0.676281 	 0.802956 	 1
22.2 	 0.481244 	 0.728076 	 0.842146 	 1
22.3 	 0.431957 	 0.792083 	 0.884817 	 1
22.4 	 0.37241 	 0.858752 	 0.924819 	 1
22.5 	 0.310434 	 0.916904 	 0.957055 	 1
22.6 	 0.259576 	 0.956495 	 0.977886 	 1
22.7 	 0.239062 	 0.970723 	 0.985182 	 1
22.8 	 0.260033 	 0.957128 	 0.978215 	 1
22.9 	 0.311116 	 0.91796 	 0.957624 	 1
23 	 0.373112 	 0.859944 	 0.925501 	 1
23.1 	 0.432571 	 0.793206 	 0.885505 	 1
23.2 	 0.481729 	 0.729048 	 0.842789 	 1
23.3 	 0.516267 	 0.677089 	 0.803551 	 1
23.4 	 0.534023 	 0.643131 	 0.77415 	 1
23.5 	 0.534329 	 0.629122 	 0.759923 	 1
23.6 	 0.517571 	 0.635127 	 0.763994 	 1
23.7 	 0.48489 	 0.661388 	 0.78642 	 1
23.8 	 0.437967 	 0.708238 	 0.823939 	 1
23.9 	 0.378991 	 0.77343 	 0.87045 	 1
24 	 0.31097 	 0.849013 	 0.918122 	 1
24.1 	 0.238933 	 0.920891 	 0.958913 	 1
24.2 	 0.174072 	 0.972572 	 0.986136 	 1
24.3 	 0.143897 	 0.991423 	 0.995697 	 1
24.4 	 0.175677 	 0.973761 	 0.986746 	 1
24.5 	 0.24669 	 0.925751 	 0.961588 	 1
24.6 	 0.328399 	 0.859996 	 0.92496 	 1
24.7 	 0.4075 	 0.790305 	 0.882897 	 1
24.8 	 0.47683 	 0.727634 	 0.841565 	 1
24.9 	 0.531526 	 0.678619 	 0.806348 	 1
25 	 0.568103 	 0.646255 	 0.781347 	 1
25.1 	 0.584309 	 0.63143 	 0.76925 	 1
25.2 	 0.579159 	 0.634295 	 0.771379 	 1
25.3 	 0.552957 	 0.654966 	 0.787698 	 1
25.4 	 0.507248 	 0.693398 	 0.816703 	 1
25.5 	 0.44473 	 0.748378 	 0.85524 	 1
25.6 	 0.369169 	 0.815818 	 0.898492 	 1
25.7 	 0.2856 	 0.887166 	 0.940325 	 1
25.8 	 0.201775 	 0.949401 	 0.974108 	 1
25.9 	 0.135155 	 0.98786 	 0.993903 	 1
26 	 0.126313 	 0.991511 	 0.995743 	 1
26.1 	 0.181337 	 0.958069 	 0.97863 	 1
26.2 	 0.256915 	 0.895688 	 0.944959 	 1
26.3 	 0.332671 	 0.81975 	 0.900202 	 1
26.4 	 0.401417 	 0.746571 	 0.851891 	 1
26.5 	 0.4594 	 0.687834 	 0.808162 	 1
26.6 	 0.503954 	 0.648766 	 0.776171 	 1
26.7 	 0.532949 	 0.630122 	 0.760773 	 1
26.8 	 0.544761 	 0.631417 	 0.763739 	 1
26.9 	 0.538445 	 0.652536 	 0.783677 	 1
27 	 0.514009 	 0.692828 	 0.816599 	 1
27.1 	 0.472743 	 0.749054 	 0.856929 	 1
27.2 	 0.417672 	 0.814295 	 0.89863 	 1
27.3 	 0.354317 	 0.878742 	 0.93615 	 1
27.4 	 0.292238 	 0.931812 	 0.964995 	 1
27.5 	 0.247311 	 0.964392 	 0.98195 	 1
27.6 	 0.238671 	 0.970549 	 0.985095 	 1
27.7 	 0.270444 	 0.948657 	 0.973827 	 1
27.8 	 0.325937 	 0.902051 	 0.94901 	 1
27.9 	 0.387092 	 0.838871 	 0.913196 	 1
28 	 0.442718 	 0.770536 	 0.870743 	 1
28.1 	 0.486619 	 0.708769 	 0.827571 	 1
28.2 	 0.515519 	 0.66235 	 0.790428 	 1
28.3 	 0.527962 	 0.635493 	 0.765727 	 1
28.4 	 0.523721 	 0.628918 	 0.758207 	 1
28.5 	 0.503407 	 0.642467 	 0.76979 	 1
28.6 	 0.468223 	 0.676607 	 0.798991 	 1
28.7 	 0.419874 	 0.731032 	 0.841069 	 1
28.8 	 0.360732 	 0.801321 	 0.888906 	 1
28.9 	 0.294522 	 0.87672 	 0.93441 	 1
29 	 0.228356 	 0.941682 	 0.970091 	 1
29.1 	 0.178136 	 0.981032 	 0.990451 	 1
29.2 	 0.171866 	 0.985836 	 0.992882 	 1
29.3 	 0.217775 	 0.956561 	 0.977895 	 1
29.4 	 0.290517 	 0.901958 	 0.948719 	 1
29.5 	 0.369191 	 0.834899 	 0.910414 	 1
29.6 	 0.442844 	 0.767813 	 0.868806 	 1
29.7 	 0.50488 	 0.709861 	 0.829537 	 1
29.8 	 0.550791 	 0.666346 	 0.797421 	 1
29.9 	 0.577539 	 0.639624 	 0.776142 	 1
30 	 0.583435 	 0.630462 	 0.768175 	 1
30.1 	 0.568107 	 0.639142 	 0.77472 	 1
30.2 	 0.532446 	 0.665934 	 0.795538 	 1
30.3 	 0.478486 	 0.710713 	 0.82867 	 1
30.4 	 0.40924 	 0.771583 	 0.870251 	 1
30.5 	 0.328613 	 0.842879 	 0.914633 	 1
30.6 	 0.24172 	 0.913818 	 0.95502 	 1
30.7 	 0.157314 	 0.969593 	 0.984586 	 1
30.8 	 0.101723 	 0.995729 	 0.997861 	 1
30.9 	 0.126638 	 0.984099 	 0.991996 	 1
31 	 0.20074 	 0.937063 	 0.967531 	 1
31.1 	 0.282262 	 0.866819 	 0.928425 	 1
31.2 	 0.359409 	 0.790133 	 0.881311 	 1
31.3 	 0.427424 	 0.72178 	 0.834174 	 1
31.4 	 0.483165 	 0.670545 	 0.794774 	 1
31.5 	 0.524093 	 0.639386 	 0.769206 	 1
31.6 	 0.548137 	 0.628264 	 0.760899 	 1
31.7 	 0.553834 	 0.63678 	 0.770236 	 1
31.8 	 0.540578 	 0.664688 	 0.794813 	 1
31.9 	 0.508907 	 0.710514 	 0.830193 	 1
32 	 0.460832 	 0.769935 	 0.870879 	 1
32.1 	 0.400302 	 0.835376 	 0.91126 	 1
32.2 	 0.334099 	 0.897069 	 0.946292 	 1
32.3 	 0.27368 	 0.944904 	 0.971872 	 1
32.4 	 0.237033 	 0.970333 	 0.984989 	 1
32.5 	 0.241064 	 0.96805 	 0.983822 	 1
32.6 	 0.281865 	 0.93742 	 0.967948 	 1
32.7 	 0.339896 	 0.88334 	 0.938653 	 1
32.8 	 0.399241 	 0.815776 	 0.899204 	 1
32.9 	 0.450838 	 0.747372 	 0.854839 	 1
33 	 0.489852 	 0.689675 	 0.812248 	 1
33.1 	 0.513856 	 0.649949 	 0.778526 	 1
33.2 	 0.521908 	 0.630639 	 0.759778 	 1
33.3 	 0.514029 	 0.631623 	 0.759747 	 1
33.4 	 0.490887 	 0.652925 	 0.77887 	 1
33.5 	 0.453652 	 0.695047 	 0.814058 	 1
33.6 	 0.40406 	 0.756333 	 0.859286 	 1
33.7 	 0.344821 	 0.829708 	 0.906818 	 1
33.8 	 0.280735 	 0.902091 	 0.948759 	 1
33.9 	 0.22154 	 0.957779 	 0.978539 	 1
34 	 0.187054 	 0.984111 	 0.992007 	 1
34.1 	 0.200226 	 0.976084 	 0.98794 	 1
34.2 	 0.255552 	 0.937497 	 0.967926 	 1
34.3 	 0.329155 	 0.878511 	 0.935749 	 1
34.4 	 0.404544 	 0.811502 	 0.896502 	 1
34.5 	 0.472362 	 0.747448 	 0.855679 	 1
34.6 	 0.526673 	 0.694083 	 0.818468 	 1
34.7 	 0.563497 	 0.655807 	 0.789316 	 1
34.8 	 0.580377 	 0.634598 	 0.77171 	 1
34.9 	 0.576256 	 0.631183 	 0.76803 	 1
35 	 0.55138 	 0.645952 	 0.779321 	 1
35.1 	 0.507172 	 0.679242 	 0.80494 	 1
35.2 	 0.446041 	 0.730629 	 0.842221 	 1
35.3 	 0.371177 	 0.797108 	 0.886383 	 1
35.4 	 0.286465 	 0.870939 	 0.930918 	 1
35.5 	 0.196996 	 0.93898 	 0.968549 	 1
35.6 	 0.113405 	 0.985316 	 0.99261 	 1
35.7 	 0.0816052 	 0.997015 	 0.998506 	 1
35.8 	 0.142444 	 0.970071 	 0.984819 	 1
35.9 	 0.227416 	 0.911629 	 0.953726 	 1
36 	 0.31154 	 0.836815 	 0.910583 	 1
36.1 	 0.388404 	 0.76223 	 0.862813 	 1
36.2 	 0.454401 	 0.700195 	 0.818383 	 1
36.3 	 0.506635 	 0.656741 	 0.784289 	 1
36.4 	 0.542629 	 0.633252 	 0.765371 	 1
36.5 	 0.560442 	 0.629384 	 0.763686 	 1
36.6 	 0.558897 	 0.644801 	 0.778489 	 1
36.7 	 0.537852 	 0.6789 	 0.80672 	 1
36.8 	 0.49847 	 0.729398 	 0.843788 	 1
36.9 	 0.443532 	 0.791182 	 0.884425 	 1
37 	 0.377938 	 0.856291 	 0.923399 	 1
37.1 	 0.309799 	 0.914949 	 0.955988 	 1
37.2 	 0.252685 	 0.9572 	 0.978257 	 1
37.3 	 0.2264 	 0.974785 	 0.987259 	 1
37.4 	 0.243452 	 0.963123 	 0.981303 	 1
37.5 	 0.291992 	 0.923087 	 0.960336 	 1
37.6 	 0.351697 	 0.861743 	 0.926343 	 1
37.7 	 0.409151 	 0.791071 	 0.883543 	 1
37.8 	 0.4572 	 0.72445 	 0.838123 	 1
37.9 	 0.492146 	 0.672389 	 0.797397 	 1
38 	 0.51221 	 0.640106 	 0.768463 	 1
38.1 	 0.51677 	 0.628465 	 0.756698 	 1
38.2 	 0.50593 	 0.637057 	 0.764497 	 1
38.3 	 0.480321 	 0.666256 	 0.790661 	 1
38.4 	 0.441088 	 0.716075 	 0.830618 	 1
38.5 	 0.39014 	 0.782819 	 0.877406 	 1
38.6 	 0.33082 	 0.856782 	 0.923127 	 1
38.7 	 0.269485 	 0.923538 	 0.960495 	 1
38.8 	 0.218949 	 0.968531 	 0.984084 	 1
38.9 	 0.201025 	 0.982269 	 0.991073 	 1
39 	 0.229837 	 0.963281 	 0.981391 	 1
39.1 	 0.291341 	 0.917641 	 0.95736 	 1
39.2 	 0.364446 	 0.855981 	 0.923007 	 1
39.3 	 0.435643 	 0.789842 	 0.883285 	 1
39.4 	 0.496849 	 0.728959 	 0.843375 	 1
39.5 	 0.542853 	 0.680066 	 0.808179 	 1
39.6 	 0.570323 	 0.646976 	 0.781999 	 1
39.7 	 0.577463 	 0.631413 	 0.768281 	 1
39.8 	 0.563862 	 0.63405 	 0.769313 	 1
39.9 	 0.530339 	 0.655326 	 0.785808 	 1
40 	 0.478748 	 0.695524 	 0.816452 	 1
40.1 	 0.411744 	 0.753594 	 0.857615 	 1
40.2 	 0.332569 	 0.824887 	 0.903497 	 1
40.3 	 0.245033 	 0.899168 	 0.946844 	 1
40.4 	 0.154481 	 0.961205 	 0.980227 	 1
40.5 	 0.0773673 	 0.99515 	 0.99757 	 1
40.6 	 0.089906 	 0.991119 	 0.995542 	 1
40.7 	 0.172215 	 0.949986 	 0.974354 	 1
40.8 	 0.261075 	 0.883077 	 0.937746 	 1
40.9 	 0.345168 	 0.806927 	 0.892157 	 1
41 	 0.420119 	 0.736635 	 0.845341 	 1
41.1 	 0.482652 	 0.68172 	 0.804815 	 1
41.2 	 0.529918 	 0.645963 	 0.776539 	 1
41.3 	 0.559534 	 0.629814 	 0.764067 	 1
41.4 	 0.569802 	 0.632856 	 0.76828 	 1
41.5 	 0.559969 	 0.654704 	 0.787632 	 1
41.6 	 0.53047 	 0.694323 	 0.818721 	 1
41.7 	 0.48317 	 0.748774 	 0.857001 	 1
41.8 	 0.421649 	 0.812393 	 0.89744 	 1
41.9 	 0.351784 	 0.876864 	 0.935032 	 1
42 	 0.283155 	 0.932152 	 0.965157 	 1
42.1 	 0.231733 	 0.96814 	 0.98388 	 1
42.2 	 0.218199 	 0.976829 	 0.988302 	 1
42.3 	 0.247926 	 0.9548 	 0.977012 	 1
42.4 	 0.302509 	 0.905135 	 0.950601 	 1
42.5 	 0.362892 	 0.837529 	 0.912029 	 1
42.6 	 0.418277 	 0.765723 	 0.866608 	 1
42.7 	 0.463145 	 0.70294 	 0.821404 	 1
42.8 	 0.494683 	 0.657802 	 0.784056 	 1
42.9 	 0.511542 	 0.63333 	 0.761239 	 1
43 	 0.513227 	 0.629344 	 0.757185 	 1
43.1 	 0.49981 	 0.645645 	 0.772697 	 1
43.2 	 0.471853 	 0.682758 	 0.804953 	 1
43.3 	 0.430565 	 0.739486 	 0.848167 	 1
43.4 	 0.378237 	 0.80969 	 0.894875 	 1
43.5 	 0.319183 	 0.881567 	 0.937467 	 1
43.6 	 0.261775 	 0.940554 	 0.969572 	 1
43.7 	 0.221814 	 0.974232 	 0.986992 	 1
43.8 	 0.220037 	 0.976375 	 0.988083 	 1
43.9 	 0.26059 	 0.948278 	 0.973626 	 1
44 	 0.325486 	 0.897321 	 0.946348 	 1
44.1 	 0.396601 	 0.834033 	 0.910306 	 1
44.2 	 0.462592 	 0.769123 	 0.870272 	 1
44.3 	 0.516467 	 0.711435 	 0.831241 	 1
44.4 	 0.55378 	 0.667042 	 0.798052 	 1
44.5 	 0.5719 	 0.639333 	 0.775045 	 1
44.6 	 0.569711 	 0.629757 	 0.765675 	 1
44.7 	 0.547411 	 0.638875 	 0.772014 	 1
44.8 	 0.506304 	 0.667137 	 0.794182 	 1
44.9 	 0.448551 	 0.714607 	 0.829904 	 1
45 	 0.376923 	 0.779183 	 0.874411 	 1
45.1 	 0.294626 	 0.854002 	 0.920907 	 1
45.2 	 0.205447 	 0.926177 	 0.961651 	 1
45.3 	 0.115856 	 0.979133 	 0.989461 	 1
45.4 	 0.0600259 	 0.998547 	 0.999273 	 1
45.5 	 0.117567 	 0.978808 	 0.989296 	 1
45.6 	 0.207466 	 0.925721 	 0.961409 	 1
45.7 	 0.29685 	 0.853608 	 0.920697 	 1
45.8 	 0.379337 	 0.778895 	 0.874278 	 1
45.9 	 0.451117 	 0.714347 	 0.829796 	 1
46 	 0.508953 	 0.666823 	 0.793985 	 1
46.1 	 0.550041 	 0.638469 	 0.771638 	 1
46.2 	 0.572189 	 0.629251 	 0.765129 	 1
46.3 	 0.574067 	 0.638749 	 0.774434 	 1
46.4 	 0.55545 	 0.666455 	 0.797517 	 1
46.5 	 0.517422 	 0.71095 	 0.830873 	 1
46.6 	 0.462571 	 0.768806 	 0.870069 	 1
46.7 	 0.395275 	 0.833867 	 0.910211 	 1
46.8 	 0.322425 	 0.897279 	 0.946322 	 1
46.9 	 0.255326 	 0.948437 	 0.973705 	 1
47 	 0.212684 	 0.976931 	 0.988363 	 1
47.1 	 0.214102 	 0.975337 	 0.98755 	 1
47.2 	 0.255439 	 0.942118 	 0.970389 	 1
47.3 	 0.314478 	 0.883248 	 0.938402 	 1
47.4 	 0.374861 	 0.811108 	 0.895719 	 1
47.5 	 0.428211 	 0.740452 	 0.848747 	 1
47.6 	 0.4703 	 0.683295 	 0.805207 	 1
47.7 	 0.498918 	 0.645833 	 0.772676 	 1
47.8 	 0.512924 	 0.629212 	 0.756982 	 1
47.9 	 0.511814 	 0.63288 	 0.760908 	 1
48 	 0.495573 	 0.657044 	 0.78358 	 1
48.1 	 0.46476 	 0.70186 	 0.820731 	 1
48.2 	 0.420804 	 0.764285 	 0.865727 	 1
48.3 	 0.366618 	 0.835795 	 0.911026 	 1
48.4 	 0.307819 	 0.903371 	 0.949646 	 1
48.5 	 0.255117 	 0.953388 	 0.976285 	 1
48.6 	 0.226681 	 0.97603 	 0.987899 	 1
48.7 	 0.239478 	 0.967943 	 0.983784 	 1
48.8 	 0.288787 	 0.932354 	 0.965271 	 1
48.9 	 0.355331 	 0.877276 	 0.935268 	 1
49 	 0.423518 	 0.812955 	 0.897782 	 1
49.1 	 0.483729 	 0.749504 	 0.857493 	 1
49.2 	 0.530015 	 0.695197 	 0.819406 	 1
49.3 	 0.558744 	 0.655614 	 0.788474 	 1
49.4 	 0.568019 	 0.633679 	 0.769144 	 1
49.5 	 0.55738 	 0.630478 	 0.76478 	 1
49.6 	 0.527555 	 0.646443 	 0.776984 	 1
49.7 	 0.480209 	 0.682004 	 0.804992 	 1
49.8 	 0.417684 	 0.736749 	 0.845356 	 1
49.9 	 0.342772 	 0.806963 	 0.892141 	 1
50 	 0.258664 	 0.883132 	 0.937766 	 1
50.1 	 0.169566 	 0.950038 	 0.97438 	 1
50.2 	 0.0864098 	 0.991014 	 0.995489 	 1
50.3 	 0.0750022 	 0.994762 	 0.997375 	 1
50.4 	 0.154201 	 0.960586 	 0.979905 	 1
50.5 	 0.245556 	 0.898508 	 0.946482 	 1
50.6 	 0.333618 	 0.824337 	 0.903184 	 1
50.7 	 0.413236 	 0.753166 	 0.857378 	 1
50.8 	 0.480628 	 0.695141 	 0.81623 	 1
50.9 	 0.532537 	 0.654925 	 0.785509 	 1
51 	 0.566279 	 0.633607 	 0.768888 	 1
51.1 	 0.579964 	 0.630943 	 0.76778 	 1
51.2 	 0.572734 	 0.646538 	 0.781551 	 1
51.3 	 0.544965 	 0.679765 	 0.807911 	 1
51.4 	 0.498407 	 0.728895 	 0.843333 	 1
51.5 	 0.436344 	 0.790019 	 0.883413 	 1
51.6 	 0.363907 	 0.856302 	 0.923201 	 1
51.7 	 0.289066 	 0.918006 	 0.957557 	 1
51.8 	 0.225329 	 0.963727 	 0.981619 	 1
51.9 	 0.194677 	 0.982975 	 0.991427 	 1
52 	 0.212739 	 0.969634 	 0.984646 	 1
52.1 	 0.264626 	 0.924946 	 0.961247 	 1
52.2 	 0.327282 	 0.858183 	 0.923935 	 1
52.3 	 0.38761 	 0.783909 	 0.878078 	 1
52.4 	 0.439283 	 0.716738 	 0.831005 	 1
52.5 	 0.479033 	 0.666537 	 0.790716 	 1
52.6 	 0.505023 	 0.637015 	 0.764276 	 1
52.7 	 0.516178 	 0.62811 	 0.756289 	 1
52.8 	 0.511934 	 0.639436 	 0.767919 	 1
52.9 	 0.492251 	 0.671412 	 0.796712 	 1
53 	 0.457823 	 0.723161 	 0.837279 	 1
53.1 	 0.410511 	 0.78949 	 0.882572 	 1
53.2 	 0.354108 	 0.860029 	 0.925367 	 1
53.3 	 0.295844 	 0.921579 	 0.959532 	 1
53.4 	 0.248969 	 0.96218 	 0.980822 	 1
53.5 	 0.232868 	 0.974555 	 0.987146 	 1
53.6 	 0.258485 	 0.957545 	 0.97844 	 1
53.7 	 0.314094 	 0.915586 	 0.956336 	 1
53.8 	 0.380768 	 0.857016 	 0.923813 	 1
53.9 	 0.445158 	 0.791953 	 0.884893 	 1
54 	 0.499149 	 0.730245 	 0.844364 	 1
54.1 	 0.53781 	 0.679798 	 0.807447 	 1
54.2 	 0.558337 	 0.645644 	 0.779326 	 1
54.3 	 0.559544 	 0.63007 	 0.76449 	 1
54.4 	 0.541551 	 0.633729 	 0.765969 	 1
54.5 	 0.505509 	 0.656979 	 0.78457 	 1
54.6 	 0.453327 	 0.700163 	 0.818356 	 1
54.7 	 0.387445 	 0.761941 	 0.86259 	 1
54.8 	 0.310719 	 0.83637 	 0.910299 	 1
54.9 	 0.226709 	 0.911146 	 0.953459 	 1
55 	 0.141757 	 0.969575 	 0.984564 	 1
55.1 	 0.0808617 	 0.996438 	 0.998217 	 1
55.2 	 0.113144 	 0.984638 	 0.992267 	 1
55.3 	 0.197104 	 0.938312 	 0.968196 	 1
55.4 	 0.286872 	 0.870438 	 0.930643 	 1
55.5 	 0.371907 	 0.796836 	 0.88625 	 1
55.6 	 0.447118 	 0.730519 	 0.842213 	 1
55.7 	 0.508603 	 0.679185 	 0.804965 	 1
55.8 	 0.553141 	 0.645874 	 0.779272 	 1
55.9 	 0.578291 	 0.631069 	 0.767869 	 1
56 	 0.582592 	 0.634482 	 0.771501 	 1
56.1 	 0.565754 	 0.655772 	 0.789193 	 1
56.2 	 0.528789 	 0.694246 	 0.818545 	 1
56.3 	 0.474101 	 0.747882 	 0.855969 	 1
56.4 	 0.405603 	 0.812159 	 0.896916 	 1
56.5 	 0.329135 	 0.87922 	 0.936156 	 1
56.6 	 0.253914 	 0.938102 	 0.968246 	 1
56.7 	 0.196489 	 0.976593 	 0.988198 	 1
56.8 	 0.181978 	 0.98469 	 0.992298 	 1
56.9 	 0.217025 	 0.958568 	 0.978945 	 1
57 	 0.277444 	 0.903024 	 0.94927 	 1
57.1 	 0.342604 	 0.83055 	 0.907317 	 1
57.2 	 0.402641 	 0.756882 	 0.859614 	 1
57.3 	 0.452776 	 0.69526 	 0.814104 	 1
57.4 	 0.490339 	 0.652852 	 0.778621 	 1
57.5 	 0.513648 	 0.631292 	 0.759276 	 1
57.6 	 0.521593 	 0.630041 	 0.759171 	 1
57.7 	 0.513576 	 0.649084 	 0.777829 	 1
57.8 	 0.489649 	 0.688557 	 0.811456 	 1
57.9 	 0.450841 	 0.746009 	 0.853949 	 1
58 	 0.399677 	 0.814242 	 0.898277 	 1
58.1 	 0.341114 	 0.881878 	 0.937835 	 1
58.2 	 0.284311 	 0.936416 	 0.967421 	 1
58.3 	 0.245012 	 0.967826 	 0.983712 	 1
58.4 	 0.241885 	 0.970925 	 0.985296 	 1
58.5 	 0.278229 	 0.946042 	 0.972473 	 1
58.6 	 0.337723 	 0.898374 	 0.947012 	 1
58.7 	 0.402928 	 0.8366 	 0.911974 	 1
58.8 	 0.462563 	 0.771024 	 0.871561 	 1
58.9 	 0.509891 	 0.711501 	 0.830888 	 1
59 	 0.540978 	 0.665559 	 0.795556 	 1
59.1 	 0.55382 	 0.637462 	 0.770977 	 1
59.2 	 0.547881 	 0.628698 	 0.761504 	 1
59.3 	 0.523761 	 0.639547 	 0.769524 	 1
59.4 	 0.482909 	 0.670397 	 0.794729 	 1
59.5 	 0.427378 	 0.72128 	 0.833814 	 1
59.6 	 0.359686 	 0.789317 	 0.880773 	 1
59.7 	 0.282953 	 0.86583 	 0.92785 	 1
59.8 	 0.201945 	 0.93605 	 0.966994 	 1
59.9 	 0.128451 	 0.983099 	 0.99149 	 1
60 	 0.103407 	 0.994708 	 0.997349 	 1
60.1 	 0.157921 	 0.968587 	 0.98407 	 1
60.2 	 0.241881 	 0.912984 	 0.954572 	 1
60.3 	 0.328737 	 0.842374 	 0.914358 	 1
60.4 	 0.409546 	 0.771433 	 0.870211 	 1
60.5 	 0.479102 	 0.71081 	 0.828831 	 1
60.6 	 0.53344 	 0.666135 	 0.795785 	 1
60.7 	 0.569494 	 0.639353 	 0.774927 	 1
60.8 	 0.585183 	 0.630654 	 0.768288 	 1
60.9 	 0.579569 	 0.639826 	 0.776215 	 1
61 	 0.552975 	 0.666638 	 0.797567 	 1
61.1 	 0.507044 	 0.71034 	 0.829845 	 1
61.2 	 0.44476 	 0.768522 	 0.869268 	 1
61.3 	 0.370571 	 0.835751 	 0.91093 	 1
61.4 	 0.290968 	 0.902767 	 0.949169 	 1
61.5 	 0.216754 	 0.957189 	 0.978221 	 1
61.6 	 0.168967 	 0.986327 	 0.993129 	 1
61.7 	 0.174433 	 0.981561 	 0.990719 	 1
61.8 	 0.225292 	 0.942352 	 0.970443 	 1
61.9 	 0.292323 	 0.877419 	 0.934809 	 1
62 	 0.359215 	 0.80183 	 0.889216 	 1
62.1 	 0.418816 	 0.731222 	 0.841136 	 1
62.2 	 0.467423 	 0.676502 	 0.798736 	 1
62.3 	 0.5027 	 0.64214 	 0.769253 	 1
62.4 	 0.522995 	 0.628389 	 0.75751 	 1
62.5 	 0.527161 	 0.634764 	 0.764994 	 1
62.6 	 0.514649 	 0.661455 	 0.789714 	 1
62.7 	 0.485753 	 0.707747 	 0.826868 	 1
62.8 	 0.442005 	 0.769408 	 0.870031 	 1
62.9 	 0.386779 	 0.837707 	 0.912512 	 1
63 	 0.326402 	 0.901066 	 0.94847 	 1
63.1 	 0.27218 	 0.948169 	 0.973574 	 1
63.2 	 0.241969 	 0.970779 	 0.985215 	 1
63.3 	 0.25159 	 0.965291 	 0.982415 	 1
63.4 	 0.296504 	 0.933085 	 0.965675 	 1
63.5 	 0.358071 	 0.880053 	 0.936888 	 1
63.6 	 0.420802 	 0.815455 	 0.899328 	 1
63.7 	 0.475278 	 0.750041 	 0.857578 	 1
63.8 	 0.516024 	 0.693654 	 0.817239 	 1
63.9 	 0.540037 	 0.653155 	 0.78431 	 1
64 	 0.546037 	 0.631753 	 0.764279 	 1
64.1 	 0.534025 	 0.630135 	 0.761065 	 1
64.2 	 0.504947 	 0.648432 	 0.776081 	 1
64.3 	 0.460422 	 0.687106 	 0.807665 	 1
64.4 	 0.402569 	 0.745436 	 0.851104 	 1
64.5 	 0.334033 	 0.818342 	 0.899324 	 1
64.6 	 0.258528 	 0.894277 	 0.944171 	 1
64.7 	 0.183144 	 0.956877 	 0.978011 	 1
64.8 	 0.127805 	 0.99057 	 0.995269 	 1
64.9 	 0.135237 	 0.987082 	 0.99351 	 1
65 	 0.200916 	 0.948751 	 0.973769 	 1
65.1 	 0.284489 	 0.886725 	 0.940083 	 1
65.2 	 0.368153 	 0.815677 	 0.898426 	 1
65.3 	 0.444028 	 0.74853 	 0.855391 	 1
65.4 	 0.507012 	 0.693741 	 0.817032 	 1
65.5 	 0.553291 	 0.655384 	 0.7881 	 1
65.6 	 0.580124 	 0.634717 	 0.771749 	 1
65.7 	 0.585919 	 0.631842 	 0.769556 	 1
65.8 	 0.57033 	 0.646688 	 0.781638 	 1
65.9 	 0.5343 	 0.679133 	 0.806703 	 1
66 	 0.480047 	 0.728272 	 0.842014 	 1
66.1 	 0.411041 	 0.791024 	 0.883378 	 1
66.2 	 0.332151 	 0.86063 	 0.925348 	 1
66.3 	 0.250566 	 0.926093 	 0.96178 	 1
66.4 	 0.179534 	 0.973746 	 0.986739 	 1
66.5 	 0.14701 	 0.991231 	 0.995601 	 1
66.6 	 0.175743 	 0.972492 	 0.986096 	 1
66.7 	 0.239767 	 0.921058 	 0.959012 	 1
66.8 	 0.311442 	 0.849305 	 0.918312 	 1
66.9 	 0.37924 	 0.773623 	 0.870582 	 1
67 	 0.437985 	 0.708212 	 0.823851 	 1
67.1 	 0.484619 	 0.661162 	 0.786039 	 1
67.2 	 0.516955 	 0.634743 	 0.763378 	 1
67.3 	 0.533338 	 0.628588 	 0.75921 	 1
67.4 	 0.532667 	 0.642471 	 0.773474 	 1
67.5 	 0.514595 	 0.676378 	 0.802978 	 1
67.6 	 0.479835 	 0.72836 	 0.842317 	 1
67.7 	 0.430595 	 0.792588 	 0.885118 	 1
67.8 	 0.37127 	 0.859481 	 0.925229 	 1
67.9 	 0.309748 	 0.917831 	 0.957551 	 1
68 	 0.259654 	 0.957544 	 0.97843 	 1
68.1 	 0.240128 	 0.971748 	 0.985707 	 1
68.2 	 0.261876 	 0.957947 	 0.97864 	 1
68.3 	 0.31333 	 0.918443 	 0.957885 	 1
68.4 	 0.375475 	 0.86009 	 0.925583 	 1
68.5 	 0.435001 	 0.793122 	 0.885452 	 1
68.6 	 0.484194 	 0.728853 	 0.842674 	 1
68.7 	 0.518737 	 0.676825 	 0.803427 	 1
68.8 	 0.536461 	 0.642763 	 0.774006 	 1
68.9 	 0.536689 	 0.628606 	 0.759681 	 1
69 	 0.519806 	 0.634435 	 0.763559 	 1
69.1 	 0.486956 	 0.660487 	 0.785748 	 1
69.2 	 0.43982 	 0.707102 	 0.823084 	 1
69.3 	 0.380578 	 0.772129 	 0.869555 	 1
69.4 	 0.312191 	 0.847769 	 0.917363 	 1
69.5 	 0.239557 	 0.920002 	 0.958424 	 1
69.6 	 0.173556 	 0.972231 	 0.98596 	 1
69.7 	 0.141561 	 0.991621 	 0.995797 	 1
69.8 	 0.172404 	 0.974347 	 0.987044 	 1
69.9 	 0.243528 	 0.926559 	 0.962016 	 1
70 	 0.325604 	 0.860908 	 0.925474 	 1
70.1 	 0.405164 	 0.791242 	 0.883473 	 1
70.2 	 0.47504 	 0.728533 	 0.842174 	 1
70.3 	 0.530372 	 0.67943 	 0.806947 	 1
70.4 	 0.567661 	 0.646952 	 0.781893 	 1
70.5 	 0.584633 	 0.632011 	 0.769718 	 1
70.6 	 0.580277 	 0.634769 	 0.771766 	 1
70.7 	 0.55487 	 0.655333 	 0.788011 	 1
70.8 	 0.509946 	 0.693637 	 0.816926 	 1
70.9 	 0.448212 	 0.748422 	 0.855327 	 1
71 	 0.373495 	 0.815553 	 0.898376 	 1
71.1 	 0.290992 	 0.886478 	 0.939965 	 1
71.2 	 0.20879 	 0.948284 	 0.973531 	 1
71.3 	 0.144473 	 0.986505 	 0.99322 	 1
71.4 	 0.135237 	 0.990253 	 0.99511 	 1
71.5 	 0.186967 	 0.9572 	 0.978184 	 1
71.6 	 0.260388 	 0.895276 	 0.944754 	 1
71.7 	 0.334864 	 0.819655 	 0.900184 	 1
71.8 	 0.402714 	 0.746606 	 0.851947 	 1
71.9 	 0.459977 	 0.687899 	 0.808186 	 1
72 	 0.503911 	 0.648847 	 0.776125 	 1
72.1 	 0.53237 	 0.630228 	 0.760699 	 1
72.2 	 0.54374 	 0.631564 	 0.763721 	 1
72.3 	 0.537087 	 0.652771 	 0.783784 	 1
72.4 	 0.512425 	 0.693213 	 0.816849 	 1
72.5 	 0.471044 	 0.749616 	 0.85729 	 1
72.6 	 0.41597 	 0.814997 	 0.899048 	 1
72.7 	 0.352745 	 0.879514 	 0.936578 	 1
72.8 	 0.291007 	 0.932583 	 0.965401 	 1
72.9 	 0.246768 	 0.965092 	 0.982309 	 1
73 	 0.239121 	 0.971094 	 0.985373 	 1
73.1 	 0.27176 	 0.948964 	 0.973989 	 1
73.2 	 0.327783 	 0.902088 	 0.949031 	 1
73.3 	 0.389235 	 0.83869 	 0.913089 	 1
73.4 	 0.445021 	 0.770238 	 0.870556 	 1
73.5 	 0.488985 	 0.708429 	 0.827357 	 1
73.6 	 0.517855 	 0.661969 	 0.790212 	 1
73.7 	 0.530181 	 0.635031 	 0.765478 	 1
73.8 	 0.525739 	 0.628345 	 0.757851 	 1
73.9 	 0.505154 	 0.641764 	 0.769262 	 1
74 	 0.469638 	 0.67575 	 0.798295 	 1
74.1 	 0.420892 	 0.730041 	 0.840303 	 1
74.2 	 0.361249 	 0.800346 	 0.888235 	 1
74.3 	 0.294325 	 0.876042 	 0.933996 	 1
74.4 	 0.226988 	 0.941561 	 0.970019 	 1
74.5 	 0.174867 	 0.981521 	 0.990699 	 1
74.6 	 0.166856 	 0.986759 	 0.993348 	 1
74.7 	 0.212643 	 0.957657 	 0.97846 	 1
74.8 	 0.285982 	 0.903038 	 0.949298 	 1
74.9 	 0.365353 	 0.835888 	 0.910975 	 1
75 	 0.439738 	 0.768697 	 0.86935 	 1
75.1 	 0.502562 	 0.710627 	 0.830061 	 1
75.2 	 0.54932 	 0.666972 	 0.797899 	 1
75.3 	 0.576957 	 0.64009 	 0.776533 	 1
75.4 	 0.583758 	 0.630755 	 0.76844 	 1
75.5 	 0.569326 	 0.639254 	 0.774843 	 1
75.6 	 0.534537 	 0.665847 	 0.795514 	 1
75.7 	 0.481428 	 0.710394 	 0.828497 	 1
75.8 	 0.413062 	 0.770981 	 0.869913 	 1
75.9 	 0.333468 	 0.841942 	 0.914117 	 1
76 	 0.248066 	 0.912543 	 0.954343 	 1
76.1 	 0.166278 	 0.96811 	 0.983828 	 1
76.2 	 0.114004 	 0.994321 	 0.997155 	 1
76.3 	 0.135698 	 0.983083 	 0.991484 	 1
76.4 	 0.205832 	 0.936605 	 0.967302 	 1
76.5 	 0.285253 	 0.866834 	 0.92847 	 1
76.6 	 0.36112 	 0.790396 	 0.881528 	 1
76.7 	 0.42821 	 0.722104 	 0.834425 	 1
76.8 	 0.483215 	 0.670869 	 0.794966 	 1
76.9 	 0.523536 	 0.639721 	 0.769334 	 1
77 	 0.547084 	 0.628636 	 0.761036 	 1
77.1 	 0.552392 	 0.637229 	 0.770477 	 1
77.2 	 0.538846 	 0.665274 	 0.795208 	 1
77.3 	 0.506968 	 0.711274 	 0.830715 	 1
77.4 	 0.458752 	 0.770823 	 0.871446 	 1
77.5 	 0.398138 	 0.836264 	 0.911779 	 1
77.6 	 0.331929 	 0.897823 	 0.946702 	 1
77.7 	 0.271698 	 0.945446 	 0.972154 	 1
77.8 	 0.235668 	 0.970646 	 0.985148 	 1
77.9 	 0.240753 	 0.96814 	 0.983868 	 1
78 	 0.28254 	 0.937295 	 0.967882 	 1
78.1 	 0.341229 	 0.883032 	 0.93848 	 1
78.2 	 0.400962 	 0.815361 	 0.898949 	 1
78.3 	 0.452755 	 0.746932 	 0.854543 	 1
78.4 	 0.491811 	 0.689246 	 0.811949 	 1
78.5 	 0.515727 	 0.649505 	 0.77823 	 1
78.6 	 0.523584 	 0.63014 	 0.759446 	 1
78.7 	 0.515429 	 0.631049 	 0.759319 	 1
78.8 	 0.491962 	 0.652264 	 0.778314 	 1
78.9 	 0.454374 	 0.694299 	 0.813421 	 1
79 	 0.404403 	 0.755577 	 0.858697 	 1
79.1 	 0.344709 	 0.829162 	 0.906438 	 1
79.2 	 0.279965 	 0.902033 	 0.948708 	 1
79.3 	 0.219682 	 0.95835 	 0.978831 	 1
79.4 	 0.183655 	 0.985184 	 0.99255 	 1
79.5 	 0.195847 	 0.977352 	 0.988585 	 1
79.6 	 0.251245 	 0.938677 	 0.968543 	 1
79.7 	 0.325318 	 0.879483 	 0.93628 	 1
79.8 	 0.401295 	 0.812284 	 0.896957 	 1
79.9 	 0.469788 	 0.74809 	 0.856094 	 1
80 	 0.524859 	 0.694601 	 0.818858 	 1
80.1 	 0.562513 	 0.656177 	 0.78965 	 1
80.2 	 0.580268 	 0.634791 	 0.77193 	 1
80.3 	 0.577035 	 0.631175 	 0.768085 	 1
80.4 	 0.553037 	 0.645723 	 0.779188 	 1
80.5 	 0.509687 	 0.678768 	 0.804627 	 1
80.6 	 0.449409 	 0.729883 	 0.84175 	 1
80.7 	 0.375459 	 0.796074 	 0.885773 	 1
80.8 	 0.291891 	 0.869631 	 0.930195 	 1
80.9 	 0.204251 	 0.937483 	 0.967765 	 1
81 	 0.124297 	 0.983834 	 0.991861 	 1
81.1 	 0.0942725 	 0.995841 	 0.997918 	 1
81.2 	 0.148807 	 0.969447 	 0.984503 	 1
81.3 	 0.230612 	 0.911588 	 0.953721 	 1
81.4 	 0.313216 	 0.837177 	 0.910834 	 1
81.5 	 0.389167 	 0.762748 	 0.863188 	 1
81.6 	 0.454526 	 0.700715 	 0.818749 	 1
81.7 	 0.50627 	 0.657229 	 0.784579 	 1
81.8 	 0.541878 	 0.63373 	 0.765611 	 1
81.9 	 0.559384 	 0.629885 	 0.763962 	 1
82 	 0.557598 	 0.645374 	 0.778878 	 1
82.1 	 0.536364 	 0.679594 	 0.807228 	 1
82.2 	 0.496832 	 0.730191 	 0.844342 	 1
82.3 	 0.441779 	 0.791949 	 0.884913 	 1
82.4 	 0.376121 	 0.856859 	 0.923728 	 1
82.5 	 0.308045 	 0.915207 	 0.956125 	 1
82.6 	 0.251307 	 0.957157 	 0.978232 	 1
82.7 	 0.225923 	 0.974533 	 0.987128 	 1
82.8 	 0.244103 	 0.962756 	 0.981113 	 1
82.9 	 0.29344 	 0.922653 	 0.960105 	 1
83 	 0.35355 	 0.86127 	 0.926078 	 1
83.1 	 0.411134 	 0.790598 	 0.883252 	 1
83.2 	 0.459121 	 0.724013 	 0.837828 	 1
83.3 	 0.493865 	 0.671995 	 0.797118 	 1
83.4 	 0.513632 	 0.639729 	 0.768199 	 1
83.5 	 0.517843 	 0.62808 	 0.756418 	 1
83.6 	 0.50665 	 0.636655 	 0.764164 	 1
83.7 	 0.480719 	 0.665835 	 0.790273 	 1
83.8 	 0.441209 	 0.715659 	 0.830239 	 1
83.9 	 0.390003 	 0.782524 	 0.877152 	 1
84 	 0.330359 	 0.856819 	 0.923117 	 1
84.1 	 0.268463 	 0.924087 	 0.96078 	 1
84.2 	 0.216911 	 0.96957 	 0.984616 	 1
84.3 	 0.197698 	 0.983554 	 0.991723 	 1
84.4 	 0.225854 	 0.964497 	 0.982015 	 1
84.5 	 0.287434 	 0.918597 	 0.957865 	 1
84.6 	 0.36093 	 0.856668 	 0.923385 	 1
84.7 	 0.432668 	 0.790347 	 0.883584 	 1
84.8 	 0.494524 	 0.729345 	 0.843641 	 1
84.9 	 0.541259 	 0.680326 	 0.808412 	 1
85 	 0.569505 	 0.647064 	 0.782142 	 1
85.1 	 0.577429 	 0.631287 	 0.768254 	 1
85.2 	 0.564586 	 0.633686 	 0.769063 	 1
85.3 	 0.53177 	 0.65471 	 0.785337 	 1
85.4 	 0.480828 	 0.69465 	 0.815811 	 1
85.5 	 0.414427 	 0.752489 	 0.85688 	 1
85.6 	 0.335865 	 0.823622 	 0.902738 	 1
85.7 	 0.249094 	 0.897859 	 0.946124 	 1
85.8 	 0.159862 	 0.960009 	 0.979608 	 1
85.9 	 0.085444 	 0.99426 	 0.997124 	 1
86 	 0.0948658 	 0.990714 	 0.995338 	 1
86.1 	 0.173705 	 0.950128 	 0.974432 	 1
86.2 	 0.261307 	 0.883651 	 0.93808 	 1
86.3 	 0.344794 	 0.80771 	 0.892655 	 1
86.4 	 0.419399 	 0.737432 	 0.845877 	 1
86.5 	 0.481722 	 0.682449 	 0.805295 	 1
86.6 	 0.528865 	 0.646627 	 0.776941 	 1
86.7 	 0.558416 	 0.630442 	 0.764442 	 1
86.8 	 0.568659 	 0.633483 	 0.768703 	 1
86.9 	 0.558816 	 0.655366 	 0.788133 	 1
87 	 0.529307 	 0.695014 	 0.819251 	 1
87.1 	 0.481982 	 0.749393 	 0.857445 	 1
87.2 	 0.420426 	 0.812758 	 0.897681 	 1
87.3 	 0.350545 	 0.876819 	 0.935013 	 1
87.4 	 0.282021 	 0.931683 	 0.964908 	 1
87.5 	 0.231029 	 0.967397 	 0.983497 	 1
87.6 	 0.218354 	 0.976029 	 0.987892 	 1
87.7 	 0.248936 	 0.954099 	 0.976648 	 1
87.8 	 0.304012 	 0.904571 	 0.950299 	 1
87.9 	 0.36457 	 0.837066 	 0.91177 	 1
88 	 0.419907 	 0.765321 	 0.866364 	 1
88.1 	 0.464565 	 0.70258 	 0.821162 	 1
88.2 	 0.495778 	 0.657474 	 0.783815 	 1
88.3 	 0.512243 	 0.633025 	 0.761001 	 1
88.4 	 0.513516 	 0.629068 	 0.756946 	 1
88.5 	 0.499709 	 0.645416 	 0.772462 	 1
88.6 	 0.471412 	 0.682609 	 0.804759 	 1
88.7 	 0.429823 	 0.739488 	 0.848089 	 1
88.8 	 0.377175 	 0.80998 	 0.895001 	 1
88.9 	 0.317668 	 0.882292 	 0.937852 	 1
89 	 0.259494 	 0.941735 	 0.970189 	 1
89.1 	 0.21839 	 0.975677 	 0.987728 	 1
89.2 	 0.215661 	 0.977753 	 0.988784 	 1
89.3 	 0.256085 	 0.949319 	 0.974164 	 1
89.4 	 0.321345 	 0.897957 	 0.946682 	 1
89.5 	 0.392974 	 0.834377 	 0.910482 	 1
89.6 	 0.45954 	 0.769331 	 0.870379 	 1
89.7 	 0.514032 	 0.711584 	 0.831343 	 1
89.8 	 0.551987 	 0.66711 	 0.798139 	 1
89.9 	 0.570749 	 0.639257 	 0.775044 	 1
90 	 0.569174 	 0.629485 	 0.765495 	 1
90.1 	 0.547438 	 0.638375 	 0.771602 	 1
90.2 	 0.506828 	 0.666386 	 0.793558 	 1
90.3 	 0.449506 	 0.713613 	 0.829148 	 1
90.4 	 0.378253 	 0.778018 	 0.873629 	 1
90.5 	 0.296304 	 0.85281 	 0.920199 	 1
90.6 	 0.207527 	 0.925139 	 0.961089 	 1
90.7 	 0.118605 	 0.978422 	 0.989098 	 1
90.8 	 0.0631486 	 0.998302 	 0.99915 	 1
90.9 	 0.118025 	 0.979082 	 0.989436 	 1
91 	 0.207074 	 0.926438 	 0.961797 	 1
91.1 	 0.296172 	 0.854569 	 0.921266 	 1
91.2 	 0.378563 	 0.779875 	 0.874917 	 1
91.3 	 0.450347 	 0.7152 	 0.830388 	 1
91.4 	 0.508253 	 0.667517 	 0.794459 	 1
91.5 	 0.54945 	 0.639036 	 0.772001 	 1
91.6 	 0.571724 	 0.629737 	 0.765446 	 1
91.7 	 0.573717 	 0.6392 	 0.774774 	 1
91.8 	 0.555182 	 0.666897 	 0.797889 	 1
91.9 	 0.517185 	 0.711344 	 0.831207 	 1
92 	 0.462304 	 0.769011 	 0.870247 	 1
92.1 	 0.394924 	 0.833697 	 0.910135 	 1
92.2 	 0.321972 	 0.896628 	 0.945971 	 1
92.3 	 0.254845 	 0.947378 	 0.973151 	 1
92.4 	 0.212428 	 0.975706 	 0.987736 	 1
92.5 	 0.214361 	 0.974218 	 0.986977 	 1
92.6 	 0.256159 	 0.941265 	 0.969942 	 1
92.7 	 0.315422 	 0.88267 	 0.938088 	 1
92.8 	 0.375821 	 0.810731 	 0.895505 	 1
92.9 	 0.429028 	 0.740208 	 0.848596 	 1
93 	 0.470858 	 0.68315 	 0.805102 	 1
93.1 	 0.499151 	 0.645762 	 0.772616 	 1
93.2 	 0.512818 	 0.629203 	 0.75697 	 1
93.3 	 0.511404 	 0.632937 	 0.760938 	 1
93.4 	 0.494933 	 0.657185 	 0.783647 	 1
93.5 	 0.463978 	 0.702109 	 0.820849 	 1
93.6 	 0.419955 	 0.764694 	 0.865939 	 1
93.7 	 0.365724 	 0.836456 	 0.911385 	 1
93.8 	 0.306803 	 0.904358 	 0.950176 	 1
93.9 	 0.253773 	 0.954649 	 0.976939 	 1
94 	 0.224774 	 0.977345 	 0.98857 	 1
94.1 	 0.237087 	 0.969026 	 0.984339 	 1
94.2 	 0.286241 	 0.933022 	 0.965619 	 1
94.3 	 0.352853 	 0.877539 	 0.935401 	 1
94.4 	 0.421225 	 0.812963 	 0.897764 	 1
94.5 	 0.4817 	 0.749405 	 0.857412 	 1
94.6 	 0.528305 	 0.695046 	 0.819309 	 1
94.7 	 0.557384 	 0.655384 	 0.788339 	 1
94.8 	 0.567014 	 0.633322 	 0.768901 	 1
94.9 	 0.556711 	 0.629967 	 0.764362 	 1
95 	 0.527187 	 0.645765 	 0.776382 	 1
95.1 	 0.480098 	 0.68116 	 0.80427 	 1
95.2 	 0.417782 	 0.735785 	 0.844623 	 1
95.3 	 0.34303 	 0.806001 	 0.891507 	 1
95.4 	 0.25903 	 0.882332 	 0.937302 	 1
95.5 	 0.16997 	 0.949533 	 0.974113 	 1
95.6 	 0.086663 	 0.990876 	 0.99542 	 1
95.7 	 0.0745854 	 0.995017 	 0.997504 	 1
95.8 	 0.153705 	 0.961215 	 0.980233 	 1
95.9 	 0.245149 	 0.899421 	 0.946995 	 1
96 	 0.333347 	 0.825369 	 0.90383 	 1
96.1 	 0.413136 	 0.754141 	 0.858062 	 1
96.2 	 0.480724 	 0.695953 	 0.81685 	 1
96.3 	 0.532838 	 0.655545 	 0.785994 	 1
96.4 	 0.566778 	 0.634054 	 0.769227 	 1
96.5 	 0.580635 	 0.631242 	 0.768009 	 1
96.6 	 0.573536 	 0.646707 	 0.781707 	 1
96.7 	 0.545841 	 0.679799 	 0.807989 	 1
96.8 	 0.499295 	 0.728732 	 0.843279 	 1
96.9 	 0.437174 	 0.789549 	 0.883159 	 1
97 	 0.364608 	 0.855436 	 0.922721 	 1
97.1 	 0.289562 	 0.916784 	 0.956903 	 1
97.2 	 0.225529 	 0.962357 	 0.980912 	 1
97.3 	 0.194515 	 0.981744 	 0.990802 	 1
97.4 	 0.212309 	 0.968748 	 0.984191 	 1
97.5 	 0.264065 	 0.924431 	 0.960973 	 1
97.6 	 0.326616 	 0.857931 	 0.923793 	 1
97.7 	 0.386817 	 0.783809 	 0.878003 	 1
97.8 	 0.438345 	 0.716746 	 0.830965 	 1
97.9 	 0.477955 	 0.666647 	 0.790727 	 1
98 	 0.503844 	 0.637216 	 0.764376 	 1
98.1 	 0.514962 	 0.628391 	 0.756504 	 1
98.2 	 0.510768 	 0.63981 	 0.768237 	 1
98.3 	 0.49123 	 0.671897 	 0.797092 	 1
98.4 	 0.457041 	 0.723749 	 0.837679 	 1
98.5 	 0.410042 	 0.79016 	 0.882978 	 1
98.6 	 0.354001 	 0.860778 	 0.925788 	 1
98.7 	 0.296095 	 0.922405 	 0.959974 	 1
98.8 	 0.24947 	 0.963021 	 0.981256 	 1
98.9 	 0.233339 	 0.975269 	 0.987511 	 1
99 	 0.258634 	 0.957987 	 0.97867 	 1
99.1 	 0.313873 	 0.915712 	 0.956402 	 1
99.2 	 0.380264 	 0.856905 	 0.923745 	 1
99.3 	 0.444462 	 0.791733 	 0.884755 	 1
99.4 	 0.498326 	 0.729988 	 0.844208 	 1
99.5 	 0.5369 	 0.679487 	 0.807267 	 1
99.6 	 0.557356 	 0.64523 	 0.779059 	 1
99.7 	 0.558491 	 0.62953 	 0.764062 	 1
99.8 	 0.540411 	 0.633072 	 0.765355 	 1
99.9 	 0.504251 	 0.656229 	 0.783834 	 1
100 	 0.451896 	 0.699376 	 0.817635 	 1
