time = tau * tau_parallel
rms: rms distance of hole to its origin
IPR: inverse participation ratio, IPR(tau) = sum_i (n_h(i,tau))^2, with hole density n_h(i,tau) at site i at time tau.
return prob: probability of the hole to return to its origin, n_h(0,tau).
leg imbalance: difference between the occupation in the two legs of the ladder (see Eq. (15) in the manuscript).


time, rms, IPR, return prob, leg imbalance
0 	 0 	 1 	 1 	 1
0.05 	 0.0499202 	 0.995037 	 0.997513 	 1
0.1 	 0.0971125 	 0.981442 	 0.990633 	 1
0.15 	 0.139248 	 0.962512 	 0.980893 	 1
0.2 	 0.174574 	 0.942293 	 0.97027 	 1
0.25 	 0.202003 	 0.924381 	 0.960662 	 1
0.3 	 0.221226 	 0.911176 	 0.953458 	 1
0.35 	 0.232768 	 0.903628 	 0.9493 	 1
0.4 	 0.237921 	 0.901391 	 0.948076 	 1
0.45 	 0.238597 	 0.903159 	 0.949083 	 1
0.5 	 0.237041 	 0.907083 	 0.95128 	 1
0.55 	 0.23536 	 0.911279 	 0.953613 	 1
0.6 	 0.235012 	 0.914292 	 0.955285 	 1
0.65 	 0.23661 	 0.915319 	 0.955863 	 1
0.7 	 0.240104 	 0.914152 	 0.955238 	 1
0.75 	 0.245146 	 0.910956 	 0.953495 	 1
0.8 	 0.251394 	 0.906052 	 0.950801 	 1
0.85 	 0.258599 	 0.899827 	 0.947354 	 1
0.9 	 0.266549 	 0.892756 	 0.943408 	 1
0.95 	 0.274966 	 0.885452 	 0.939299 	 1
1 	 0.283445 	 0.878612 	 0.935428 	 1
1.05 	 0.291461 	 0.872901 	 0.932186 	 1
1.1 	 0.298455 	 0.868769 	 0.929843 	 1
1.15 	 0.304011 	 0.866283 	 0.928448 	 1
1.2 	 0.308019 	 0.865101 	 0.927801 	 1
1.25 	 0.310735 	 0.864608 	 0.927544 	 1
1.3 	 0.312711 	 0.864156 	 0.927299 	 1
1.35 	 0.314639 	 0.863264 	 0.926793 	 1
1.4 	 0.317124 	 0.861716 	 0.925903 	 1
1.45 	 0.320455 	 0.859567 	 0.924666 	 1
1.5 	 0.324489 	 0.857093 	 0.923244 	 1
1.55 	 0.328694 	 0.854699 	 0.921869 	 1
1.6 	 0.332354 	 0.852825 	 0.920796 	 1
1.65 	 0.334824 	 0.851838 	 0.920237 	 1
1.7 	 0.335764 	 0.851917 	 0.920295 	 1
1.75 	 0.335267 	 0.852998 	 0.920933 	 1
1.8 	 0.333822 	 0.854805 	 0.92199 	 1
1.85 	 0.332124 	 0.856974 	 0.923257 	 1
1.9 	 0.330803 	 0.859191 	 0.924554 	 1
1.95 	 0.330181 	 0.861291 	 0.925787 	 1
2 	 0.330152 	 0.863281 	 0.926959 	 1
2.05 	 0.330227 	 0.865292 	 0.928141 	 1
2.1 	 0.329754 	 0.867505 	 0.929429 	 1
2.15 	 0.328195 	 0.870085 	 0.930913 	 1
2.2 	 0.325342 	 0.873133 	 0.932648 	 1
2.25 	 0.32141 	 0.876654 	 0.934639 	 1
2.3 	 0.316939 	 0.880549 	 0.936832 	 1
2.35 	 0.31258 	 0.884619 	 0.939118 	 1
2.4 	 0.308827 	 0.88862 	 0.941359 	 1
2.45 	 0.305824 	 0.892344 	 0.943442 	 1
2.5 	 0.303338 	 0.895716 	 0.945321 	 1
2.55 	 0.300893 	 0.898818 	 0.947041 	 1
2.6 	 0.298004 	 0.90185 	 0.948712 	 1
2.65 	 0.294383 	 0.905017 	 0.950447 	 1
2.7 	 0.290046 	 0.908419 	 0.952302 	 1
2.75 	 0.285296 	 0.911986 	 0.954238 	 1
2.8 	 0.280594 	 0.915497 	 0.956137 	 1
2.85 	 0.276381 	 0.918684 	 0.957856 	 1
2.9 	 0.272917 	 0.921347 	 0.95929 	 1
2.95 	 0.270198 	 0.923417 	 0.960401 	 1
3 	 0.267998 	 0.924953 	 0.961223 	 1
3.05 	 0.265983 	 0.92612 	 0.961845 	 1
3.1 	 0.263831 	 0.927163 	 0.962398 	 1
3.15 	 0.261337 	 0.928335 	 0.963019 	 1
3.2 	 0.258506 	 0.929771 	 0.96378 	 1
3.25 	 0.255568 	 0.931383 	 0.964635 	 1
3.3 	 0.252917 	 0.93286 	 0.965418 	 1
3.35 	 0.250952 	 0.933773 	 0.9659 	 1
3.4 	 0.249977 	 0.93372 	 0.965867 	 1
3.45 	 0.250151 	 0.932438 	 0.965178 	 1
3.5 	 0.251515 	 0.929855 	 0.963791 	 1
3.55 	 0.254028 	 0.92607 	 0.961752 	 1
3.6 	 0.257563 	 0.921288 	 0.959163 	 1
3.65 	 0.261872 	 0.915767 	 0.956155 	 1
3.7 	 0.266563 	 0.909837 	 0.952901 	 1
3.75 	 0.271099 	 0.903949 	 0.949643 	 1
3.8 	 0.274846 	 0.898718 	 0.946723 	 1
3.85 	 0.277178 	 0.894901 	 0.944574 	 1
3.9 	 0.27759 	 0.893276 	 0.943647 	 1
3.95 	 0.275798 	 0.894436 	 0.944287 	 1
4 	 0.271869 	 0.898533 	 0.946576 	 1
4.05 	 0.266316 	 0.905082 	 0.95022 	 1
4.1 	 0.260176 	 0.912882 	 0.954527 	 1
4.15 	 0.254986 	 0.920118 	 0.958487 	 1
4.2 	 0.252573 	 0.924662 	 0.96096 	 1
4.25 	 0.254584 	 0.924581 	 0.960926 	 1
4.3 	 0.261847 	 0.918748 	 0.957774 	 1
4.35 	 0.273908 	 0.907318 	 0.951525 	 1
4.4 	 0.289101 	 0.891802 	 0.942898 	 1
4.45 	 0.305078 	 0.874685 	 0.933181 	 1
4.5 	 0.319396 	 0.858782 	 0.923952 	 1
4.55 	 0.329979 	 0.846586 	 0.916733 	 1
4.6 	 0.335379 	 0.839806 	 0.912657 	 1
4.65 	 0.334969 	 0.839146 	 0.912241 	 1
4.7 	 0.329021 	 0.844275 	 0.915299 	 1
4.75 	 0.318722 	 0.853936 	 0.921022 	 1
4.8 	 0.306092 	 0.866173 	 0.928177 	 1
4.85 	 0.293704 	 0.878676 	 0.935382 	 1
4.9 	 0.284168 	 0.88922 	 0.94138 	 1
4.95 	 0.279421 	 0.896103 	 0.945266 	 1
5 	 0.280093 	 0.898451 	 0.946603 	 1
5.05 	 0.285343 	 0.89634 	 0.945453 	 1
5.1 	 0.293306 	 0.890725 	 0.942331 	 1
5.15 	 0.301837 	 0.883199 	 0.938093 	 1
5.2 	 0.309131 	 0.875613 	 0.933765 	 1
5.25 	 0.31405 	 0.869667 	 0.930329 	 1
5.3 	 0.316172 	 0.866585 	 0.928526 	 1
5.35 	 0.315665 	 0.866934 	 0.928719 	 1
5.4 	 0.313099 	 0.870597 	 0.930845 	 1
5.45 	 0.30923 	 0.876865 	 0.934469 	 1
5.5 	 0.304823 	 0.884619 	 0.938913 	 1
5.55 	 0.300542 	 0.892578 	 0.943424 	 1
5.6 	 0.296899 	 0.899581 	 0.947349 	 1
5.65 	 0.294252 	 0.904823 	 0.950261 	 1
5.7 	 0.292798 	 0.90801 	 0.952019 	 1
5.75 	 0.29256 	 0.909351 	 0.952755 	 1
5.8 	 0.293385 	 0.909409 	 0.952786 	 1
5.85 	 0.294949 	 0.908883 	 0.952498 	 1
5.9 	 0.296798 	 0.908406 	 0.952241 	 1
5.95 	 0.298449 	 0.908435 	 0.952264 	 1
6 	 0.299503 	 0.909209 	 0.952698 	 1
6.05 	 0.299726 	 0.910783 	 0.953569 	 1
6.1 	 0.299059 	 0.913092 	 0.954837 	 1
6.15 	 0.297586 	 0.916022 	 0.956436 	 1
6.2 	 0.295527 	 0.919424 	 0.958283 	 1
6.25 	 0.293242 	 0.923074 	 0.960254 	 1
6.3 	 0.291215 	 0.926613 	 0.962158 	 1
6.35 	 0.289951 	 0.929564 	 0.963739 	 1
6.4 	 0.289846 	 0.93142 	 0.964733 	 1
6.45 	 0.291072 	 0.931819 	 0.964949 	 1
6.5 	 0.293529 	 0.930691 	 0.964353 	 1
6.55 	 0.296891 	 0.928311 	 0.963087 	 1
6.6 	 0.300684 	 0.925214 	 0.961434 	 1
6.65 	 0.304386 	 0.92202 	 0.959723 	 1
6.7 	 0.307536 	 0.919238 	 0.958228 	 1
6.75 	 0.309853 	 0.917135 	 0.957095 	 1
6.8 	 0.311341 	 0.915679 	 0.956308 	 1
6.85 	 0.312333 	 0.914568 	 0.955706 	 1
6.9 	 0.313404 	 0.913326 	 0.955031 	 1
6.95 	 0.315172 	 0.91146 	 0.954017 	 1
7 	 0.318035 	 0.908646 	 0.952486 	 1
7.05 	 0.321975 	 0.904874 	 0.950427 	 1
7.1 	 0.326548 	 0.900471 	 0.948012 	 1
7.15 	 0.331052 	 0.895986 	 0.945539 	 1
7.2 	 0.334803 	 0.891979 	 0.943316 	 1
7.25 	 0.337399 	 0.888802 	 0.941543 	 1
7.3 	 0.33887 	 0.886479 	 0.940237 	 1
7.35 	 0.339682 	 0.884707 	 0.939235 	 1
7.4 	 0.340577 	 0.88299 	 0.938264 	 1
7.45 	 0.342291 	 0.880837 	 0.937049 	 1
7.5 	 0.345254 	 0.877922 	 0.935407 	 1
7.55 	 0.349407 	 0.874168 	 0.933288 	 1
7.6 	 0.354226 	 0.869726 	 0.930768 	 1
7.65 	 0.358933 	 0.864903 	 0.928012 	 1
7.7 	 0.362766 	 0.860082 	 0.925228 	 1
7.75 	 0.36522 	 0.855635 	 0.922628 	 1
7.8 	 0.366167 	 0.851872 	 0.920397 	 1
7.85 	 0.365809 	 0.84903 	 0.918683 	 1
7.9 	 0.364514 	 0.847288 	 0.917609 	 1
7.95 	 0.362601 	 0.846794 	 0.917275 	 1
8 	 0.360187 	 0.847664 	 0.917758 	 1
8.05 	 0.357146 	 0.849975 	 0.919101 	 1
8.1 	 0.353199 	 0.853745 	 0.921301 	 1
8.15 	 0.348077 	 0.858898 	 0.924298 	 1
8.2 	 0.341732 	 0.865204 	 0.927939 	 1
8.25 	 0.334536 	 0.872188 	 0.931938 	 1
8.3 	 0.327358 	 0.879073 	 0.935849 	 1
8.35 	 0.321454 	 0.884817 	 0.939089 	 1
8.4 	 0.3181 	 0.888326 	 0.94106 	 1
8.45 	 0.318096 	 0.888795 	 0.941326 	 1
8.5 	 0.321401 	 0.886029 	 0.939778 	 1
8.55 	 0.327081 	 0.880608 	 0.936723 	 1
8.6 	 0.333621 	 0.873789 	 0.932845 	 1
8.65 	 0.339376 	 0.867201 	 0.929059 	 1
8.7 	 0.34294 	 0.862475 	 0.926315 	 1
8.75 	 0.343343 	 0.860941 	 0.925408 	 1
8.8 	 0.340119 	 0.86341 	 0.926827 	 1
8.85 	 0.333271 	 0.870066 	 0.93066 	 1
8.9 	 0.323222 	 0.880437 	 0.936579 	 1
8.95 	 0.310722 	 0.893486 	 0.943924 	 1
9 	 0.296748 	 0.907799 	 0.951848 	 1
9.05 	 0.282447 	 0.92183 	 0.959486 	 1
9.1 	 0.269093 	 0.93415 	 0.966092 	 1
9.15 	 0.25802 	 0.943633 	 0.971115 	 1
9.2 	 0.25046 	 0.949565 	 0.974231 	 1
9.25 	 0.24726 	 0.951686 	 0.975339 	 1
9.3 	 0.248541 	 0.95022 	 0.974571 	 1
9.35 	 0.253523 	 0.945881 	 0.972293 	 1
9.4 	 0.260666 	 0.939822 	 0.969096 	 1
9.45 	 0.268098 	 0.933486 	 0.965731 	 1
9.5 	 0.274086 	 0.928347 	 0.962984 	 1
9.55 	 0.27743 	 0.925583 	 0.9615 	 1
9.6 	 0.277692 	 0.925792 	 0.961614 	 1
9.65 	 0.275235 	 0.928835 	 0.96325 	 1
9.7 	 0.271115 	 0.933837 	 0.965927 	 1
9.75 	 0.266845 	 0.939379 	 0.968877 	 1
9.8 	 0.264023 	 0.943851 	 0.971245 	 1
9.85 	 0.263875 	 0.945899 	 0.972329 	 1
9.9 	 0.266864 	 0.94483 	 0.971773 	 1
9.95 	 0.272581 	 0.940796 	 0.969653 	 1
10 	 0.279966 	 0.934678 	 0.966416 	 1
10.05 	 0.287755 	 0.927718 	 0.962707 	 1
10.1 	 0.294924 	 0.921075 	 0.95914 	 1
10.15 	 0.300957 	 0.915489 	 0.956119 	 1
10.2 	 0.305887 	 0.911144 	 0.953757 	 1
10.25 	 0.310147 	 0.907768 	 0.951916 	 1
10.3 	 0.314323 	 0.90486 	 0.950327 	 1
10.35 	 0.318881 	 0.90197 	 0.948747 	 1
10.4 	 0.323983 	 0.898902 	 0.947069 	 1
10.45 	 0.329458 	 0.895758 	 0.945347 	 1
10.5 	 0.334906 	 0.892826 	 0.943741 	 1
10.55 	 0.339901 	 0.890358 	 0.942391 	 1
10.6 	 0.344185 	 0.888371 	 0.941303 	 1
10.65 	 0.347785 	 0.886553 	 0.940303 	 1
10.7 	 0.351036 	 0.884348 	 0.939078 	 1
10.75 	 0.354472 	 0.881176 	 0.937296 	 1
10.8 	 0.358622 	 0.876688 	 0.934759 	 1
10.85 	 0.363765 	 0.870961 	 0.931499 	 1
10.9 	 0.36977 	 0.864524 	 0.927812 	 1
10.95 	 0.37608 	 0.858226 	 0.924183 	 1
11 	 0.381893 	 0.852989 	 0.921155 	 1
11.05 	 0.386415 	 0.84955 	 0.919168 	 1
11.1 	 0.389118 	 0.848255 	 0.918433 	 1
11.15 	 0.389894 	 0.848987 	 0.918881 	 1
11.2 	 0.38907 	 0.851225 	 0.920201 	 1
11.25 	 0.387303 	 0.854217 	 0.921949 	 1
11.3 	 0.385378 	 0.857206 	 0.923684 	 1
11.35 	 0.383974 	 0.85962 	 0.925081 	 1
11.4 	 0.383449 	 0.86119 	 0.925989 	 1
11.45 	 0.383742 	 0.861973 	 0.926446 	 1
11.5 	 0.384405 	 0.862305 	 0.926644 	 1
11.55 	 0.384777 	 0.862667 	 0.926856 	 1
11.6 	 0.384237 	 0.863508 	 0.927338 	 1
11.65 	 0.38245 	 0.86508 	 0.928231 	 1
11.7 	 0.379499 	 0.867351 	 0.929515 	 1
11.75 	 0.375857 	 0.870031 	 0.931026 	 1
11.8 	 0.372231 	 0.872694 	 0.932523 	 1
11.85 	 0.369306 	 0.874928 	 0.933777 	 1
11.9 	 0.367507 	 0.876468 	 0.934641 	 1
11.95 	 0.36685 	 0.877295 	 0.935107 	 1
12 	 0.366932 	 0.87769 	 0.935331 	 1
12.05 	 0.367043 	 0.87822 	 0.935632 	 1
12.1 	 0.366381 	 0.879635 	 0.93643 	 1
12.15 	 0.364259 	 0.882684 	 0.938143 	 1
12.2 	 0.360291 	 0.887873 	 0.941045 	 1
12.25 	 0.354508 	 0.895264 	 0.945151 	 1
12.3 	 0.347352 	 0.904402 	 0.95018 	 1
12.35 	 0.339573 	 0.914396 	 0.955623 	 1
12.4 	 0.332019 	 0.924154 	 0.96088 	 1
12.45 	 0.325441 	 0.932655 	 0.965413 	 1
12.5 	 0.320351 	 0.939144 	 0.968845 	 1
12.55 	 0.316998 	 0.943194 	 0.970974 	 1
12.6 	 0.31543 	 0.944654 	 0.971738 	 1
12.65 	 0.315535 	 0.943578 	 0.97117 	 1
12.7 	 0.317086 	 0.940197 	 0.969387 	 1
12.75 	 0.31972 	 0.934937 	 0.9666 	 1
12.8 	 0.322966 	 0.928438 	 0.96313 	 1
12.85 	 0.326267 	 0.921544 	 0.959418 	 1
12.9 	 0.329015 	 0.915262 	 0.956004 	 1
12.95 	 0.330578 	 0.91067 	 0.953488 	 1
13 	 0.330356 	 0.90877 	 0.952435 	 1
13.05 	 0.327899 	 0.910276 	 0.953251 	 1
13.1 	 0.32308 	 0.915369 	 0.956024 	 1
13.15 	 0.316257 	 0.92351 	 0.96043 	 1
13.2 	 0.308345 	 0.933405 	 0.965733 	 1
13.25 	 0.300753 	 0.9432 	 0.970924 	 1
13.3 	 0.295125 	 0.95088 	 0.974955 	 1
13.35 	 0.292932 	 0.954781 	 0.97699 	 1
13.4 	 0.295024 	 0.954003 	 0.976586 	 1
13.45 	 0.301355 	 0.948591 	 0.973763 	 1
13.5 	 0.310984 	 0.939446 	 0.968954 	 1
13.55 	 0.322379 	 0.928018 	 0.962877 	 1
13.6 	 0.333847 	 0.915948 	 0.956376 	 1
13.65 	 0.343895 	 0.904743 	 0.950257 	 1
13.7 	 0.351484 	 0.895548 	 0.945171 	 1
13.75 	 0.356147 	 0.889041 	 0.94153 	 1
13.8 	 0.358004 	 0.885397 	 0.939469 	 1
13.85 	 0.357687 	 0.884308 	 0.93884 	 1
13.9 	 0.356175 	 0.885042 	 0.939242 	 1
13.95 	 0.354605 	 0.886568 	 0.940096 	 1
14 	 0.354005 	 0.887764 	 0.94077 	 1
14.05 	 0.355076 	 0.88768 	 0.94073 	 1
14.1 	 0.35804 	 0.885788 	 0.939679 	 1
14.15 	 0.36264 	 0.882118 	 0.937624 	 1
14.2 	 0.368265 	 0.877226 	 0.934868 	 1
14.25 	 0.374133 	 0.871993 	 0.931904 	 1
14.3 	 0.379513 	 0.867334 	 0.929255 	 1
14.35 	 0.383877 	 0.863922 	 0.927314 	 1
14.4 	 0.386994 	 0.862003 	 0.926229 	 1
14.45 	 0.388912 	 0.861366 	 0.925881 	 1
14.5 	 0.389903 	 0.861473 	 0.925956 	 1
14.55 	 0.390325 	 0.861703 	 0.926092 	 1
14.6 	 0.39052 	 0.861618 	 0.926036 	 1
14.65 	 0.390716 	 0.86114 	 0.925745 	 1
14.7 	 0.390997 	 0.860542 	 0.925384 	 1
14.75 	 0.391344 	 0.860297 	 0.925235 	 1
14.8 	 0.391643 	 0.860867 	 0.925571 	 1
14.85 	 0.391724 	 0.862525 	 0.926549 	 1
14.9 	 0.391419 	 0.865265 	 0.928155 	 1
14.95 	 0.390625 	 0.868798 	 0.93021 	 1
15 	 0.389375 	 0.872638 	 0.932424 	 1
15.05 	 0.387884 	 0.876234 	 0.934479 	 1
15.1 	 0.386505 	 0.879112 	 0.936112 	 1
15.15 	 0.385653 	 0.880988 	 0.937169 	 1
15.2 	 0.38563 	 0.881817 	 0.937633 	 1
15.25 	 0.386509 	 0.881796 	 0.937621 	 1
15.3 	 0.388048 	 0.881329 	 0.937361 	 1
15.35 	 0.389753 	 0.88096 	 0.937159 	 1
15.4 	 0.390992 	 0.881298 	 0.937358 	 1
15.45 	 0.39118 	 0.882922 	 0.938281 	 1
15.5 	 0.389904 	 0.886282 	 0.940175 	 1
15.55 	 0.387037 	 0.891589 	 0.943144 	 1
15.6 	 0.382765 	 0.898709 	 0.947094 	 1
15.65 	 0.377583 	 0.907104 	 0.951706 	 1
15.7 	 0.372225 	 0.91586 	 0.956467 	 1
15.75 	 0.367504 	 0.923825 	 0.960755 	 1
15.8 	 0.364145 	 0.929856 	 0.963975 	 1
15.85 	 0.362587 	 0.933126 	 0.965711 	 1
15.9 	 0.362886 	 0.933377 	 0.965843 	 1
15.95 	 0.364708 	 0.931022 	 0.964592 	 1
16 	 0.367433 	 0.927028 	 0.962464 	 1
16.05 	 0.370332 	 0.922619 	 0.960102 	 1
16.1 	 0.372738 	 0.918924 	 0.958114 	 1
16.15 	 0.374194 	 0.916702 	 0.956913 	 1
16.2 	 0.374524 	 0.916209 	 0.956647 	 1
16.25 	 0.373861 	 0.917241 	 0.957203 	 1
16.3 	 0.372586 	 0.919273 	 0.958298 	 1
16.35 	 0.371223 	 0.921687 	 0.959595 	 1
16.4 	 0.37025 	 0.92398 	 0.960824 	 1
16.45 	 0.369928 	 0.925899 	 0.961851 	 1
16.5 	 0.370226 	 0.927448 	 0.96268 	 1
16.55 	 0.370877 	 0.928747 	 0.963376 	 1
16.6 	 0.371576 	 0.929842 	 0.963961 	 1
16.65 	 0.372189 	 0.930527 	 0.964327 	 1
16.7 	 0.372913 	 0.930295 	 0.964203 	 1
16.75 	 0.374261 	 0.928421 	 0.963204 	 1
16.8 	 0.376896 	 0.924193 	 0.960942 	 1
16.85 	 0.381357 	 0.91719 	 0.957174 	 1
16.9 	 0.387753 	 0.907509 	 0.951917 	 1
16.95 	 0.395633 	 0.895848 	 0.945506 	 1
17 	 0.404042 	 0.883392 	 0.938558 	 1
17.05 	 0.411769 	 0.871558 	 0.931857 	 1
17.1 	 0.417642 	 0.861705 	 0.926192 	 1
17.15 	 0.420817 	 0.854879 	 0.922211 	 1
17.2 	 0.42095 	 0.851663 	 0.920301 	 1
17.25 	 0.418272 	 0.852103 	 0.920524 	 1
17.3 	 0.41351 	 0.85572 	 0.922608 	 1
17.35 	 0.407735 	 0.861568 	 0.925988 	 1
17.4 	 0.402114 	 0.868367 	 0.929903 	 1
17.45 	 0.397666 	 0.874694 	 0.933525 	 1
17.5 	 0.395078 	 0.879234 	 0.936112 	 1
17.55 	 0.394647 	 0.881037 	 0.937138 	 1
17.6 	 0.396343 	 0.879698 	 0.936382 	 1
17.65 	 0.399915 	 0.875411 	 0.933944 	 1
17.7 	 0.40495 	 0.868895 	 0.930209 	 1
17.75 	 0.410879 	 0.861227 	 0.925774 	 1
17.8 	 0.416953 	 0.853656 	 0.921355 	 1
17.85 	 0.422274 	 0.847406 	 0.917681 	 1
17.9 	 0.425909 	 0.843508 	 0.915383 	 1
17.95 	 0.427054 	 0.842664 	 0.914895 	 1
18 	 0.425226 	 0.845143 	 0.916374 	 1
18.05 	 0.420422 	 0.850713 	 0.919657 	 1
18.1 	 0.413194 	 0.858629 	 0.92427 	 1
18.15 	 0.404624 	 0.867713 	 0.929502 	 1
18.2 	 0.396122 	 0.87655 	 0.934532 	 1
18.25 	 0.389088 	 0.883786 	 0.93861 	 1
18.3 	 0.384506 	 0.888468 	 0.941228 	 1
18.35 	 0.382611 	 0.890296 	 0.942242 	 1
18.4 	 0.382859 	 0.889713 	 0.94191 	 1
18.45 	 0.384137 	 0.887768 	 0.940814 	 1
18.5 	 0.385204 	 0.885817 	 0.93971 	 1
18.55 	 0.385054 	 0.885154 	 0.93933 	 1
18.6 	 0.383137 	 0.886713 	 0.940202 	 1
18.65 	 0.379395 	 0.890888 	 0.942543 	 1
18.7 	 0.374188 	 0.897493 	 0.946227 	 1
18.75 	 0.368146 	 0.905824 	 0.950835 	 1
18.8 	 0.362003 	 0.914834 	 0.955767 	 1
18.85 	 0.356465 	 0.923365 	 0.960386 	 1
18.9 	 0.352106 	 0.930397 	 0.964159 	 1
18.95 	 0.349298 	 0.935269 	 0.966753 	 1
19 	 0.348174 	 0.937782 	 0.968085 	 1
19.05 	 0.348605 	 0.938195 	 0.968303 	 1
19.1 	 0.35023 	 0.937101 	 0.967723 	 1
19.15 	 0.352511 	 0.935261 	 0.966748 	 1
19.2 	 0.354841 	 0.933425 	 0.965775 	 1
19.25 	 0.35666 	 0.932188 	 0.96512 	 1
19.3 	 0.357607 	 0.931892 	 0.964966 	 1
19.35 	 0.357599 	 0.932557 	 0.965323 	 1
19.4 	 0.356904 	 0.933873 	 0.966025 	 1
19.45 	 0.356092 	 0.935249 	 0.966758 	 1
19.5 	 0.355867 	 0.935967 	 0.967141 	 1
19.55 	 0.35682 	 0.935396 	 0.966841 	 1
19.6 	 0.359216 	 0.933223 	 0.965691 	 1
19.65 	 0.362876 	 0.929601 	 0.963766 	 1
19.7 	 0.367231 	 0.925145 	 0.961388 	 1
19.75 	 0.371497 	 0.920774 	 0.959044 	 1
19.8 	 0.37493 	 0.917436 	 0.957247 	 1
19.85 	 0.377056 	 0.915802 	 0.956369 	 1
19.9 	 0.377801 	 0.916025 	 0.956495 	 1
19.95 	 0.377528 	 0.917609 	 0.957358 	 1
20 	 0.376989 	 0.919461 	 0.958363 	 1
20.05 	 0.377145 	 0.920138 	 0.958732 	 1
20.1 	 0.378904 	 0.918254 	 0.957719 	 1
20.15 	 0.382833 	 0.912956 	 0.954851 	 1
20.2 	 0.388947 	 0.90427 	 0.950108 	 1
20.25 	 0.396692 	 0.893166 	 0.943971 	 1
20.3 	 0.405093 	 0.881294 	 0.937315 	 1
20.35 	 0.413033 	 0.870498 	 0.931177 	 1
20.4 	 0.419531 	 0.862318 	 0.926476 	 1
20.45 	 0.423955 	 0.857643 	 0.923777 	 1
20.5 	 0.426142 	 0.856578 	 0.923178 	 1
20.55 	 0.426389 	 0.858532 	 0.924338 	 1
20.6 	 0.425369 	 0.862431 	 0.92662 	 1
20.65 	 0.423948 	 0.867017 	 0.929282 	 1
20.7 	 0.422962 	 0.871123 	 0.931654 	 1
20.75 	 0.422996 	 0.873898 	 0.933255 	 1
20.8 	 0.424242 	 0.874901 	 0.933844 	 1
20.85 	 0.426491 	 0.874079 	 0.933395 	 1
20.9 	 0.429288 	 0.871652 	 0.932027 	 1
20.95 	 0.432123 	 0.867966 	 0.929925 	 1
21 	 0.434614 	 0.86339 	 0.927289 	 1
21.05 	 0.436602 	 0.858287 	 0.924319 	 1
21.1 	 0.438115 	 0.853055 	 0.921241 	 1
21.15 	 0.439263 	 0.848172 	 0.918341 	 1
21.2 	 0.440107 	 0.844211 	 0.915972 	 1
21.25 	 0.440574 	 0.841776 	 0.914509 	 1
21.3 	 0.44043 	 0.841395 	 0.91428 	 1
21.35 	 0.439365 	 0.843394 	 0.915476 	 1
21.4 	 0.437098 	 0.84781 	 0.9181 	 1
21.45 	 0.433519 	 0.854368 	 0.921957 	 1
21.5 	 0.428765 	 0.862532 	 0.9267 	 1
21.55 	 0.423211 	 0.871597 	 0.9319 	 1
21.6 	 0.417406 	 0.880802 	 0.937115 	 1
21.65 	 0.411939 	 0.889419 	 0.94194 	 1
21.7 	 0.40732 	 0.896793 	 0.946029 	 1
21.75 	 0.403904 	 0.902374 	 0.949098 	 1
21.8 	 0.401843 	 0.905751 	 0.950943 	 1
21.85 	 0.401117 	 0.906726 	 0.951467 	 1
21.9 	 0.401549 	 0.905407 	 0.950733 	 1
21.95 	 0.402813 	 0.902286 	 0.949004 	 1
22 	 0.404451 	 0.898242 	 0.946755 	 1
22.05 	 0.405864 	 0.89446 	 0.944638 	 1
22.1 	 0.406366 	 0.892229 	 0.943379 	 1
22.15 	 0.405303 	 0.892676 	 0.943617 	 1
22.2 	 0.402217 	 0.896481 	 0.945729 	 1
22.25 	 0.396988 	 0.903668 	 0.949701 	 1
22.3 	 0.389948 	 0.913529 	 0.955097 	 1
22.35 	 0.381877 	 0.924711 	 0.96114 	 1
22.4 	 0.373898 	 0.935484 	 0.966888 	 1
22.45 	 0.367243 	 0.94412 	 0.971446 	 1
22.5 	 0.362956 	 0.949302 	 0.97416 	 1
22.55 	 0.361574 	 0.950441 	 0.974754 	 1
22.6 	 0.362952 	 0.947802 	 0.973374 	 1
22.65 	 0.36631 	 0.94242 	 0.970547 	 1
22.7 	 0.370472 	 0.935814 	 0.967054 	 1
22.75 	 0.374218 	 0.929606 	 0.963746 	 1
22.8 	 0.376603 	 0.925151 	 0.961353 	 1
22.85 	 0.377133 	 0.923263 	 0.960332 	 1
22.9 	 0.375797 	 0.924104 	 0.960778 	 1
22.95 	 0.373043 	 0.927186 	 0.962429 	 1
23 	 0.369611 	 0.931517 	 0.964743 	 1
23.05 	 0.366411 	 0.935823 	 0.967034 	 1
23.1 	 0.364325 	 0.938838 	 0.968632 	 1
23.15 	 0.364043 	 0.939583 	 0.969026 	 1
23.2 	 0.36592 	 0.937577 	 0.967963 	 1
23.25 	 0.369906 	 0.93291 	 0.965482 	 1
23.3 	 0.375573 	 0.926176 	 0.96188 	 1
23.35 	 0.38223 	 0.918273 	 0.957619 	 1
23.4 	 0.389089 	 0.910166 	 0.953209 	 1
23.45 	 0.395429 	 0.902674 	 0.949099 	 1
23.5 	 0.400718 	 0.896347 	 0.945601 	 1
23.55 	 0.404698 	 0.891416 	 0.942859 	 1
23.6 	 0.407419 	 0.887821 	 0.94085 	 1
23.65 	 0.409214 	 0.885258 	 0.939413 	 1
23.7 	 0.410643 	 0.883257 	 0.938291 	 1
23.75 	 0.412323 	 0.881273 	 0.937178 	 1
23.8 	 0.414777 	 0.878807 	 0.935794 	 1
23.85 	 0.418264 	 0.875529 	 0.933947 	 1
23.9 	 0.42267 	 0.871391 	 0.931605 	 1
23.95 	 0.427559 	 0.866677 	 0.92892 	 1
24 	 0.43229 	 0.861967 	 0.926219 	 1
24.05 	 0.436215 	 0.858004 	 0.923932 	 1
24.1 	 0.438853 	 0.855495 	 0.922478 	 1
24.15 	 0.44003 	 0.8549 	 0.922136 	 1
24.2 	 0.439916 	 0.856265 	 0.922938 	 1
24.25 	 0.438993 	 0.859151 	 0.924628 	 1
24.3 	 0.437922 	 0.862701 	 0.926698 	 1
24.35 	 0.437372 	 0.865827 	 0.928517 	 1
24.4 	 0.437842 	 0.867511 	 0.9295 	 1
24.45 	 0.439524 	 0.867126 	 0.929291 	 1
24.5 	 0.44224 	 0.864672 	 0.927884 	 1
24.55 	 0.445493 	 0.860805 	 0.92565 	 1
24.6 	 0.448609 	 0.856654 	 0.923235 	 1
24.65 	 0.450918 	 0.853485 	 0.921379 	 1
24.7 	 0.451916 	 0.852349 	 0.920708 	 1
24.75 	 0.451336 	 0.853842 	 0.921581 	 1
24.8 	 0.449187 	 0.858025 	 0.924023 	 1
24.85 	 0.445701 	 0.864479 	 0.927765 	 1
24.9 	 0.44127 	 0.872456 	 0.932345 	 1
24.95 	 0.436363 	 0.881061 	 0.937231 	 1
25 	 0.431482 	 0.889402 	 0.941915 	 1
25.05 	 0.427095 	 0.896689 	 0.945966 	 1
25.1 	 0.423618 	 0.902279 	 0.949049 	 1
25.15 	 0.421361 	 0.905716 	 0.950935 	 1
25.2 	 0.420471 	 0.906784 	 0.951518 	 1
25.25 	 0.420873 	 0.905592 	 0.950864 	 1
25.3 	 0.422259 	 0.902643 	 0.949242 	 1
25.35 	 0.424091 	 0.898846 	 0.947144 	 1
25.4 	 0.425687 	 0.89541 	 0.945234 	 1
25.45 	 0.426351 	 0.893628 	 0.944235 	 1
25.5 	 0.425522 	 0.894587 	 0.944761 	 1
25.55 	 0.422917 	 0.898901 	 0.947147 	 1
25.6 	 0.418644 	 0.906518 	 0.951336 	 1
25.65 	 0.413185 	 0.916681 	 0.95687 	 1
25.7 	 0.407333 	 0.928061 	 0.962989 	 1
25.75 	 0.401998 	 0.939046 	 0.968819 	 1
25.8 	 0.397997 	 0.948127 	 0.973582 	 1
25.85 	 0.39586 	 0.954213 	 0.976748 	 1
25.9 	 0.395748 	 0.956803 	 0.978088 	 1
25.95 	 0.397509 	 0.955926 	 0.977636 	 1
26 	 0.400803 	 0.951975 	 0.975588 	 1
26.05 	 0.405242 	 0.945507 	 0.972217 	 1
26.1 	 0.410476 	 0.937146 	 0.967821 	 1
26.15 	 0.416172 	 0.927573 	 0.962734 	 1
26.2 	 0.421977 	 0.917574 	 0.957358 	 1
26.25 	 0.427454 	 0.90807 	 0.952187 	 1
26.3 	 0.432074 	 0.90005 	 0.947777 	 1
26.35 	 0.435285 	 0.894434 	 0.944663 	 1
26.4 	 0.436627 	 0.891857 	 0.943228 	 1
26.45 	 0.435896 	 0.892474 	 0.943571 	 1
26.5 	 0.433262 	 0.895822 	 0.945432 	 1
26.55 	 0.42933 	 0.900826 	 0.948197 	 1
26.6 	 0.425059 	 0.905968 	 0.951019 	 1
26.65 	 0.421583 	 0.909616 	 0.953009 	 1
26.7 	 0.419912 	 0.910425 	 0.953445 	 1
26.75 	 0.420681 	 0.907685 	 0.951944 	 1
26.8 	 0.423943 	 0.901484 	 0.948535 	 1
26.85 	 0.429185 	 0.892645 	 0.943632 	 1
26.9 	 0.435505 	 0.882467 	 0.937921 	 1
26.95 	 0.441882 	 0.8724 	 0.932197 	 1
27 	 0.447424 	 0.863744 	 0.927212 	 1
27.05 	 0.451547 	 0.85745 	 0.923548 	 1
27.1 	 0.454017 	 0.854035 	 0.921545 	 1
27.15 	 0.454922 	 0.853561 	 0.921267 	 1
27.2 	 0.454581 	 0.855671 	 0.922511 	 1
27.25 	 0.453436 	 0.859652 	 0.924849 	 1
27.3 	 0.451964 	 0.864534 	 0.927698 	 1
27.35 	 0.450613 	 0.869235 	 0.930422 	 1
27.4 	 0.44976 	 0.872746 	 0.932443 	 1
27.45 	 0.449688 	 0.874334 	 0.933354 	 1
27.5 	 0.450526 	 0.873709 	 0.932994 	 1
27.55 	 0.452224 	 0.871099 	 0.931495 	 1
27.6 	 0.45452 	 0.867204 	 0.929249 	 1
27.65 	 0.456943 	 0.863036 	 0.926836 	 1
27.7 	 0.458888 	 0.859689 	 0.924892 	 1
27.75 	 0.459737 	 0.858098 	 0.923966 	 1
27.8 	 0.459007 	 0.85884 	 0.924398 	 1
27.85 	 0.456486 	 0.862026 	 0.926246 	 1
27.9 	 0.452304 	 0.867288 	 0.929276 	 1
27.95 	 0.446962 	 0.873864 	 0.933031 	 1
28 	 0.441217 	 0.880782 	 0.936947 	 1
28.05 	 0.435908 	 0.887079 	 0.940483 	 1
28.1 	 0.431738 	 0.892019 	 0.943239 	 1
28.15 	 0.429088 	 0.895255 	 0.945038 	 1
28.2 	 0.427901 	 0.896899 	 0.94595 	 1
28.25 	 0.427741 	 0.897471 	 0.946269 	 1
28.3 	 0.427951 	 0.897748 	 0.946423 	 1
28.35 	 0.427874 	 0.898548 	 0.946863 	 1
28.4 	 0.427069 	 0.90049 	 0.947933 	 1
28.45 	 0.42543 	 0.90382 	 0.949763 	 1
28.5 	 0.423185 	 0.908325 	 0.952232 	 1
28.55 	 0.420777 	 0.913404 	 0.955003 	 1
28.6 	 0.418708 	 0.918256 	 0.957638 	 1
28.65 	 0.417337 	 0.922143 	 0.959741 	 1
28.7 	 0.416775 	 0.924644 	 0.961091 	 1
28.75 	 0.416868 	 0.925775 	 0.961703 	 1
28.8 	 0.417292 	 0.925962 	 0.961806 	 1
28.85 	 0.417678 	 0.925863 	 0.961756 	 1
28.9 	 0.417738 	 0.926135 	 0.961904 	 1
28.95 	 0.417332 	 0.927215 	 0.962484 	 1
29 	 0.416477 	 0.929206 	 0.963553 	 1
29.05 	 0.415311 	 0.931882 	 0.964983 	 1
29.1 	 0.414037 	 0.934782 	 0.96653 	 1
29.15 	 0.412875 	 0.937366 	 0.967902 	 1
29.2 	 0.412042 	 0.939147 	 0.968846 	 1
29.25 	 0.411749 	 0.939778 	 0.969181 	 1
29.3 	 0.412182 	 0.939076 	 0.968812 	 1
29.35 	 0.413513 	 0.936977 	 0.967704 	 1
29.4 	 0.415849 	 0.933494 	 0.965859 	 1
29.45 	 0.419182 	 0.928692 	 0.963305 	 1
29.5 	 0.423369 	 0.922733 	 0.960115 	 1
29.55 	 0.428122 	 0.915935 	 0.95645 	 1
29.6 	 0.433038 	 0.908838 	 0.952593 	 1
29.65 	 0.437658 	 0.902193 	 0.948952 	 1
29.7 	 0.441548 	 0.896854 	 0.946007 	 1
29.75 	 0.444395 	 0.893593 	 0.944204 	 1
29.8 	 0.446054 	 0.892886 	 0.943821 	 1
29.85 	 0.446599 	 0.894741 	 0.944867 	 1
29.9 	 0.446312 	 0.898622 	 0.947032 	 1
29.95 	 0.445639 	 0.903508 	 0.949737 	 1
30 	 0.445128 	 0.908065 	 0.952243 	 1
30.05 	 0.445319 	 0.910923 	 0.953808 	 1
30.1 	 0.446655 	 0.910966 	 0.953837 	 1
30.15 	 0.449379 	 0.907569 	 0.951992 	 1
30.2 	 0.453511 	 0.900709 	 0.948236 	 1
30.25 	 0.458818 	 0.890938 	 0.94283 	 1
30.3 	 0.46486 	 0.879241 	 0.936266 	 1
30.35 	 0.471071 	 0.866856 	 0.929204 	 1
30.4 	 0.476814 	 0.855094 	 0.922381 	 1
30.45 	 0.48148 	 0.845197 	 0.916544 	 1
30.5 	 0.484567 	 0.838223 	 0.912373 	 1
30.55 	 0.485757 	 0.834938 	 0.910384 	 1
30.6 	 0.484966 	 0.835712 	 0.910841 	 1
30.65 	 0.48238 	 0.840411 	 0.91366 	 1
30.7 	 0.478446 	 0.848323 	 0.918372 	 1
30.75 	 0.473818 	 0.85816 	 0.924159 	 1
30.8 	 0.469265 	 0.868201 	 0.929982 	 1
30.85 	 0.46555 	 0.876609 	 0.934793 	 1
30.9 	 0.463275 	 0.881858 	 0.937767 	 1
30.95 	 0.462752 	 0.883146 	 0.93849 	 1
31 	 0.463912 	 0.880616 	 0.937055 	 1
31.05 	 0.466329 	 0.875296 	 0.934026 	 1
31.1 	 0.469295 	 0.868791 	 0.930291 	 1
31.15 	 0.47195 	 0.862857 	 0.92685 	 1
31.2 	 0.473476 	 0.859001 	 0.924592 	 1
31.25 	 0.47326 	 0.858215 	 0.924115 	 1
31.3 	 0.470999 	 0.860856 	 0.925631 	 1
31.35 	 0.466779 	 0.86666 	 0.928967 	 1
31.4 	 0.461066 	 0.874854 	 0.933641 	 1
31.45 	 0.454617 	 0.884326 	 0.938988 	 1
31.5 	 0.448352 	 0.893823 	 0.944289 	 1
31.55 	 0.443134 	 0.902159 	 0.948895 	 1
31.6 	 0.439594 	 0.908401 	 0.952316 	 1
31.65 	 0.437967 	 0.912015 	 0.954287 	 1
31.7 	 0.438042 	 0.91296 	 0.954802 	 1
31.75 	 0.439263 	 0.911698 	 0.954113 	 1
31.8 	 0.440879 	 0.90911 	 0.952698 	 1
31.85 	 0.442141 	 0.906336 	 0.951173 	 1
31.9 	 0.442427 	 0.904548 	 0.950183 	 1
31.95 	 0.441331 	 0.904724 	 0.95027 	 1
32 	 0.438707 	 0.907457 	 0.951763 	 1
32.05 	 0.434641 	 0.912828 	 0.954693 	 1
32.1 	 0.429458 	 0.920361 	 0.958777 	 1
32.15 	 0.423711 	 0.929085 	 0.963465 	 1
32.2 	 0.418111 	 0.9377 	 0.968048 	 1
32.25 	 0.413427 	 0.944847 	 0.971818 	 1
32.3 	 0.410367 	 0.949426 	 0.974217 	 1
32.35 	 0.409354 	 0.950853 	 0.974962 	 1
32.4 	 0.410438 	 0.949195 	 0.974095 	 1
32.45 	 0.413256 	 0.945115 	 0.971958 	 1
32.5 	 0.417122 	 0.939672 	 0.969091 	 1
32.55 	 0.421223 	 0.934035 	 0.966104 	 1
32.6 	 0.42486 	 0.929197 	 0.963525 	 1
32.65 	 0.427613 	 0.925767 	 0.961688 	 1
32.7 	 0.429425 	 0.923872 	 0.96067 	 1
32.75 	 0.430585 	 0.923189 	 0.960303 	 1
32.8 	 0.431592 	 0.923087 	 0.960251 	 1
32.85 	 0.432958 	 0.922831 	 0.960119 	 1
32.9 	 0.435018 	 0.921797 	 0.95957 	 1
32.95 	 0.437832 	 0.919619 	 0.958406 	 1
33 	 0.441198 	 0.916263 	 0.9566 	 1
33.05 	 0.444756 	 0.911983 	 0.954284 	 1
33.1 	 0.448139 	 0.907208 	 0.951682 	 1
33.15 	 0.451106 	 0.902396 	 0.949043 	 1
33.2 	 0.453582 	 0.897904 	 0.946565 	 1
33.25 	 0.455659 	 0.893921 	 0.944357 	 1
33.3 	 0.457517 	 0.890457 	 0.94243 	 1
33.35 	 0.459344 	 0.887381 	 0.940717 	 1
33.4 	 0.46128 	 0.884483 	 0.9391 	 1
33.45 	 0.463413 	 0.88153 	 0.937448 	 1
33.5 	 0.465798 	 0.878318 	 0.935641 	 1
33.55 	 0.468491 	 0.874699 	 0.933593 	 1
33.6 	 0.471557 	 0.870614 	 0.931267 	 1
33.65 	 0.475026 	 0.866097 	 0.92868 	 1
33.7 	 0.478845 	 0.861294 	 0.925913 	 1
33.75 	 0.482861 	 0.85646 	 0.923114 	 1
33.8 	 0.486779 	 0.851958 	 0.920494 	 1
33.85 	 0.490221 	 0.848234 	 0.918318 	 1
33.9 	 0.492796 	 0.845774 	 0.916879 	 1
33.95 	 0.494196 	 0.845022 	 0.916443 	 1
34 	 0.494283 	 0.846269 	 0.917188 	 1
34.05 	 0.493138 	 0.849542 	 0.919122 	 1
34.1 	 0.491051 	 0.85453 	 0.922052 	 1
34.15 	 0.488457 	 0.860596 	 0.925589 	 1
34.2 	 0.485843 	 0.866866 	 0.929215 	 1
34.25 	 0.483624 	 0.872401 	 0.932391 	 1
34.3 	 0.482086 	 0.876395 	 0.934669 	 1
34.35 	 0.481372 	 0.878348 	 0.935778 	 1
34.4 	 0.481488 	 0.878161 	 0.93567 	 1
34.45 	 0.482333 	 0.876117 	 0.934507 	 1
34.5 	 0.483737 	 0.872795 	 0.93261 	 1
34.55 	 0.485448 	 0.868934 	 0.930395 	 1
34.6 	 0.487131 	 0.865322 	 0.928314 	 1
34.65 	 0.488361 	 0.86272 	 0.926808 	 1
34.7 	 0.488656 	 0.861819 	 0.926282 	 1
34.75 	 0.487552 	 0.863217 	 0.927084 	 1
34.8 	 0.484698 	 0.867369 	 0.929466 	 1
34.85 	 0.479965 	 0.874502 	 0.933532 	 1
34.9 	 0.473517 	 0.884488 	 0.939168 	 1
34.95 	 0.465859 	 0.896732 	 0.945987 	 1
35 	 0.457787 	 0.910116 	 0.95333 	 1
35.05 	 0.450284 	 0.923085 	 0.960338 	 1
35.1 	 0.444325 	 0.933904 	 0.966106 	 1
35.15 	 0.440631 	 0.941066 	 0.969886 	 1
35.2 	 0.439504 	 0.943725 	 0.971282 	 1
35.25 	 0.440726 	 0.941981 	 0.970365 	 1
35.3 	 0.443629 	 0.936882 	 0.967676 	 1
35.35 	 0.447291 	 0.930144 	 0.964098 	 1
35.4 	 0.450755 	 0.923685 	 0.96064 	 1
35.45 	 0.453235 	 0.919163 	 0.958202 	 1
35.5 	 0.454245 	 0.917637 	 0.957373 	 1
35.55 	 0.453659 	 0.919408 	 0.958328 	 1
35.6 	 0.451713 	 0.924029 	 0.960813 	 1
35.65 	 0.448949 	 0.930439 	 0.964241 	 1
35.7 	 0.446104 	 0.937204 	 0.967833 	 1
35.75 	 0.443971 	 0.942807 	 0.970787 	 1
35.8 	 0.443212 	 0.945937 	 0.972431 	 1
35.85 	 0.444217 	 0.945745 	 0.972333 	 1
35.9 	 0.447003 	 0.941992 	 0.970367 	 1
35.95 	 0.451216 	 0.935098 	 0.966733 	 1
36 	 0.456206 	 0.926052 	 0.96192 	 1
36.05 	 0.461181 	 0.916226 	 0.956632 	 1
36.1 	 0.465386 	 0.907099 	 0.95166 	 1
36.15 	 0.468241 	 0.899972 	 0.947734 	 1
36.2 	 0.469448 	 0.895716 	 0.945367 	 1
36.25 	 0.469046 	 0.894602 	 0.944741 	 1
36.3 	 0.467393 	 0.896247 	 0.945651 	 1
36.35 	 0.465102 	 0.899684 	 0.947556 	 1
36.4 	 0.462913 	 0.903561 	 0.949697 	 1
36.45 	 0.461568 	 0.906442 	 0.951284 	 1
36.5 	 0.46164 	 0.907146 	 0.951675 	 1
36.55 	 0.463416 	 0.905035 	 0.950522 	 1
36.6 	 0.466852 	 0.900139 	 0.94783 	 1
36.65 	 0.471581 	 0.893092 	 0.943928 	 1
36.7 	 0.477014 	 0.88492 	 0.939358 	 1
36.75 	 0.482453 	 0.876744 	 0.93474 	 1
36.8 	 0.487262 	 0.869529 	 0.930624 	 1
36.85 	 0.490982 	 0.863914 	 0.927393 	 1
36.9 	 0.49339 	 0.860166 	 0.925218 	 1
36.95 	 0.494534 	 0.858222 	 0.924078 	 1
37 	 0.494667 	 0.857783 	 0.923809 	 1
37.05 	 0.494166 	 0.858418 	 0.924166 	 1
37.1 	 0.493434 	 0.859661 	 0.92488 	 1
37.15 	 0.492775 	 0.86109 	 0.925709 	 1
37.2 	 0.492348 	 0.862402 	 0.926475 	 1
37.25 	 0.492131 	 0.863459 	 0.927097 	 1
37.3 	 0.491948 	 0.86431 	 0.927601 	 1
37.35 	 0.491566 	 0.865173 	 0.92811 	 1
37.4 	 0.490767 	 0.866354 	 0.928797 	 1
37.45 	 0.489437 	 0.868144 	 0.929831 	 1
37.5 	 0.487588 	 0.8707 	 0.931298 	 1
37.55 	 0.485381 	 0.873958 	 0.933161 	 1
37.6 	 0.483075 	 0.877604 	 0.935235 	 1
37.65 	 0.48099 	 0.881116 	 0.937226 	 1
37.7 	 0.479443 	 0.883902 	 0.938798 	 1
37.75 	 0.478677 	 0.885478 	 0.939684 	 1
37.8 	 0.478799 	 0.885654 	 0.93978 	 1
37.85 	 0.479742 	 0.884643 	 0.939209 	 1
37.9 	 0.481242 	 0.883053 	 0.93831 	 1
37.95 	 0.482877 	 0.881754 	 0.937576 	 1
38 	 0.484131 	 0.881663 	 0.937527 	 1
38.05 	 0.484495 	 0.883514 	 0.938576 	 1
38.1 	 0.483586 	 0.887669 	 0.940916 	 1
38.15 	 0.481247 	 0.894028 	 0.944468 	 1
38.2 	 0.477602 	 0.90204 	 0.948899 	 1
38.25 	 0.473036 	 0.910826 	 0.953706 	 1
38.3 	 0.468144 	 0.91937 	 0.958331 	 1
38.35 	 0.463608 	 0.926729 	 0.962277 	 1
38.4 	 0.460012 	 0.932199 	 0.965189 	 1
38.45 	 0.45775 	 0.935421 	 0.966897 	 1
38.5 	 0.456916 	 0.936392 	 0.967411 	 1
38.55 	 0.457336 	 0.935404 	 0.966889 	 1
38.6 	 0.458658 	 0.932945 	 0.965586 	 1
38.65 	 0.46049 	 0.929586 	 0.963802 	 1
38.7 	 0.462494 	 0.925897 	 0.961832 	 1
38.75 	 0.464449 	 0.922378 	 0.959946 	 1
38.8 	 0.466247 	 0.919436 	 0.958363 	 1
38.85 	 0.467836 	 0.917374 	 0.957252 	 1
38.9 	 0.469172 	 0.916393 	 0.956725 	 1
38.95 	 0.470185 	 0.916609 	 0.956847 	 1
39 	 0.470762 	 0.918064 	 0.957639 	 1
39.05 	 0.470797 	 0.92071 	 0.959071 	 1
39.1 	 0.470267 	 0.924364 	 0.961037 	 1
39.15 	 0.469283 	 0.928652 	 0.963332 	 1
39.2 	 0.46814 	 0.932964 	 0.965626 	 1
39.25 	 0.467289 	 0.936483 	 0.96749 	 1
39.3 	 0.46723 	 0.938309 	 0.968456 	 1
39.35 	 0.468402 	 0.937665 	 0.968119 	 1
39.4 	 0.471026 	 0.93412 	 0.96625 	 1
39.45 	 0.475022 	 0.927758 	 0.962875 	 1
39.5 	 0.480024 	 0.919215 	 0.958304 	 1
39.55 	 0.485441 	 0.909558 	 0.95308 	 1
39.6 	 0.490611 	 0.900038 	 0.947869 	 1
39.65 	 0.494925 	 0.891801 	 0.94331 	 1
39.7 	 0.497958 	 0.885648 	 0.939872 	 1
39.75 	 0.499532 	 0.881897 	 0.937761 	 1
39.8 	 0.499728 	 0.880376 	 0.9369 	 1
39.85 	 0.498872 	 0.880522 	 0.936979 	 1
39.9 	 0.497474 	 0.881538 	 0.937549 	 1
39.95 	 0.496121 	 0.882567 	 0.938127 	 1
40 	 0.495387 	 0.882845 	 0.938283 	 1
