time = tau * tau_parallel
rms: rms distance of hole to its origin
rms std: estimated standard error on the mean of rms from 100 samples
IPR: inverse participation ratio, IPR(tau) = sum_i (n_h(i,tau))^2, with hole density n_h(i,tau) at site i at time tau.
IPR std: estimated standard error on the mean of IPR from 100 samples
return prob: probability of the hole to return to its origin, n_h(0,tau).
return prob std: estimated standard error on the mean of return prob from 100 samples
leg imbalance: difference between the occupation in the two legs of the ladder (see Eq. (15) in the manuscript).
leg imbalance std: estimated standard error on the mean of leg imbalance from 100 samples


time, rms, rms std, IPR, IPR std, return prob, return prob std, leg imbalance, leg imbalance std
0 	 0.0 	 0 	 1 	 0 	 1 	 0 	 1 	 4.76807e-16
0.1 	 0.100156 	 1.0255e-07 	 0.980284 	 1.38358e-07 	 0.990043 	 7.06092e-08 	 1 	 7.33644e-16
0.2 	 0.199622 	 0.000180219 	 0.92557 	 0.000412289 	 0.961302 	 0.000223222 	 1 	 4.60739e-16
0.3 	 0.297673 	 0.000707167 	 0.847424 	 0.00213355 	 0.916953 	 0.00127233 	 1 	 6.34545e-16
0.4 	 0.393515 	 0.00172095 	 0.760369 	 0.00581866 	 0.861653 	 0.0039488 	 1 	 8.99669e-16
0.5 	 0.486316 	 0.00332663 	 0.677518 	 0.0113822 	 0.800754 	 0.00901497 	 1 	 7.1569e-16
0.6 	 0.575246 	 0.00558715 	 0.607913 	 0.0181046 	 0.739489 	 0.0169647 	 1 	 5.3501e-16
0.7 	 0.659566 	 0.00851715 	 0.55604 	 0.0251967 	 0.682301 	 0.0278614 	 1 	 8.98145e-16
0.8 	 0.738708 	 0.0120784 	 0.522717 	 0.0323356 	 0.632422 	 0.0412773 	 1 	 7.33644e-16
0.9 	 0.812331 	 0.0161796 	 0.506266 	 0.0397583 	 0.591727 	 0.0563429 	 1 	 1.14544e-15
1 	 0.880337 	 0.0206839 	 0.503383 	 0.047872 	 0.560822 	 0.0718868 	 1 	 1.12371e-15
1.1 	 0.942843 	 0.0254247 	 0.509731 	 0.0567071 	 0.539299 	 0.0866258 	 1 	 7.33644e-16
1.2 	 1.00011 	 0.0302279 	 0.520558 	 0.0656522 	 0.526051 	 0.0993596 	 1 	 8.18358e-16
1.3 	 1.05244 	 0.0349376 	 0.531416 	 0.0736557 	 0.519596 	 0.10913 	 1 	 1.46915e-15
1.4 	 1.10013 	 0.0394382 	 0.538853 	 0.0796944 	 0.518356 	 0.115325 	 1 	 8.88178e-16
1.5 	 1.14338 	 0.0436678 	 0.540819 	 0.0831545 	 0.520879 	 0.117723 	 1 	 1.70395e-15
1.6 	 1.18232 	 0.0476196 	 0.536753 	 0.0839241 	 0.525989 	 0.11649 	 1 	 1.83961e-15
1.7 	 1.21698 	 0.0513305 	 0.527442 	 0.0822725 	 0.532866 	 0.112148 	 1 	 8.70265e-16
1.8 	 1.24739 	 0.0548601 	 0.514778 	 0.078713 	 0.541057 	 0.105516 	 1 	 9.9508e-16
1.9 	 1.2736 	 0.0582672 	 0.501428 	 0.0739322 	 0.550424 	 0.097638 	 1 	 1.36326e-15
2 	 1.29573 	 0.0615913 	 0.490328 	 0.0687105 	 0.561028 	 0.0897078 	 1 	 1.11022e-15
2.1 	 1.31399 	 0.0648438 	 0.484032 	 0.0637729 	 0.572992 	 0.0829352 	 1 	 1.18192e-15
2.2 	 1.32873 	 0.068009 	 0.484083 	 0.0596549 	 0.586343 	 0.0783363 	 1 	 1.04804e-15
2.3 	 1.34036 	 0.0710518 	 0.490677 	 0.0567111 	 0.6009 	 0.0764391 	 1 	 6.14814e-16
2.4 	 1.34941 	 0.0739274 	 0.502743 	 0.0552142 	 0.616207 	 0.077075 	 1 	 1.02958e-15
2.5 	 1.35651 	 0.0765876 	 0.518356 	 0.055323 	 0.631532 	 0.0794614 	 1 	 9.96456e-16
2.6 	 1.36231 	 0.0789864 	 0.535208 	 0.0568892 	 0.645938 	 0.0825313 	 1 	 1.46869e-15
2.7 	 1.36752 	 0.081083 	 0.550967 	 0.0594056 	 0.658394 	 0.0852634 	 1 	 1.76553e-15
2.8 	 1.37282 	 0.0828457 	 0.56347 	 0.0622339 	 0.667912 	 0.0868873 	 1 	 1.12858e-15
2.9 	 1.3788 	 0.084255 	 0.570893 	 0.0648136 	 0.673676 	 0.0869871 	 1 	 1.46635e-15
3 	 1.38591 	 0.0853066 	 0.571998 	 0.0666261 	 0.67515 	 0.0855462 	 1 	 1.31572e-15
3.1 	 1.39439 	 0.0860123 	 0.566434 	 0.0671158 	 0.672142 	 0.0829425 	 1 	 1.31676e-15
3.2 	 1.40426 	 0.0863981 	 0.554921 	 0.0658713 	 0.664825 	 0.0798798 	 1 	 1.57619e-15
3.3 	 1.41532 	 0.0865011 	 0.539184 	 0.0630442 	 0.653719 	 0.0772391 	 1 	 1.65171e-15
3.4 	 1.42719 	 0.0863649 	 0.521574 	 0.0596447 	 0.639635 	 0.0758451 	 1 	 1.28996e-15
3.5 	 1.43935 	 0.0860363 	 0.504501 	 0.0572708 	 0.6236 	 0.0762018 	 1 	 1.0859e-15
3.6 	 1.45124 	 0.0855623 	 0.489864 	 0.0571096 	 0.606765 	 0.0783286 	 1 	 1.60972e-15
3.7 	 1.46231 	 0.0849878 	 0.478686 	 0.0590047 	 0.590314 	 0.0818053 	 1 	 1.81563e-15
3.8 	 1.4721 	 0.0843525 	 0.471059 	 0.0617619 	 0.575378 	 0.0859748 	 1 	 1.78443e-15
3.9 	 1.48029 	 0.0836878 	 0.466395 	 0.0642149 	 0.562946 	 0.0901599 	 1 	 1.75853e-15
4 	 1.48673 	 0.0830137 	 0.46388 	 0.0658292 	 0.553799 	 0.0938128 	 1 	 1.08968e-15
4.1 	 1.49148 	 0.0823366 	 0.462921 	 0.0667077 	 0.548446 	 0.0965976 	 1 	 1.46448e-15
4.2 	 1.49478 	 0.081651 	 0.463396 	 0.0673933 	 0.54708 	 0.0984198 	 1 	 1.30106e-15
4.3 	 1.497 	 0.0809434 	 0.465568 	 0.068657 	 0.549553 	 0.0993997 	 1 	 1.75112e-15
4.4 	 1.49864 	 0.080197 	 0.469705 	 0.0712175 	 0.555386 	 0.0997853 	 1 	 1.802e-15
4.5 	 1.50024 	 0.0793993 	 0.475598 	 0.0753468 	 0.563825 	 0.0998189 	 1 	 1.7632e-15
4.6 	 1.50231 	 0.0785471 	 0.482306 	 0.0805669 	 0.573931 	 0.0996103 	 1 	 1.59648e-15
4.7 	 1.5053 	 0.0776492 	 0.488337 	 0.0857406 	 0.584709 	 0.099077 	 1 	 2.15884e-15
4.8 	 1.50954 	 0.0767257 	 0.492224 	 0.0895431 	 0.595234 	 0.0979868 	 1 	 1.78903e-15
4.9 	 1.51522 	 0.0758061 	 0.493173 	 0.0909934 	 0.604767 	 0.0960736 	 1 	 1.75112e-15
5 	 1.52238 	 0.0749246 	 0.491362 	 0.0897553 	 0.612814 	 0.0931637 	 1 	 1.76009e-15
5.1 	 1.53093 	 0.0741174 	 0.487748 	 0.0861285 	 0.619133 	 0.0892592 	 1 	 1.11821e-15
5.2 	 1.54066 	 0.0734183 	 0.483519 	 0.0808209 	 0.623697 	 0.0845594 	 1 	 2.03339e-15
5.3 	 1.5513 	 0.0728565 	 0.479584 	 0.0746826 	 0.626612 	 0.0794325 	 1 	 1.52136e-15
5.4 	 1.56254 	 0.0724537 	 0.476356 	 0.0685451 	 0.628043 	 0.0743635 	 1 	 1.5263e-15
5.5 	 1.57409 	 0.072221 	 0.473865 	 0.0631859 	 0.62815 	 0.0698986 	 1 	 1.31468e-15
5.6 	 1.5857 	 0.0721575 	 0.472004 	 0.0593117 	 0.627052 	 0.0665853 	 1 	 1.93149e-15
5.7 	 1.59721 	 0.0722495 	 0.47073 	 0.0574333 	 0.624827 	 0.0648966 	 1 	 1.24347e-15
5.8 	 1.60854 	 0.0724725 	 0.470092 	 0.057673 	 0.621524 	 0.0651317 	 1 	 1.36024e-15
5.9 	 1.6197 	 0.0727929 	 0.470141 	 0.059741 	 0.61718 	 0.0673245 	 1 	 2.07407e-15
6 	 1.63077 	 0.0731715 	 0.470773 	 0.0631735 	 0.611842 	 0.0712121 	 1 	 1.83028e-15
6.1 	 1.6419 	 0.0735667 	 0.471595 	 0.0675652 	 0.605563 	 0.0762752 	 1 	 1.64465e-15
6.2 	 1.65319 	 0.073939 	 0.47188 	 0.0725414 	 0.598413 	 0.0818201 	 1 	 2.21582e-15
6.3 	 1.66474 	 0.0742567 	 0.470666 	 0.0775626 	 0.59048 	 0.0870724 	 1 	 1.26368e-15
6.4 	 1.67656 	 0.0744992 	 0.467016 	 0.0818499 	 0.581884 	 0.0912833 	 1 	 1.56222e-15
6.5 	 1.68861 	 0.074661 	 0.460385 	 0.084572 	 0.572804 	 0.0938516 	 1 	 1.38766e-15
6.6 	 1.70072 	 0.0747522 	 0.450947 	 0.0851622 	 0.563509 	 0.0944471 	 1 	 1.44424e-15
6.7 	 1.71271 	 0.074796 	 0.439693 	 0.0835441 	 0.554382 	 0.0931036 	 1 	 1.95405e-15
6.8 	 1.72435 	 0.0748239 	 0.428204 	 0.0801391 	 0.545923 	 0.0902409 	 1 	 1.65626e-15
6.9 	 1.73543 	 0.074871 	 0.418167 	 0.0756862 	 0.538717 	 0.0865837 	 1 	 1.53926e-15
7 	 1.74578 	 0.0749693 	 0.410858 	 0.0710089 	 0.533375 	 0.0829658 	 1 	 1.42994e-15
7.1 	 1.75529 	 0.0751442 	 0.406858 	 0.0668429 	 0.530434 	 0.080064 	 1 	 1.51007e-15
7.2 	 1.76393 	 0.0754115 	 0.4061 	 0.0637458 	 0.53026 	 0.078178 	 1 	 1.62875e-15
7.3 	 1.77172 	 0.0757763 	 0.408135 	 0.0620602 	 0.532955 	 0.0771972 	 1 	 1.80124e-15
7.4 	 1.77878 	 0.0762334 	 0.412387 	 0.0619116 	 0.538298 	 0.0767644 	 1 	 1.21563e-15
7.5 	 1.78525 	 0.0767668 	 0.418217 	 0.063224 	 0.54574 	 0.0764991 	 1 	 1.70716e-15
7.6 	 1.79133 	 0.0773522 	 0.424839 	 0.0657313 	 0.554459 	 0.076132 	 1 	 1.5437e-15
7.7 	 1.79724 	 0.0779581 	 0.431246 	 0.0689725 	 0.563458 	 0.0755243 	 1 	 1.56747e-15
7.8 	 1.80322 	 0.0785512 	 0.436306 	 0.0723135 	 0.571702 	 0.0746299 	 1 	 2.38375e-15
7.9 	 1.8095 	 0.0791006 	 0.439035 	 0.075059 	 0.578261 	 0.0734654 	 1 	 1.77597e-15
8 	 1.81626 	 0.0795846 	 0.438894 	 0.0766438 	 0.582429 	 0.0721075 	 1 	 2.04313e-15
8.1 	 1.82362 	 0.0799956 	 0.435942 	 0.0767972 	 0.583815 	 0.0707044 	 1 	 2.91866e-15
8.2 	 1.83164 	 0.0803425 	 0.430794 	 0.07559 	 0.582376 	 0.0694717 	 1 	 2.0107e-15
8.3 	 1.84025 	 0.0806505 	 0.424401 	 0.0733683 	 0.578413 	 0.068655 	 1 	 1.48538e-15
8.4 	 1.84933 	 0.0809572 	 0.417782 	 0.0706356 	 0.572522 	 0.068466 	 1 	 2.05982e-15
8.5 	 1.85868 	 0.0813042 	 0.411812 	 0.0679337 	 0.565507 	 0.0690184 	 1 	 1.02424e-15
8.6 	 1.86807 	 0.0817279 	 0.407095 	 0.0657366 	 0.558274 	 0.0702984 	 1 	 2.26291e-15
8.7 	 1.87731 	 0.0822506 	 0.403953 	 0.0643641 	 0.551714 	 0.07218 	 1 	 2.28968e-15
8.8 	 1.8862 	 0.0828754 	 0.402474 	 0.0639435 	 0.546578 	 0.0744699 	 1 	 2.06015e-15
8.9 	 1.89465 	 0.0835842 	 0.402598 	 0.0644432 	 0.543367 	 0.0769513 	 1 	 1.5999e-15
9 	 1.90261 	 0.0843413 	 0.404187 	 0.0657544 	 0.542256 	 0.0794114 	 1 	 1.27555e-15
9.1 	 1.91009 	 0.0851 	 0.407031 	 0.0677582 	 0.543063 	 0.0816525 	 1 	 1.43949e-15
9.2 	 1.91716 	 0.0858103 	 0.410771 	 0.0703262 	 0.54528 	 0.0835 	 1 	 2.12398e-15
9.3 	 1.92388 	 0.0864264 	 0.414805 	 0.0732575 	 0.548161 	 0.0848141 	 1 	 1.152e-15
9.4 	 1.93035 	 0.0869132 	 0.418274 	 0.0762045 	 0.550866 	 0.0855083 	 1 	 1.40823e-15
9.5 	 1.93667 	 0.0872485 	 0.420225 	 0.0786625 	 0.552613 	 0.0855646 	 1 	 1.70315e-15
9.6 	 1.94292 	 0.0874255 	 0.419928 	 0.0800799 	 0.552833 	 0.085036 	 1 	 2.11752e-15
9.7 	 1.94918 	 0.0874503 	 0.417196 	 0.0800708 	 0.551268 	 0.0840312 	 1 	 1.58874e-15
9.8 	 1.9555 	 0.0873406 	 0.412501 	 0.0786074 	 0.548014 	 0.0826834 	 1 	 1.24402e-15
9.9 	 1.96192 	 0.0871241 	 0.406799 	 0.0760481 	 0.543481 	 0.0811201 	 1 	 1.54415e-15
10 	 1.96843 	 0.0868359 	 0.401162 	 0.0729734 	 0.538292 	 0.0794482 	 1 	 1.55915e-15
10.1 	 1.97499 	 0.0865164 	 0.396414 	 0.0699513 	 0.533154 	 0.0777636 	 1 	 1.45133e-15
10.2 	 1.9815 	 0.0862084 	 0.392943 	 0.0673878 	 0.528723 	 0.0761735 	 1 	 1.66204e-15
10.3 	 1.98786 	 0.0859529 	 0.390746 	 0.0655113 	 0.525505 	 0.0748098 	 1 	 1.84035e-15
10.4 	 1.99398 	 0.0857842 	 0.389595 	 0.0644274 	 0.523797 	 0.073816 	 1 	 1.45369e-15
10.5 	 1.99976 	 0.0857264 	 0.389232 	 0.0641748 	 0.523683 	 0.0733125 	 1 	 1.02157e-15
10.6 	 2.00517 	 0.0857896 	 0.389491 	 0.0647628 	 0.525058 	 0.0733609 	 1 	 1.33381e-15
10.7 	 2.01022 	 0.0859699 	 0.390352 	 0.0661873 	 0.527671 	 0.0739494 	 1 	 1.14424e-15
10.8 	 2.015 	 0.0862506 	 0.391888 	 0.0684149 	 0.531172 	 0.0750024 	 1 	 1.55871e-15
10.9 	 2.0196 	 0.0866059 	 0.394156 	 0.0713225 	 0.535145 	 0.076396 	 1 	 1.12127e-15
11 	 2.02416 	 0.0870059 	 0.397045 	 0.0746118 	 0.539148 	 0.0779646 	 1 	 1.12005e-15
11.1 	 2.02882 	 0.0874212 	 0.400171 	 0.0777615 	 0.54274 	 0.0795021 	 1 	 2.26593e-15
11.2 	 2.03367 	 0.0878276 	 0.402889 	 0.0800976 	 0.54553 	 0.0807749 	 1 	 1.79056e-15
11.3 	 2.03879 	 0.0882086 	 0.404476 	 0.0810001 	 0.54723 	 0.0815589 	 1 	 1.31415e-15
11.4 	 2.0442 	 0.0885557 	 0.404397 	 0.0801648 	 0.547697 	 0.081691 	 1 	 2.75823e-15
11.5 	 2.04988 	 0.0888676 	 0.402534 	 0.0777707 	 0.546979 	 0.0811124 	 1 	 1.29948e-15
11.6 	 2.05577 	 0.089148 	 0.399246 	 0.074432 	 0.54532 	 0.0798824 	 1 	 2.15884e-15
11.7 	 2.06177 	 0.089404 	 0.39522 	 0.0709348 	 0.543129 	 0.0781576 	 1 	 1.95089e-15
11.8 	 2.06776 	 0.0896438 	 0.391212 	 0.0679082 	 0.540918 	 0.0761523 	 1 	 1.73974e-15
11.9 	 2.07362 	 0.089876 	 0.387839 	 0.0656359 	 0.539203 	 0.0741061 	 1 	 1.67026e-15
12 	 2.07922 	 0.0901089 	 0.385514 	 0.0641093 	 0.538402 	 0.0722756 	 1 	 1.49503e-15
12.1 	 2.08449 	 0.09035 	 0.384499 	 0.0632441 	 0.538743 	 0.0709379 	 1 	 1.63546e-15
12.2 	 2.08939 	 0.0906049 	 0.384971 	 0.0630847 	 0.540213 	 0.0703701 	 1 	 1.93184e-15
12.3 	 2.09397 	 0.0908752 	 0.386975 	 0.063851 	 0.542547 	 0.0707767 	 1 	 1.75347e-15
12.4 	 2.09832 	 0.0911578 	 0.390314 	 0.0657779 	 0.545273 	 0.0721867 	 1 	 2.09738e-15
12.5 	 2.10261 	 0.0914428 	 0.394443 	 0.0688327 	 0.547788 	 0.0743909 	 1 	 1.62622e-15
12.6 	 2.10704 	 0.0917142 	 0.398505 	 0.0725411 	 0.549464 	 0.0769745 	 1 	 1.94139e-15
12.7 	 2.11183 	 0.0919512 	 0.401509 	 0.0760991 	 0.549749 	 0.0794318 	 1 	 2.04481e-15
12.8 	 2.11716 	 0.0921329 	 0.402594 	 0.078689 	 0.548252 	 0.0812973 	 1 	 1.38568e-15
12.9 	 2.12315 	 0.092242 	 0.401245 	 0.0797728 	 0.544809 	 0.0822445 	 1 	 1.27877e-15
13 	 2.12984 	 0.0922698 	 0.397408 	 0.0792179 	 0.539501 	 0.0821371 	 1 	 2.12785e-15
13.1 	 2.13715 	 0.092219 	 0.391483 	 0.077257 	 0.532649 	 0.0810399 	 1 	 1.16029e-15
13.2 	 2.14492 	 0.092104 	 0.38421 	 0.0743541 	 0.524779 	 0.0791991 	 1 	 1.59905e-15
13.3 	 2.15292 	 0.0919487 	 0.376514 	 0.0710529 	 0.516563 	 0.0769979 	 1 	 1.32091e-15
13.4 	 2.16091 	 0.091782 	 0.369323 	 0.0678535 	 0.508742 	 0.0748916 	 1 	 1.66903e-15
13.5 	 2.16862 	 0.0916326 	 0.363416 	 0.0651421 	 0.502044 	 0.0733248 	 1 	 1.60033e-15
13.6 	 2.17585 	 0.0915245 	 0.359329 	 0.0631827 	 0.497089 	 0.0726478 	 1 	 9.84704e-16
13.7 	 2.18247 	 0.0914728 	 0.357338 	 0.062157 	 0.494311 	 0.0730531 	 1 	 1.21168e-15
13.8 	 2.18843 	 0.0914824 	 0.357509 	 0.0622134 	 0.493886 	 0.074553 	 1 	 1.16617e-15
13.9 	 2.19374 	 0.0915485 	 0.359733 	 0.0634769 	 0.495709 	 0.076992 	 1 	 2.02968e-15
14 	 2.19853 	 0.0916575 	 0.363727 	 0.0659874 	 0.4994 	 0.0800743 	 1 	 1.66369e-15
14.1 	 2.20292 	 0.0917898 	 0.368971 	 0.0695805 	 0.504371 	 0.0833958 	 1 	 1.19116e-15
14.2 	 2.20711 	 0.0919229 	 0.374679 	 0.07378 	 0.509918 	 0.0864837 	 1 	 1.93786e-15
14.3 	 2.21125 	 0.092034 	 0.379879 	 0.0778042 	 0.515344 	 0.0888541 	 1 	 1.85111e-15
14.4 	 2.21549 	 0.0921038 	 0.383643 	 0.0807417 	 0.520068 	 0.0900868 	 1 	 1.06617e-15
14.5 	 2.21992 	 0.092118 	 0.385366 	 0.0818467 	 0.523714 	 0.089901 	 1 	 1.39798e-15
14.6 	 2.22461 	 0.0920704 	 0.384969 	 0.0808069 	 0.526153 	 0.0882137 	 1 	 1.49869e-15
14.7 	 2.22954 	 0.0919634 	 0.3829 	 0.0778386 	 0.527486 	 0.0851622 	 1 	 1.34251e-15
14.8 	 2.23469 	 0.0918091 	 0.379925 	 0.0735708 	 0.527991 	 0.0810877 	 1 	 2.0869e-15
14.9 	 2.23998 	 0.0916282 	 0.376846 	 0.0688022 	 0.528033 	 0.0764815 	 1 	 2.02766e-15
15 	 2.24531 	 0.0914478 	 0.37426 	 0.0642681 	 0.527963 	 0.0719041 	 1 	 2.19938e-15
15.1 	 2.25062 	 0.0912978 	 0.372473 	 0.0605109 	 0.52804 	 0.0678898 	 1 	 1.4886e-15
15.2 	 2.25583 	 0.0912069 	 0.371534 	 0.05786 	 0.528381 	 0.0648501 	 1 	 1.06038e-15
15.3 	 2.2609 	 0.0911978 	 0.37134 	 0.0564757 	 0.528948 	 0.0629987 	 1 	 1.75542e-15
15.4 	 2.26586 	 0.0912843 	 0.371721 	 0.0564013 	 0.529575 	 0.0623312 	 1 	 1.96314e-15
15.5 	 2.27075 	 0.0914692 	 0.372494 	 0.0575904 	 0.530009 	 0.0626712 	 1 	 2.1493e-15
15.6 	 2.27565 	 0.091744 	 0.373473 	 0.0599048 	 0.52997 	 0.0637595 	 1 	 2.39978e-15
15.7 	 2.28065 	 0.0920914 	 0.374454 	 0.0630927 	 0.529191 	 0.0653366 	 1 	 1.05714e-15
15.8 	 2.28583 	 0.0924889 	 0.3752 	 0.0667638 	 0.527467 	 0.0671851 	 1 	 1.38815e-15
15.9 	 2.29126 	 0.0929127 	 0.375424 	 0.0703913 	 0.524675 	 0.0691318 	 1 	 1.89173e-15
16 	 2.29696 	 0.0933426 	 0.374826 	 0.0733688 	 0.520803 	 0.071033 	 1 	 7.06057e-16
16.1 	 2.3029 	 0.0937648 	 0.373163 	 0.0751411 	 0.515959 	 0.0727651 	 1 	 1.34455e-15
16.2 	 2.30901 	 0.094173 	 0.370364 	 0.0753832 	 0.510381 	 0.0742335 	 1 	 1.21111e-15
16.3 	 2.31518 	 0.0945684 	 0.366611 	 0.0741499 	 0.50443 	 0.0753946 	 1 	 2.53494e-15
16.4 	 2.32128 	 0.0949578 	 0.362347 	 0.0718999 	 0.498563 	 0.0762755 	 1 	 2.55002e-15
16.5 	 2.32718 	 0.095351 	 0.358153 	 0.069349 	 0.493291 	 0.0769742 	 1 	 1.78405e-15
16.6 	 2.33278 	 0.0957581 	 0.354575 	 0.0672165 	 0.489117 	 0.0776368 	 1 	 2.4897e-15
16.7 	 2.33798 	 0.0961878 	 0.351975 	 0.0659981 	 0.486463 	 0.0784156 	 1 	 1.52586e-15
16.8 	 2.34274 	 0.0966456 	 0.350495 	 0.0658792 	 0.485609 	 0.0794222 	 1 	 1.32918e-15
16.9 	 2.34705 	 0.0971323 	 0.350133 	 0.0667914 	 0.486645 	 0.0806899 	 1 	 1.05779e-15
17 	 2.35094 	 0.0976436 	 0.350849 	 0.0685331 	 0.489451 	 0.0821569 	 1 	 1.33791e-15
17.1 	 2.35448 	 0.0981697 	 0.352607 	 0.0708659 	 0.493718 	 0.0836741 	 1 	 1.7725e-15
17.2 	 2.35778 	 0.098695 	 0.355338 	 0.0735462 	 0.498989 	 0.0850367 	 1 	 1.16323e-15
17.3 	 2.36096 	 0.0991995 	 0.35886 	 0.0762933 	 0.504725 	 0.0860273 	 1 	 2.16074e-15
17.4 	 2.36415 	 0.09966 	 0.362821 	 0.0787502 	 0.510372 	 0.086462 	 1 	 1.38123e-15
17.5 	 2.36748 	 0.100053 	 0.366732 	 0.0804983 	 0.515425 	 0.0862244 	 1 	 1.83028e-15
17.6 	 2.37105 	 0.100359 	 0.37005 	 0.0811544 	 0.519475 	 0.0852834 	 1 	 1.78136e-15
17.7 	 2.37496 	 0.100563 	 0.372294 	 0.0804988 	 0.522234 	 0.0836931 	 1 	 1.86365e-15
17.8 	 2.37922 	 0.100661 	 0.373135 	 0.0785644 	 0.523545 	 0.0815805 	 1 	 2.04682e-15
17.9 	 2.38386 	 0.100659 	 0.372457 	 0.0756411 	 0.523384 	 0.0791282 	 1 	 1.52361e-15
18 	 2.38881 	 0.100574 	 0.370371 	 0.0722026 	 0.521851 	 0.076554 	 1 	 1.33842e-15
18.1 	 2.39404 	 0.100431 	 0.367189 	 0.068787 	 0.519159 	 0.0740913 	 1 	 1.61354e-15
18.2 	 2.39944 	 0.100263 	 0.363353 	 0.0658692 	 0.515606 	 0.0719681 	 1 	 1.93751e-15
18.3 	 2.40497 	 0.100103 	 0.359342 	 0.063769 	 0.51155 	 0.0703874 	 1 	 1.22684e-15
18.4 	 2.41056 	 0.0999809 	 0.355592 	 0.0626257 	 0.507361 	 0.0695123 	 1 	 1.38963e-15
18.5 	 2.41616 	 0.0999196 	 0.352455 	 0.0624463 	 0.50337 	 0.0694578 	 1 	 1.87354e-15
18.6 	 2.42175 	 0.0999332 	 0.350197 	 0.0631858 	 0.499825 	 0.0702834 	 1 	 1.22237e-15
18.7 	 2.4273 	 0.100025 	 0.349006 	 0.0648042 	 0.496853 	 0.0719795 	 1 	 1.44897e-15
18.8 	 2.43279 	 0.100188 	 0.348957 	 0.0672561 	 0.494449 	 0.0744461 	 1 	 1.94527e-15
18.9 	 2.4382 	 0.100406 	 0.349945 	 0.0704117 	 0.492492 	 0.0774767 	 1 	 1.55299e-15
19 	 2.44349 	 0.100656 	 0.351617 	 0.073961 	 0.490792 	 0.0807651 	 1 	 1.30106e-15
19.1 	 2.44863 	 0.100914 	 0.353391 	 0.0773896 	 0.489146 	 0.0839448 	 1 	 1.29314e-15
19.2 	 2.45358 	 0.101154 	 0.354597 	 0.0800859 	 0.487398 	 0.0866525 	 1 	 1.397e-15
19.3 	 2.45832 	 0.101352 	 0.354698 	 0.0815493 	 0.485486 	 0.0885939 	 1 	 9.80522e-16
19.4 	 2.46284 	 0.101492 	 0.35348 	 0.0815813 	 0.483465 	 0.0895935 	 1 	 1.44755e-15
19.5 	 2.46713 	 0.101564 	 0.351113 	 0.080344 	 0.481493 	 0.0896175 	 1 	 1.91726e-15
19.6 	 2.47119 	 0.101568 	 0.348067 	 0.0782554 	 0.479805 	 0.0887658 	 1 	 1.71277e-15
19.7 	 2.47503 	 0.101512 	 0.344923 	 0.0757967 	 0.478662 	 0.0872399 	 1 	 1.18597e-15
19.8 	 2.47864 	 0.101412 	 0.342204 	 0.0733489 	 0.478297 	 0.085297 	 1 	 1.38519e-15
19.9 	 2.48203 	 0.101287 	 0.340265 	 0.0711325 	 0.478878 	 0.0832001 	 1 	 1.71077e-15
20 	 2.4852 	 0.101159 	 0.339282 	 0.0692474 	 0.480474 	 0.0811764 	 1 	 1.54326e-15
