time = tau * tau_parallel
rms: rms distance of hole to its origin
rms std: estimated standard error on the mean of rms from 100 samples
IPR: inverse participation ratio, IPR(tau) = sum_i (n_h(i,tau))^2, with hole density n_h(i,tau) at site i at time tau.
IPR std: estimated standard error on the mean of IPR from 100 samples
return prob: probability of the hole to return to its origin, n_h(0,tau).
return prob std: estimated standard error on the mean of return prob from 100 samples
leg imbalance: difference between the occupation in the two legs of the ladder (see Eq. (15) in the manuscript).
leg imbalance std: estimated standard error on the mean of leg imbalance from 100 samples


time, rms, rms std, IPR, IPR std, return prob, return prob std, leg imbalance, leg imbalance std
0 	 0.0 	 0 	 1 	 0 	 1 	 0 	 1 	 4.39439e-16
0.1 	 0.100157 	 5.77852e-08 	 0.980284 	 5.98283e-08 	 0.990043 	 3.05044e-08 	 1 	 4.76807e-16
0.2 	 0.199913 	 0.000114771 	 0.925363 	 0.000258365 	 0.96119 	 0.000139851 	 1 	 3.81015e-16
0.3 	 0.298815 	 0.000454148 	 0.846365 	 0.00133628 	 0.916322 	 0.000796086 	 1 	 4.25183e-16
0.4 	 0.396303 	 0.00111665 	 0.757517 	 0.00364481 	 0.85972 	 0.00246578 	 1 	 8.55184e-16
0.5 	 0.491727 	 0.00218399 	 0.67202 	 0.00714713 	 0.796406 	 0.00561416 	 1 	 6.11463e-16
0.6 	 0.584381 	 0.00371372 	 0.599326 	 0.0114498 	 0.731437 	 0.0105297 	 1 	 7.74508e-16
0.7 	 0.673575 	 0.005732 	 0.544367 	 0.016169 	 0.669285 	 0.0172265 	 1 	 6.33465e-16
0.8 	 0.758715 	 0.00822862 	 0.508161 	 0.0212309 	 0.613411 	 0.0254175 	 1 	 5.90961e-16
0.9 	 0.839346 	 0.0111558 	 0.488856 	 0.0268449 	 0.566055 	 0.0345651 	 1 	 1.04148e-15
1 	 0.915176 	 0.0144334 	 0.482641 	 0.0331742 	 0.528256 	 0.043995 	 1 	 8.98145e-16
1.1 	 0.986056 	 0.0179592 	 0.484527 	 0.0399951 	 0.500035 	 0.0530425 	 1 	 1.0764e-15
1.2 	 1.05193 	 0.0216221 	 0.489235 	 0.0466709 	 0.480678 	 0.0611915 	 1 	 7.94583e-16
1.3 	 1.11276 	 0.025315 	 0.492259 	 0.0524834 	 0.469058 	 0.0681639 	 1 	 1.1825e-15
1.4 	 1.16852 	 0.0289463 	 0.490816 	 0.0570011 	 0.463921 	 0.0739303 	 1 	 1.1231e-15
1.5 	 1.21912 	 0.0324464 	 0.484272 	 0.0601402 	 0.464105 	 0.0786409 	 1 	 9.74217e-16
1.6 	 1.26446 	 0.0357713 	 0.473887 	 0.0619591 	 0.468671 	 0.082507 	 1 	 1.07449e-15
1.7 	 1.30445 	 0.0388999 	 0.462041 	 0.0625762 	 0.47693 	 0.085693 	 1 	 1.26909e-15
1.8 	 1.33905 	 0.0418288 	 0.45136 	 0.0623751 	 0.488382 	 0.0882694 	 1 	 1.15437e-15
1.9 	 1.36828 	 0.0445663 	 0.444083 	 0.0621422 	 0.502613 	 0.0902399 	 1 	 1.00535e-15
2 	 1.39234 	 0.0471277 	 0.441764 	 0.0627249 	 0.519158 	 0.0916022 	 1 	 1.38123e-15
2.1 	 1.41152 	 0.0495325 	 0.445187 	 0.0643573 	 0.537395 	 0.0923895 	 1 	 6.51583e-16
2.2 	 1.42633 	 0.0518028 	 0.454312 	 0.066355 	 0.556489 	 0.0926588 	 1 	 1.57706e-15
2.3 	 1.43738 	 0.0539602 	 0.468187 	 0.0675603 	 0.575395 	 0.0924406 	 1 	 1.02891e-15
2.4 	 1.44546 	 0.0560204 	 0.484917 	 0.0671031 	 0.592942 	 0.0916968 	 1 	 1.15081e-15
2.5 	 1.45144 	 0.0579864 	 0.50187 	 0.0648953 	 0.60796 	 0.0903284 	 1 	 1.49549e-15
2.6 	 1.45624 	 0.0598424 	 0.516149 	 0.061666 	 0.61942 	 0.0882395 	 1 	 1.35571e-15
2.7 	 1.46077 	 0.0615531 	 0.525243 	 0.0586385 	 0.626581 	 0.0854254 	 1 	 1.88229e-15
2.8 	 1.46583 	 0.0630682 	 0.527616 	 0.0569988 	 0.629077 	 0.0820392 	 1 	 1.61354e-15
2.9 	 1.47208 	 0.0643326 	 0.523012 	 0.0572608 	 0.626961 	 0.0784056 	 1 	 1.01821e-15
3 	 1.47994 	 0.0652994 	 0.512413 	 0.0588945 	 0.620681 	 0.074967 	 1 	 1.08905e-15
3.1 	 1.48959 	 0.0659385 	 0.4977 	 0.0606732 	 0.611009 	 0.07217 	 1 	 5.61246e-16
3.2 	 1.50096 	 0.0662419 	 0.481165 	 0.0614723 	 0.598927 	 0.0703246 	 1 	 1.38172e-15
3.3 	 1.51377 	 0.0662227 	 0.465046 	 0.06083 	 0.585505 	 0.0694995 	 1 	 1.91261e-15
3.4 	 1.52757 	 0.0659117 	 0.451168 	 0.0589902 	 0.57177 	 0.0695093 	 1 	 8.33284e-16
3.5 	 1.54186 	 0.0653525 	 0.440724 	 0.0565493 	 0.558617 	 0.0699911 	 1 	 1.74328e-15
3.6 	 1.55611 	 0.0645983 	 0.434163 	 0.0540115 	 0.54674 	 0.0705077 	 1 	 2.05516e-15
3.7 	 1.56987 	 0.0637088 	 0.431169 	 0.0516072 	 0.536618 	 0.0706293 	 1 	 1.52989e-15
3.8 	 1.5828 	 0.0627487 	 0.43078 	 0.0494556 	 0.528532 	 0.069997 	 1 	 1.16911e-15
3.9 	 1.59468 	 0.0617834 	 0.431649 	 0.0477744 	 0.522612 	 0.0684035 	 1 	 1.24842e-15
4 	 1.60542 	 0.0608743 	 0.43246 	 0.0468534 	 0.518879 	 0.0659139 	 1 	 1.02424e-15
4.1 	 1.6151 	 0.0600706 	 0.432342 	 0.0468533 	 0.517293 	 0.063001 	 1 	 1.60759e-15
4.2 	 1.62386 	 0.0594045 	 0.431134 	 0.0476902 	 0.517775 	 0.0605951 	 1 	 1.60887e-15
4.3 	 1.63195 	 0.0588871 	 0.429331 	 0.0491904 	 0.520213 	 0.0598549 	 1 	 1.86512e-15
4.4 	 1.63965 	 0.0585081 	 0.42775 	 0.0514465 	 0.524456 	 0.0615494 	 1 	 1.08021e-15
4.5 	 1.64727 	 0.0582385 	 0.427074 	 0.0549549 	 0.530306 	 0.0654521 	 1 	 1.86475e-15
4.6 	 1.65508 	 0.0580334 	 0.427548 	 0.0600982 	 0.5375 	 0.0704098 	 1 	 1.28144e-15
4.7 	 1.66329 	 0.0578383 	 0.42896 	 0.0663537 	 0.545712 	 0.0749627 	 1 	 2.19938e-15
4.8 	 1.67211 	 0.0575954 	 0.430874 	 0.0722251 	 0.554543 	 0.0778835 	 1 	 1.48722e-15
4.9 	 1.68165 	 0.0572544 	 0.43291 	 0.075981 	 0.563523 	 0.0784082 	 1 	 1.99222e-15
5 	 1.69202 	 0.0567837 	 0.434874 	 0.0764124 	 0.572117 	 0.0762669 	 1 	 1.30264e-15
5.1 	 1.70329 	 0.0561769 	 0.436693 	 0.0731642 	 0.579744 	 0.0716308 	 1 	 1.13764e-15
5.2 	 1.71548 	 0.0554554 	 0.438239 	 0.0667065 	 0.585804 	 0.0650407 	 1 	 1.76009e-15
5.3 	 1.72862 	 0.0546628 	 0.439211 	 0.058193 	 0.589729 	 0.0573501 	 1 	 1.3837e-15
5.4 	 1.74267 	 0.0538547 	 0.439151 	 0.0493746 	 0.591042 	 0.0496953 	 1 	 1.83551e-15
5.5 	 1.75758 	 0.0530859 	 0.43757 	 0.0424292 	 0.58942 	 0.043435 	 1 	 1.6542e-15
5.6 	 1.77324 	 0.0523999 	 0.434129 	 0.0390925 	 0.584749 	 0.0398494 	 1 	 1.6719e-15
5.7 	 1.7895 	 0.0518223 	 0.428776 	 0.0391482 	 0.577157 	 0.0394428 	 1 	 1.59218e-15
5.8 	 1.80616 	 0.0513597 	 0.421807 	 0.0406298 	 0.567015 	 0.0415043 	 1 	 1.74446e-15
5.9 	 1.82297 	 0.0510028 	 0.413832 	 0.0418579 	 0.554898 	 0.044704 	 1 	 1.86475e-15
6 	 1.8397 	 0.0507323 	 0.405626 	 0.0424772 	 0.541525 	 0.0479195 	 1 	 1.73343e-15
6.1 	 1.85609 	 0.0505251 	 0.397919 	 0.043128 	 0.527681 	 0.0504988 	 1 	 1.12127e-15
6.2 	 1.87192 	 0.0503599 	 0.391181 	 0.0445531 	 0.514135 	 0.052174 	 1 	 1.9144e-15
6.3 	 1.88699 	 0.0502206 	 0.385519 	 0.0468089 	 0.501576 	 0.0529327 	 1 	 1.54503e-15
6.4 	 1.90116 	 0.0500981 	 0.380734 	 0.0492215 	 0.490557 	 0.0529409 	 1 	 1.11269e-15
6.5 	 1.91432 	 0.0499905 	 0.376527 	 0.0510004 	 0.481475 	 0.0525105 	 1 	 1.97427e-15
6.6 	 1.92643 	 0.0499031 	 0.372727 	 0.0518112 	 0.474563 	 0.0520702 	 1 	 9.11014e-16
6.7 	 1.93748 	 0.0498468 	 0.369412 	 0.0519094 	 0.469914 	 0.0520969 	 1 	 1.73974e-15
6.8 	 1.9475 	 0.049836 	 0.366858 	 0.0518339 	 0.467503 	 0.0529884 	 1 	 2.08263e-15
6.9 	 1.95656 	 0.0498867 	 0.36535 	 0.0518995 	 0.467228 	 0.0549269 	 1 	 1.71716e-15
7 	 1.96473 	 0.0500116 	 0.364997 	 0.051926 	 0.468939 	 0.0578197 	 1 	 1.84221e-15
7.1 	 1.97212 	 0.0502166 	 0.365667 	 0.0514844 	 0.472458 	 0.0613523 	 1 	 1.14424e-15
7.2 	 1.97884 	 0.0504969 	 0.367075 	 0.0504345 	 0.477586 	 0.0650995 	 1 	 1.74092e-15
7.3 	 1.98501 	 0.0508356 	 0.368955 	 0.0492841 	 0.484089 	 0.0686161 	 1 	 1.80466e-15
7.4 	 1.99074 	 0.0512037 	 0.37117 	 0.0490328 	 0.491684 	 0.0714824 	 1 	 1.6882e-15
7.5 	 1.99617 	 0.0515638 	 0.373704 	 0.0504517 	 0.500012 	 0.0733206 	 1 	 1.31468e-15
7.6 	 2.00143 	 0.0518745 	 0.376525 	 0.0533494 	 0.508635 	 0.0738093 	 1 	 2.04414e-15
7.7 	 2.00669 	 0.0520966 	 0.379459 	 0.056622 	 0.517038 	 0.0727092 	 1 	 1.55255e-15
7.8 	 2.0121 	 0.0521997 	 0.382137 	 0.0589506 	 0.524664 	 0.0699065 	 1 	 1.09532e-15
7.9 	 2.01785 	 0.0521673 	 0.38409 	 0.0594305 	 0.530959 	 0.0654698 	 1 	 1.10713e-15
8 	 2.02408 	 0.0520006 	 0.384917 	 0.0578735 	 0.535428 	 0.0597188 	 1 	 1.38123e-15
8.1 	 2.03095 	 0.0517194 	 0.384431 	 0.0548458 	 0.537693 	 0.0532967 	 1 	 1.44566e-15
8.2 	 2.03857 	 0.0513599 	 0.382696 	 0.0514583 	 0.537546 	 0.0472207 	 1 	 1.19116e-15
8.3 	 2.047 	 0.0509706 	 0.379941 	 0.0488609 	 0.534972 	 0.0427984 	 1 	 1.53882e-15
8.4 	 2.05623 	 0.0506038 	 0.37643 	 0.0475754 	 0.530162 	 0.041157 	 1 	 1.26585e-15
8.5 	 2.06619 	 0.0503103 	 0.372343 	 0.0472206 	 0.523494 	 0.0424451 	 1 	 1.62412e-15
8.6 	 2.07675 	 0.0501308 	 0.367771 	 0.0469814 	 0.515498 	 0.0456565 	 1 	 1.59089e-15
8.7 	 2.08774 	 0.050093 	 0.362783 	 0.0463051 	 0.506796 	 0.0494092 	 1 	 2.28159e-15
8.8 	 2.09894 	 0.0502088 	 0.357531 	 0.0452095 	 0.498042 	 0.0526486 	 1 	 1.33586e-15
8.9 	 2.11014 	 0.0504763 	 0.352306 	 0.0441669 	 0.489843 	 0.0548372 	 1 	 1.5666e-15
9 	 2.12112 	 0.0508816 	 0.347513 	 0.0437951 	 0.482703 	 0.055898 	 1 	 1.12371e-15
9.1 	 2.1317 	 0.0514017 	 0.343568 	 0.0445556 	 0.476972 	 0.0560999 	 1 	 1.92011e-15
9.2 	 2.14172 	 0.052008 	 0.340787 	 0.0465755 	 0.47282 	 0.0559221 	 1 	 1.90184e-15
9.3 	 2.15108 	 0.0526683 	 0.339308 	 0.0496191 	 0.470241 	 0.0558894 	 1 	 7.37368e-16
9.4 	 2.15975 	 0.0533501 	 0.339087 	 0.0531674 	 0.469077 	 0.0564003 	 1 	 9.76323e-16
9.5 	 2.16773 	 0.0540219 	 0.339941 	 0.0565548 	 0.469061 	 0.0576065 	 1 	 1.41017e-15
9.6 	 2.17509 	 0.0546557 	 0.341606 	 0.0591334 	 0.46987 	 0.0594054 	 1 	 1.01146e-15
9.7 	 2.18193 	 0.0552276 	 0.343762 	 0.0604344 	 0.471174 	 0.0615329 	 1 	 1.74681e-15
9.8 	 2.18838 	 0.0557183 	 0.346045 	 0.0602849 	 0.472678 	 0.0636821 	 1 	 1.64631e-15
9.9 	 2.19458 	 0.0561135 	 0.34806 	 0.0588457 	 0.474149 	 0.06558 	 1 	 1.67395e-15
10 	 2.20063 	 0.0564043 	 0.349429 	 0.0565583 	 0.475439 	 0.0670123 	 1 	 1.14424e-15
10.1 	 2.20665 	 0.0565869 	 0.349874 	 0.0540142 	 0.476486 	 0.067819 	 1 	 2.07341e-15
10.2 	 2.21271 	 0.0566632 	 0.349283 	 0.051771 	 0.477308 	 0.0678854 	 1 	 1.45369e-15
10.3 	 2.21884 	 0.0566398 	 0.347739 	 0.0501695 	 0.477987 	 0.0671416 	 1 	 2.48336e-15
10.4 	 2.22506 	 0.0565262 	 0.345494 	 0.049254 	 0.478649 	 0.0655725 	 1 	 1.65171e-15
10.5 	 2.23138 	 0.0563332 	 0.342907 	 0.0488595 	 0.479426 	 0.0632357 	 1 	 2.0869e-15
10.6 	 2.23781 	 0.0560716 	 0.340393 	 0.0488029 	 0.480425 	 0.0602811 	 1 	 1.90436e-15
10.7 	 2.24436 	 0.0557514 	 0.338376 	 0.0490147 	 0.481694 	 0.0569714 	 1 	 2.00627e-15
10.8 	 2.25107 	 0.0553822 	 0.337235 	 0.0495218 	 0.483198 	 0.053692 	 1 	 1.9767e-15
10.9 	 2.25798 	 0.0549745 	 0.337219 	 0.0503274 	 0.484808 	 0.0509302 	 1 	 2.32765e-15
11 	 2.26514 	 0.0545413 	 0.338346 	 0.0513095 	 0.486312 	 0.0491855 	 1 	 1.80314e-15
11.1 	 2.27262 	 0.0540994 	 0.340325 	 0.0522233 	 0.487443 	 0.0487987 	 1 	 1.6882e-15
11.2 	 2.28046 	 0.0536689 	 0.342562 	 0.0527916 	 0.487925 	 0.0497769 	 1 	 1.75853e-15
11.3 	 2.28868 	 0.0532717 	 0.344287 	 0.0528122 	 0.487523 	 0.0517591 	 1 	 1.5499e-15
11.4 	 2.29728 	 0.0529291 	 0.34476 	 0.0522258 	 0.486096 	 0.0541607 	 1 	 1.80807e-15
11.5 	 2.3062 	 0.0526597 	 0.343497 	 0.051133 	 0.483627 	 0.056374 	 1 	 2.33558e-15
11.6 	 2.31533 	 0.0524771 	 0.340419 	 0.0497657 	 0.480249 	 0.0579111 	 1 	 1.09156e-15
11.7 	 2.32454 	 0.0523892 	 0.335871 	 0.0484208 	 0.476226 	 0.0584731 	 1 	 1.23407e-15
11.8 	 2.33365 	 0.052398 	 0.330513 	 0.0473765 	 0.47193 	 0.0579778 	 1 	 1.86878e-15
11.9 	 2.34248 	 0.052501 	 0.325142 	 0.0468281 	 0.467781 	 0.0565724 	 1 	 2.09868e-15
12 	 2.3509 	 0.0526918 	 0.320525 	 0.0468716 	 0.464181 	 0.0546352 	 1 	 2.73905e-15
12.1 	 2.35878 	 0.0529611 	 0.317278 	 0.0475215 	 0.461452 	 0.052747 	 1 	 1.70716e-15
12.2 	 2.36609 	 0.0532975 	 0.315812 	 0.048731 	 0.459777 	 0.0515875 	 1 	 1.73264e-15
12.3 	 2.37285 	 0.0536865 	 0.316296 	 0.0503945 	 0.459172 	 0.0517226 	 1 	 1.39307e-15
12.4 	 2.37914 	 0.0541102 	 0.318629 	 0.0523386 	 0.459477 	 0.0533516 	 1 	 1.33689e-15
12.5 	 2.38512 	 0.0545464 	 0.322404 	 0.0543213 	 0.460388 	 0.0562026 	 1 	 1.56747e-15
12.6 	 2.39097 	 0.0549697 	 0.326904 	 0.0560493 	 0.461508 	 0.0596677 	 1 	 1.62622e-15
12.7 	 2.39687 	 0.0553529 	 0.331188 	 0.0572148 	 0.462419 	 0.0630456 	 1 	 1.29632e-15
12.8 	 2.40297 	 0.0556713 	 0.334269 	 0.0575562 	 0.462752 	 0.0657292 	 1 	 1.58355e-15
12.9 	 2.4094 	 0.0559052 	 0.335352 	 0.0569375 	 0.462252 	 0.067298 	 1 	 1.59776e-15
13 	 2.4162 	 0.0560439 	 0.334061 	 0.055417 	 0.460825 	 0.0675485 	 1 	 1.97843e-15
13.1 	 2.42336 	 0.056086 	 0.330539 	 0.0532579 	 0.458551 	 0.0664957 	 1 	 1.36376e-15
13.2 	 2.43078 	 0.0560394 	 0.325407 	 0.0508672 	 0.455675 	 0.064357 	 1 	 1.17553e-15
13.3 	 2.43837 	 0.0559202 	 0.319588 	 0.0486906 	 0.452563 	 0.0615229 	 1 	 1.9194e-15
13.4 	 2.44596 	 0.05575 	 0.314063 	 0.0471075 	 0.449645 	 0.0585081 	 1 	 1.15437e-15
13.5 	 2.45341 	 0.0555538 	 0.309676 	 0.0463496 	 0.447339 	 0.0558729 	 1 	 1.80807e-15
13.6 	 2.46059 	 0.0553584 	 0.307008 	 0.0464558 	 0.445986 	 0.0541065 	 1 	 1.99119e-15
13.7 	 2.46742 	 0.0551893 	 0.306342 	 0.0472852 	 0.445789 	 0.0534923 	 1 	 1.98258e-15
13.8 	 2.47386 	 0.0550699 	 0.307663 	 0.0485939 	 0.446784 	 0.0540196 	 1 	 1.61566e-15
13.9 	 2.47992 	 0.0550188 	 0.310673 	 0.0501359 	 0.448834 	 0.0554069 	 1 	 8.70265e-16
14 	 2.48565 	 0.0550483 	 0.314803 	 0.0517265 	 0.451657 	 0.0572232 	 1 	 2.01716e-15
14.1 	 2.49113 	 0.0551637 	 0.319265 	 0.0532338 	 0.454871 	 0.059027 	 1 	 1.70274e-15
14.2 	 2.49645 	 0.0553617 	 0.323174 	 0.0545274 	 0.458067 	 0.0604627 	 1 	 2.20683e-15
14.3 	 2.5017 	 0.0556319 	 0.325736 	 0.0554529 	 0.460868 	 0.0613052 	 1 	 1.36577e-15
14.4 	 2.50697 	 0.0559576 	 0.326451 	 0.0558724 	 0.462994 	 0.0614673 	 1 	 1.95335e-15
14.5 	 2.5123 	 0.0563181 	 0.325251 	 0.0557366 	 0.464292 	 0.0609869 	 1 	 1.74328e-15
14.6 	 2.51774 	 0.0566926 	 0.322506 	 0.0551191 	 0.464754 	 0.0600021 	 1 	 1.00739e-15
14.7 	 2.52328 	 0.0570621 	 0.318896 	 0.0541909 	 0.464498 	 0.058726 	 1 	 1.70756e-15
14.8 	 2.52891 	 0.0574126 	 0.315214 	 0.0531669 	 0.463731 	 0.057424 	 1 	 1.98258e-15
14.9 	 2.53462 	 0.0577359 	 0.312159 	 0.052262 	 0.462701 	 0.0563922 	 1 	 1.34302e-15
15 	 2.54038 	 0.0580291 	 0.310212 	 0.051661 	 0.461639 	 0.0559201 	 1 	 1.94527e-15
15.1 	 2.54617 	 0.0582929 	 0.309585 	 0.0514847 	 0.460712 	 0.0562304 	 1 	 1.68089e-15
15.2 	 2.55199 	 0.0585307 	 0.310234 	 0.0517545 	 0.459994 	 0.0574045 	 1 	 1.90795e-15
15.3 	 2.55785 	 0.0587462 	 0.311889 	 0.0523777 	 0.459448 	 0.0593335 	 1 	 1.63295e-15
15.4 	 2.56377 	 0.058943 	 0.314094 	 0.0531753 	 0.458943 	 0.0617328 	 1 	 1.43711e-15
15.5 	 2.56979 	 0.0591234 	 0.316269 	 0.05394 	 0.45828 	 0.0642163 	 1 	 1.74289e-15
15.6 	 2.57597 	 0.0592889 	 0.317808 	 0.0544941 	 0.457238 	 0.0663924 	 1 	 1.95475e-15
15.7 	 2.58234 	 0.0594394 	 0.318214 	 0.0547277 	 0.455626 	 0.0679461 	 1 	 1.18885e-15
15.8 	 2.58894 	 0.0595739 	 0.317225 	 0.0546192 	 0.453327 	 0.0686886 	 1 	 1.62622e-15
15.9 	 2.59577 	 0.0596903 	 0.314886 	 0.0542327 	 0.450334 	 0.0685764 	 1 	 1.95124e-15
16 	 2.60283 	 0.0597862 	 0.311523 	 0.0536915 	 0.446756 	 0.0677048 	 1 	 1.67966e-15
16.1 	 2.61005 	 0.0598605 	 0.307648 	 0.0531421 	 0.44282 	 0.0662819 	 1 	 2.23305e-15
16.2 	 2.61736 	 0.0599139 	 0.303816 	 0.0527262 	 0.438831 	 0.0645886 	 1 	 9.08003e-16
16.3 	 2.62467 	 0.0599499 	 0.300506 	 0.0525584 	 0.435142 	 0.0629254 	 1 	 1.34607e-15
16.4 	 2.63188 	 0.0599749 	 0.298048 	 0.0526941 	 0.432094 	 0.0615494 	 1 	 1.50598e-15
16.5 	 2.63889 	 0.0599984 	 0.296608 	 0.0530996 	 0.429976 	 0.0606151 	 1 	 1.59218e-15
16.6 	 2.64563 	 0.0600315 	 0.296198 	 0.0536562 	 0.428982 	 0.0601369 	 1 	 1.78405e-15
16.7 	 2.65206 	 0.0600855 	 0.296694 	 0.0542056 	 0.42919 	 0.0599955 	 1 	 1.93786e-15
16.8 	 2.65817 	 0.0601708 	 0.29786 	 0.0546074 	 0.430548 	 0.0599869 	 1 	 1.24512e-15
16.9 	 2.66398 	 0.0602945 	 0.299375 	 0.0547725 	 0.432885 	 0.0598956 	 1 	 1.44424e-15
17 	 2.66957 	 0.0604601 	 0.300898 	 0.0546677 	 0.435935 	 0.0595666 	 1 	 1.58355e-15
17.1 	 2.675 	 0.0606661 	 0.302139 	 0.0543167 	 0.439365 	 0.0589538 	 1 	 1.61778e-15
17.2 	 2.68036 	 0.060906 	 0.302925 	 0.0538093 	 0.442821 	 0.0581356 	 1 	 1.14245e-15
17.3 	 2.68573 	 0.0611692 	 0.303228 	 0.0532996 	 0.445965 	 0.0572921 	 1 	 1.57488e-15
17.4 	 2.69116 	 0.0614416 	 0.303135 	 0.0529625 	 0.448512 	 0.0566467 	 1 	 1.32918e-15
17.5 	 2.69671 	 0.061707 	 0.302792 	 0.0529143 	 0.450258 	 0.0563839 	 1 	 1.31728e-15
17.6 	 2.70239 	 0.0619486 	 0.302333 	 0.0531499 	 0.451093 	 0.0565756 	 1 	 1.54104e-15
17.7 	 2.70818 	 0.0621508 	 0.301841 	 0.0535436 	 0.450999 	 0.057151 	 1 	 9.6787e-16
17.8 	 2.71409 	 0.0623009 	 0.301339 	 0.0539096 	 0.45004 	 0.0579264 	 1 	 1.76475e-15
17.9 	 2.72008 	 0.0623913 	 0.300816 	 0.0540769 	 0.448337 	 0.0586752 	 1 	 1.38766e-15
18 	 2.72614 	 0.0624205 	 0.300242 	 0.0539377 	 0.446041 	 0.0592004 	 1 	 1.5969e-15
18.1 	 2.73225 	 0.0623932 	 0.299583 	 0.0534648 	 0.443308 	 0.0593829 	 1 	 1.92296e-15
18.2 	 2.73844 	 0.0623201 	 0.29879 	 0.0527046 	 0.44028 	 0.0591968 	 1 	 1.57619e-15
18.3 	 2.74469 	 0.0622155 	 0.297791 	 0.051752 	 0.437073 	 0.0586992 	 1 	 1.58399e-15
18.4 	 2.75103 	 0.0620958 	 0.296499 	 0.0507102 	 0.433779 	 0.0580034 	 1 	 1.29367e-15
18.5 	 2.75746 	 0.0619766 	 0.294853 	 0.0496585 	 0.430469 	 0.0572493 	 1 	 1.75268e-15
18.6 	 2.76397 	 0.0618718 	 0.29286 	 0.0486591 	 0.427213 	 0.0565776 	 1 	 1.93255e-15
18.7 	 2.77053 	 0.0617928 	 0.290636 	 0.0478014 	 0.424086 	 0.0561139 	 1 	 1.48814e-15
18.8 	 2.7771 	 0.0617474 	 0.288401 	 0.0472312 	 0.421179 	 0.0559599 	 1 	 1.55299e-15
18.9 	 2.78361 	 0.0617404 	 0.286428 	 0.0471141 	 0.418607 	 0.0561856 	 1 	 1.64631e-15
19 	 2.78999 	 0.0617728 	 0.284961 	 0.0475504 	 0.416499 	 0.0568187 	 1 	 1.35571e-15
19.1 	 2.79617 	 0.0618426 	 0.284143 	 0.0485134 	 0.414987 	 0.0578331 	 1 	 1.63922e-15
19.2 	 2.80208 	 0.0619447 	 0.283974 	 0.04986 	 0.41419 	 0.0591417 	 1 	 1.28677e-15
19.3 	 2.80768 	 0.0620723 	 0.284328 	 0.0513954 	 0.414195 	 0.0606015 	 1 	 2.37569e-15
19.4 	 2.81294 	 0.0622171 	 0.285007 	 0.0529353 	 0.415035 	 0.0620315 	 1 	 1.44897e-15
19.5 	 2.81788 	 0.0623712 	 0.285813 	 0.0543341 	 0.416682 	 0.0632395 	 1 	 1.46682e-15
19.6 	 2.82253 	 0.0625274 	 0.28659 	 0.0554763 	 0.419041 	 0.0640525 	 1 	 2.21674e-15
19.7 	 2.82697 	 0.0626804 	 0.287246 	 0.056255 	 0.421953 	 0.0643465 	 1 	 1.37427e-15
19.8 	 2.83125 	 0.0628264 	 0.287729 	 0.0565644 	 0.425209 	 0.0640714 	 1 	 1.12554e-15
19.9 	 2.83548 	 0.0629638 	 0.288017 	 0.0563257 	 0.428571 	 0.0632689 	 1 	 1.09595e-15
20 	 2.83973 	 0.0630923 	 0.288103 	 0.0555423 	 0.431788 	 0.0620772 	 1 	 2.04581e-15
20.1 	 2.84406 	 0.0632131 	 0.288003 	 0.0543506 	 0.43463 	 0.060719 	 1 	 1.10961e-15
20.2 	 2.84852 	 0.0633279 	 0.287773 	 0.0530205 	 0.436899 	 0.0594646 	 1 	 1.07258e-15
20.3 	 2.85315 	 0.0634382 	 0.287504 	 0.0518823 	 0.438453 	 0.0585738 	 1 	 2.06878e-15
20.4 	 2.85796 	 0.0635448 	 0.287295 	 0.0512108 	 0.439213 	 0.0582244 	 1 	 1.94245e-15
20.5 	 2.86296 	 0.0636467 	 0.287213 	 0.0511362 	 0.439159 	 0.0584562 	 1 	 2.09966e-15
20.6 	 2.86815 	 0.0637415 	 0.287251 	 0.0516254 	 0.438327 	 0.059157 	 1 	 1.50916e-15
20.7 	 2.87353 	 0.0638258 	 0.287322 	 0.0525199 	 0.436793 	 0.0600996 	 1 	 1.62959e-15
20.8 	 2.87908 	 0.0638955 	 0.287284 	 0.0535921 	 0.434649 	 0.0610101 	 1 	 1.342e-15
20.9 	 2.88481 	 0.0639472 	 0.286988 	 0.0546013 	 0.431998 	 0.0616384 	 1 	 1.22796e-15
21 	 2.8907 	 0.0639791 	 0.286335 	 0.0553417 	 0.42893 	 0.0618122 	 1 	 1.90184e-15
21.1 	 2.89673 	 0.0639913 	 0.285291 	 0.0556686 	 0.425529 	 0.0614669 	 1 	 2.03743e-15
21.2 	 2.90288 	 0.0639858 	 0.283883 	 0.0555043 	 0.421873 	 0.0606547 	 1 	 1.64131e-15
21.3 	 2.90912 	 0.0639666 	 0.282169 	 0.0548387 	 0.41805 	 0.0595338 	 1 	 1.83663e-15
21.4 	 2.91539 	 0.0639388 	 0.280218 	 0.0537391 	 0.414164 	 0.0583386 	 1 	 2.24132e-15
21.5 	 2.92165 	 0.0639077 	 0.27811 	 0.0523653 	 0.410355 	 0.0573343 	 1 	 1.8761e-15
21.6 	 2.92783 	 0.0638784 	 0.27596 	 0.0509633 	 0.406795 	 0.0567569 	 1 	 1.40774e-15
21.7 	 2.93387 	 0.0638553 	 0.273932 	 0.0498185 	 0.403686 	 0.0567541 	 1 	 1.68048e-15
21.8 	 2.93971 	 0.0638415 	 0.272235 	 0.0491794 	 0.401241 	 0.0573437 	 1 	 1.60033e-15
21.9 	 2.94529 	 0.063839 	 0.27107 	 0.0491887 	 0.39967 	 0.0584122 	 1 	 2.05149e-15
22 	 2.95058 	 0.0638485 	 0.270576 	 0.0498538 	 0.399145 	 0.0597531 	 1 	 8.34105e-16
22.1 	 2.95554 	 0.0638696 	 0.270781 	 0.0510586 	 0.39978 	 0.0611274 	 1 	 1.86622e-15
22.2 	 2.96016 	 0.0639012 	 0.271603 	 0.0525979 	 0.401602 	 0.0623227 	 1 	 9.93014e-16
22.3 	 2.96448 	 0.0639412 	 0.272888 	 0.054218 	 0.404542 	 0.0631919 	 1 	 1.78558e-15
22.4 	 2.96853 	 0.0639867 	 0.274463 	 0.0556601 	 0.40842 	 0.0636649 	 1 	 1.4518e-15
22.5 	 2.97239 	 0.0640344 	 0.276163 	 0.0567059 	 0.412957 	 0.0637384 	 1 	 1.64256e-15
22.6 	 2.97614 	 0.0640806 	 0.277837 	 0.0572163 	 0.417791 	 0.0634504 	 1 	 1.83775e-15
22.7 	 2.97988 	 0.0641214 	 0.279327 	 0.0571484 	 0.422512 	 0.0628532 	 1 	 1.63839e-15
22.8 	 2.9837 	 0.0641532 	 0.28046 	 0.0565432 	 0.426703 	 0.0619957 	 1 	 1.92865e-15
22.9 	 2.98769 	 0.0641732 	 0.281072 	 0.055496 	 0.429993 	 0.06092 	 1 	 1.03885e-15
23 	 2.99191 	 0.0641794 	 0.281051 	 0.0541317 	 0.432097 	 0.0596709 	 1 	 1.14962e-15
23.1 	 2.99641 	 0.0641711 	 0.280383 	 0.0525978 	 0.432855 	 0.0583089 	 1 	 1.85333e-15
23.2 	 3.00118 	 0.064149 	 0.279162 	 0.0510638 	 0.432244 	 0.0569167 	 1 	 1.31624e-15
23.3 	 3.00623 	 0.064115 	 0.277558 	 0.0497053 	 0.430377 	 0.055593 	 1 	 1.5173e-15
23.4 	 3.01152 	 0.0640728 	 0.275762 	 0.0486673 	 0.427475 	 0.0544343 	 1 	 1.52316e-15
23.5 	 3.017 	 0.0640273 	 0.27395 	 0.048029 	 0.423828 	 0.0535114 	 1 	 1.43138e-15
23.6 	 3.02262 	 0.0639849 	 0.27226 	 0.0477907 	 0.419746 	 0.052852 	 1 	 1.47752e-15
23.7 	 3.02832 	 0.0639522 	 0.270802 	 0.0478853 	 0.415521 	 0.052437 	 1 	 1.41308e-15
23.8 	 3.03406 	 0.0639361 	 0.269662 	 0.048203 	 0.411387 	 0.052214 	 1 	 1.13644e-15
23.9 	 3.03978 	 0.0639423 	 0.268882 	 0.0486204 	 0.40751 	 0.0521212 	 1 	 2.06712e-15
24 	 3.04546 	 0.063975 	 0.268435 	 0.0490252 	 0.403985 	 0.0521151 	 1 	 1.01417e-15
24.1 	 3.05108 	 0.0640367 	 0.268201 	 0.0493332 	 0.40085 	 0.0521916 	 1 	 1.84221e-15
24.2 	 3.05664 	 0.0641277 	 0.267989 	 0.0494942 	 0.398111 	 0.0523966 	 1 	 1.36477e-15
24.3 	 3.06213 	 0.0642472 	 0.26759 	 0.0494977 	 0.395766 	 0.052819 	 1 	 1.04411e-15
24.4 	 3.06752 	 0.0643932 	 0.266869 	 0.049382 	 0.393834 	 0.0535643 	 1 	 1.65005e-15
24.5 	 3.07281 	 0.0645631 	 0.265815 	 0.0492387 	 0.392367 	 0.0547109 	 1 	 2.1214e-15
24.6 	 3.07795 	 0.0647542 	 0.264553 	 0.0491911 	 0.391451 	 0.0562661 	 1 	 1.77636e-15
24.7 	 3.08292 	 0.0649635 	 0.263293 	 0.0493511 	 0.391202 	 0.0581434 	 1 	 2.00114e-15
24.8 	 3.08767 	 0.0651877 	 0.262257 	 0.0497786 	 0.391741 	 0.0601756 	 1 	 1.14663e-15
24.9 	 3.09218 	 0.0654228 	 0.26162 	 0.0504673 	 0.393163 	 0.062156 	 1 	 1.38568e-15
25 	 3.09644 	 0.0656645 	 0.261482 	 0.0513523 	 0.395504 	 0.0638887 	 1 	 1.19517e-15
