time = tau * tau_parallel
rms: rms distance of hole to its origin
rms std: estimated standard error on the mean of rms from 100 samples
IPR: inverse participation ratio, IPR(tau) = sum_i (n_h(i,tau))^2, with hole density n_h(i,tau) at site i at time tau.
IPR std: estimated standard error on the mean of IPR from 100 samples
return prob: probability of the hole to return to its origin, n_h(0,tau).
return prob std: estimated standard error on the mean of return prob from 100 samples
leg imbalance: difference between the occupation in the two legs of the ladder (see Eq. (15) in the manuscript).
leg imbalance std: estimated standard error on the mean of leg imbalance from 100 samples


time, rms, rms std, IPR, IPR std, return prob, return prob std, leg imbalance, leg imbalance std
0 	 1.64208e-07 	 0 	 1 	 0 	 1 	 0 	 1 	 3.62597e-16
0.1 	 0.0999577 	 1.01332e-05 	 0.980361 	 1.24367e-05 	 0.990083 	 6.34388e-06 	 1 	 6.99235e-16
0.2 	 0.194621 	 0.000193518 	 0.929031 	 0.000423449 	 0.963172 	 0.000228456 	 1 	 8.79657e-16
0.3 	 0.279878 	 0.000664641 	 0.86316 	 0.00185192 	 0.926243 	 0.00108526 	 1 	 6.75322e-16
0.4 	 0.353181 	 0.00150611 	 0.79915 	 0.00459473 	 0.887249 	 0.00296635 	 1 	 9.77725e-16
0.5 	 0.413617 	 0.00276454 	 0.7467 	 0.00858262 	 0.852499 	 0.00610754 	 1 	 1.08211e-15
0.6 	 0.461902 	 0.00437388 	 0.708711 	 0.0133478 	 0.825449 	 0.0103486 	 1 	 5.33729e-16
0.7 	 0.500133 	 0.00618679 	 0.683797 	 0.0183144 	 0.806739 	 0.0151718 	 1 	 5.73317e-16
0.8 	 0.53136 	 0.00803866 	 0.668428 	 0.0230488 	 0.794817 	 0.0199467 	 1 	 1.152e-15
0.9 	 0.558973 	 0.00977575 	 0.658131 	 0.0271854 	 0.786748 	 0.024091 	 1 	 1.21224e-15
1 	 0.585936 	 0.0112775 	 0.648494 	 0.0303026 	 0.779249 	 0.0271979 	 1 	 9.08003e-16
1.1 	 0.614206 	 0.0124828 	 0.63621 	 0.0320292 	 0.769653 	 0.029138 	 1 	 7.3271e-16
1.2 	 0.644566 	 0.0133967 	 0.619773 	 0.0322463 	 0.756523 	 0.030027 	 1 	 9.82615e-16
1.3 	 0.676776 	 0.0140738 	 0.599598 	 0.0311761 	 0.739846 	 0.0301169 	 1 	 8.73407e-16
1.4 	 0.709929 	 0.0146015 	 0.577489 	 0.0293788 	 0.720787 	 0.0297513 	 1 	 1.30474e-15
1.5 	 0.74296 	 0.0150736 	 0.555657 	 0.0275574 	 0.701097 	 0.029316 	 1 	 8.72622e-16
1.6 	 0.775075 	 0.0155438 	 0.53581 	 0.0261534 	 0.682462 	 0.0290509 	 1 	 9.60769e-16
1.7 	 0.805926 	 0.0160118 	 0.518738 	 0.0251899 	 0.666027 	 0.0289374 	 1 	 7.99737e-16
1.8 	 0.835489 	 0.016458 	 0.504462 	 0.0245053 	 0.65225 	 0.0288449 	 1 	 1.20487e-15
1.9 	 0.863793 	 0.016866 	 0.492632 	 0.0239652 	 0.641024 	 0.0286953 	 1 	 7.81549e-16
2 	 0.89078 	 0.0172222 	 0.482771 	 0.0234883 	 0.63186 	 0.028472 	 1 	 1.4126e-15
2.1 	 0.916358 	 0.0175246 	 0.474355 	 0.0230319 	 0.624085 	 0.0281874 	 1 	 9.22221e-16
2.2 	 0.940541 	 0.0177937 	 0.466867 	 0.0225913 	 0.617036 	 0.0278687 	 1 	 9.97829e-16
2.3 	 0.963482 	 0.0180591 	 0.45988 	 0.0221777 	 0.610223 	 0.0275318 	 1 	 9.74919e-16
2.4 	 0.985411 	 0.0183394 	 0.453153 	 0.0218059 	 0.603452 	 0.0271917 	 1 	 6.90365e-16
2.5 	 1.00655 	 0.0186392 	 0.446651 	 0.0215039 	 0.59683 	 0.0269051 	 1 	 8.25025e-16
2.6 	 1.02703 	 0.0189588 	 0.440472 	 0.0213046 	 0.590621 	 0.0267618 	 1 	 9.73514e-16
2.7 	 1.04689 	 0.0192958 	 0.434778 	 0.0212195 	 0.585096 	 0.02683 	 1 	 7.75392e-16
2.8 	 1.06602 	 0.0196416 	 0.429728 	 0.0212254 	 0.580441 	 0.027107 	 1 	 9.39143e-16
2.9 	 1.08432 	 0.0199842 	 0.425419 	 0.0212888 	 0.576725 	 0.0275188 	 1 	 4.92352e-16
3 	 1.10176 	 0.0203201 	 0.42186 	 0.0213964 	 0.573925 	 0.0279616 	 1 	 5.78075e-16
3.1 	 1.11844 	 0.0206559 	 0.418972 	 0.0215435 	 0.571974 	 0.028331 	 1 	 9.36222e-16
3.2 	 1.13451 	 0.0209994 	 0.416616 	 0.0217112 	 0.57076 	 0.0285496 	 1 	 1.1877e-15
3.3 	 1.15015 	 0.021354 	 0.414641 	 0.0218751 	 0.570124 	 0.0286082 	 1 	 6.84387e-16
3.4 	 1.16552 	 0.0217172 	 0.412931 	 0.0220227 	 0.569863 	 0.0285644 	 1 	 6.10342e-16
3.5 	 1.18074 	 0.0220833 	 0.41139 	 0.022163 	 0.569758 	 0.0284994 	 1 	 6.12582e-16
3.6 	 1.19586 	 0.0224462 	 0.409933 	 0.0223264 	 0.569617 	 0.0284806 	 1 	 9.32558e-16
3.7 	 1.21084 	 0.0228012 	 0.408467 	 0.0225358 	 0.569296 	 0.0285238 	 1 	 7.34577e-16
3.8 	 1.22562 	 0.0231455 	 0.406895 	 0.0227751 	 0.568682 	 0.0285894 	 1 	 1.17086e-15
3.9 	 1.24016 	 0.0234783 	 0.405157 	 0.0229971 	 0.56772 	 0.0286327 	 1 	 8.05709e-16
4 	 1.25446 	 0.0238041 	 0.403289 	 0.0231723 	 0.566474 	 0.0286577 	 1 	 8.30815e-16
4.1 	 1.26857 	 0.0241411 	 0.401427 	 0.0233352 	 0.565152 	 0.0287287 	 1 	 8.18358e-16
4.2 	 1.28246 	 0.0245108 	 0.399751 	 0.0235701 	 0.564039 	 0.0289423 	 1 	 6.66134e-16
4.3 	 1.29608 	 0.0249234 	 0.398415 	 0.023948 	 0.563382 	 0.0293744 	 1 	 7.91129e-16
4.4 	 1.30938 	 0.0253748 	 0.39749 	 0.0244705 	 0.563272 	 0.0300312 	 1 	 9.88867e-16
4.5 	 1.32237 	 0.0258513 	 0.396938 	 0.025072 	 0.563614 	 0.0308503 	 1 	 9.25186e-16
4.6 	 1.3351 	 0.0263321 	 0.396609 	 0.025672 	 0.564161 	 0.031744 	 1 	 7.04114e-16
4.7 	 1.34772 	 0.0267941 	 0.396261 	 0.026212 	 0.564585 	 0.0326238 	 1 	 1.05325e-15
4.8 	 1.3604 	 0.0272175 	 0.395593 	 0.0266366 	 0.564528 	 0.0333874 	 1 	 6.75322e-16
4.9 	 1.37328 	 0.0275883 	 0.394346 	 0.0268752 	 0.563698 	 0.0339223 	 1 	 7.4476e-16
5 	 1.38645 	 0.0279014 	 0.392422 	 0.0268953 	 0.561991 	 0.0341661 	 1 	 9.14765e-16
5.1 	 1.39987 	 0.0281706 	 0.389939 	 0.0267551 	 0.559559 	 0.0341463 	 1 	 6.82383e-16
5.2 	 1.41341 	 0.0284237 	 0.387166 	 0.026565 	 0.556739 	 0.0339483 	 1 	 7.85918e-16
5.3 	 1.42694 	 0.0286853 	 0.384393 	 0.0264203 	 0.553914 	 0.0336823 	 1 	 5.51398e-16
5.4 	 1.44038 	 0.0289624 	 0.381853 	 0.0263792 	 0.55139 	 0.0334721 	 1 	 6.80373e-16
5.5 	 1.45373 	 0.029249 	 0.37967 	 0.0264602 	 0.549325 	 0.0334168 	 1 	 7.1569e-16
5.6 	 1.46699 	 0.0295406 	 0.37785 	 0.026647 	 0.547698 	 0.033548 	 1 	 4.00297e-16
5.7 	 1.4802 	 0.0298397 	 0.376289 	 0.0268935 	 0.546351 	 0.0338184 	 1 	 6.63043e-16
5.8 	 1.49338 	 0.030149 	 0.374815 	 0.0271256 	 0.545057 	 0.0341197 	 1 	 8.45521e-16
5.9 	 1.5065 	 0.0304642 	 0.373242 	 0.027256 	 0.543597 	 0.0343225 	 1 	 6.46307e-16
6 	 1.51956 	 0.0307733 	 0.371408 	 0.0272127 	 0.541793 	 0.0343311 	 1 	 6.08094e-16
6.1 	 1.53253 	 0.0310616 	 0.36921 	 0.0269535 	 0.539538 	 0.0341068 	 1 	 8.81989e-16
6.2 	 1.5454 	 0.0313214 	 0.366649 	 0.0264853 	 0.536842 	 0.0336656 	 1 	 1.05844e-15
6.3 	 1.5582 	 0.0315558 	 0.363842 	 0.0258948 	 0.533833 	 0.0331004 	 1 	 6.313e-16
6.4 	 1.57093 	 0.0317743 	 0.360969 	 0.0253222 	 0.530695 	 0.0325641 	 1 	 8.65531e-16
6.5 	 1.58364 	 0.0319849 	 0.358183 	 0.024876 	 0.527598 	 0.0321791 	 1 	 6.63043e-16
6.6 	 1.59637 	 0.0321908 	 0.355555 	 0.0245784 	 0.524646 	 0.0319634 	 1 	 7.67402e-16
6.7 	 1.60916 	 0.0323915 	 0.353059 	 0.0243826 	 0.521837 	 0.0318452 	 1 	 1.07322e-15
6.8 	 1.62202 	 0.0325888 	 0.350608 	 0.0242182 	 0.519072 	 0.031728 	 1 	 9.86094e-16
6.9 	 1.63492 	 0.0327803 	 0.348106 	 0.0240213 	 0.516219 	 0.0315442 	 1 	 7.41997e-16
7 	 1.64784 	 0.0329556 	 0.345509 	 0.0237554 	 0.513216 	 0.0312836 	 1 	 1.10155e-15
7.1 	 1.66078 	 0.033108 	 0.34286 	 0.0234249 	 0.510119 	 0.0309889 	 1 	 1.04082e-15
7.2 	 1.67367 	 0.0332455 	 0.340248 	 0.0230624 	 0.507054 	 0.0307151 	 1 	 1.17553e-15
7.3 	 1.68648 	 0.0333832 	 0.337741 	 0.0226894 	 0.504121 	 0.0304751 	 1 	 1.06553e-15
7.4 	 1.69912 	 0.0335353 	 0.335367 	 0.0223004 	 0.501357 	 0.0302344 	 1 	 9.03467e-16
7.5 	 1.71155 	 0.0337134 	 0.333133 	 0.0219063 	 0.498759 	 0.0299816 	 1 	 7.6651e-16
7.6 	 1.72379 	 0.0339223 	 0.331025 	 0.0215659 	 0.496284 	 0.0297716 	 1 	 1.1597e-15
7.7 	 1.7359 	 0.034156 	 0.328992 	 0.0213409 	 0.493838 	 0.0296597 	 1 	 9.86094e-16
7.8 	 1.74794 	 0.0344006 	 0.326972 	 0.0212426 	 0.491333 	 0.0296344 	 1 	 6.73291e-16
7.9 	 1.75997 	 0.0346435 	 0.324958 	 0.0212388 	 0.488783 	 0.0296456 	 1 	 5.0742e-16
8 	 1.772 	 0.0348794 	 0.323005 	 0.0212845 	 0.486333 	 0.0296506 	 1 	 5.57573e-16
8.1 	 1.784 	 0.0351112 	 0.321195 	 0.0213376 	 0.484166 	 0.0296159 	 1 	 7.92858e-16
8.2 	 1.79591 	 0.0353452 	 0.319578 	 0.0213661 	 0.482383 	 0.029516 	 1 	 9.31088e-16
8.3 	 1.80768 	 0.0355834 	 0.318159 	 0.0213579 	 0.48095 	 0.0293659 	 1 	 4.73926e-16
8.4 	 1.81926 	 0.0358242 	 0.3169 	 0.0213297 	 0.479748 	 0.0292352 	 1 	 8.13322e-16
8.5 	 1.83064 	 0.0360651 	 0.315738 	 0.0213119 	 0.478638 	 0.0291973 	 1 	 9.95768e-16
8.6 	 1.84189 	 0.036303 	 0.314597 	 0.0213195 	 0.477511 	 0.0292716 	 1 	 6.50531e-16
8.7 	 1.85309 	 0.0365337 	 0.313414 	 0.0213433 	 0.476307 	 0.0294283 	 1 	 7.97165e-16
8.8 	 1.8643 	 0.0367561 	 0.312165 	 0.0213662 	 0.475017 	 0.0296297 	 1 	 7.25195e-16
8.9 	 1.87548 	 0.0369722 	 0.310883 	 0.0213877 	 0.4737 	 0.0298621 	 1 	 4.79671e-16
9 	 1.88656 	 0.037185 	 0.309651 	 0.0214286 	 0.472477 	 0.030134 	 1 	 4.42545e-16
9.1 	 1.89745 	 0.0373986 	 0.30857 	 0.0215135 	 0.471487 	 0.0304512 	 1 	 7.47514e-16
9.2 	 1.90812 	 0.0376207 	 0.307705 	 0.0216593 	 0.470813 	 0.0308071 	 1 	 4.89562e-16
9.3 	 1.91862 	 0.0378582 	 0.307055 	 0.021875 	 0.470445 	 0.0311891 	 1 	 5.70923e-16
9.4 	 1.92904 	 0.0381108 	 0.306552 	 0.0221592 	 0.470295 	 0.031584 	 1 	 4.62223e-16
9.5 	 1.93951 	 0.0383725 	 0.306106 	 0.0225016 	 0.470244 	 0.0319853 	 1 	 7.01191e-16
9.6 	 1.95009 	 0.038638 	 0.305642 	 0.0228901 	 0.470186 	 0.0324023 	 1 	 6.08094e-16
9.7 	 1.96077 	 0.0389077 	 0.305105 	 0.0233068 	 0.470039 	 0.0328422 	 1 	 1.05195e-15
9.8 	 1.97147 	 0.0391825 	 0.304462 	 0.0237068 	 0.469744 	 0.0332733 	 1 	 9.62193e-16
9.9 	 1.9821 	 0.0394554 	 0.303701 	 0.0240074 	 0.469278 	 0.0336148 	 1 	 9.25926e-16
10 	 1.99263 	 0.0397125 	 0.302833 	 0.0241256 	 0.468652 	 0.0337817 	 1 	 3.62597e-16
10.1 	 2.00306 	 0.0399492 	 0.301911 	 0.0240549 	 0.467924 	 0.0337581 	 1 	 9.11766e-16
10.2 	 2.0134 	 0.0401799 	 0.301023 	 0.0238928 	 0.467191 	 0.0336219 	 1 	 6.69211e-16
10.3 	 2.02363 	 0.0404233 	 0.300255 	 0.0237785 	 0.466567 	 0.0334987 	 1 	 9.81918e-16
10.4 	 2.03374 	 0.0406868 	 0.299653 	 0.0238148 	 0.466143 	 0.0335 	 1 	 1.00125e-15
10.5 	 2.0437 	 0.0409653 	 0.299224 	 0.0240407 	 0.465963 	 0.0336847 	 1 	 4.83935e-16
10.6 	 2.05354 	 0.0412479 	 0.298944 	 0.0244384 	 0.465997 	 0.0340492 	 1 	 5.40106e-16
10.7 	 2.06328 	 0.0415242 	 0.298763 	 0.0249526 	 0.466154 	 0.0345481 	 1 	 8.03155e-16
10.8 	 2.07299 	 0.0417891 	 0.298603 	 0.025511 	 0.466302 	 0.035121 	 1 	 4.37878e-16
10.9 	 2.08274 	 0.0420423 	 0.298365 	 0.0260368 	 0.466298 	 0.0357042 	 1 	 8.74973e-16
11 	 2.09259 	 0.0422842 	 0.297951 	 0.0264572 	 0.466019 	 0.0362357 	 1 	 7.82425e-16
11.1 	 2.10259 	 0.0425133 	 0.297304 	 0.0267175 	 0.465408 	 0.0366598 	 1 	 9.61481e-16
11.2 	 2.11276 	 0.0427283 	 0.296426 	 0.0268038 	 0.464494 	 0.0369441 	 1 	 9.54333e-16
11.3 	 2.12305 	 0.0429332 	 0.295369 	 0.0267636 	 0.463366 	 0.0371144 	 1 	 1.04017e-15
11.4 	 2.13335 	 0.0431349 	 0.29423 	 0.0266905 	 0.462155 	 0.0372509 	 1 	 7.81549e-16
11.5 	 2.14355 	 0.0433359 	 0.293124 	 0.0266671 	 0.461011 	 0.0374261 	 1 	 6.34545e-16
11.6 	 2.15358 	 0.0435336 	 0.292137 	 0.026716 	 0.46004 	 0.0376475 	 1 	 6.34545e-16
11.7 	 2.16345 	 0.0437211 	 0.291275 	 0.0268033 	 0.459236 	 0.0378596 	 1 	 8.1248e-16
11.8 	 2.17321 	 0.0438884 	 0.290476 	 0.0268767 	 0.458507 	 0.0379891 	 1 	 6.83386e-16
11.9 	 2.18293 	 0.044029 	 0.289661 	 0.0268985 	 0.457745 	 0.0379928 	 1 	 7.63825e-16
12 	 2.19268 	 0.0441455 	 0.288765 	 0.0268551 	 0.456867 	 0.0378734 	 1 	 7.54807e-16
