time = tau * tau_parallel
rms: rms distance of hole to its origin
rms std: estimated standard error on the mean of rms from 100 samples
IPR: inverse participation ratio, IPR(tau) = sum_i (n_h(i,tau))^2, with hole density n_h(i,tau) at site i at time tau.
IPR std: estimated standard error on the mean of IPR from 100 samples
return prob: probability of the hole to return to its origin, n_h(0,tau).
return prob std: estimated standard error on the mean of return prob from 100 samples
leg imbalance: difference between the occupation in the two legs of the ladder (see Eq. (15) in the manuscript).
leg imbalance std: estimated standard error on the mean of leg imbalance from 100 samples


time, rms, rms std, IPR, IPR std, return prob, return prob std, leg imbalance, leg imbalance std
0 	 3.05884e-07 	 0 	 1 	 0 	 1 	 0 	 1 	 5.33729e-16
0.1 	 0.100155 	 4.43715e-08 	 0.980285 	 5.52419e-08 	 0.990043 	 2.82048e-08 	 1 	 2.28129e-16
0.2 	 0.198945 	 0.000189341 	 0.926046 	 0.000428447 	 0.961559 	 0.000231945 	 1 	 7.85918e-16
0.3 	 0.294961 	 0.000750266 	 0.849875 	 0.00221576 	 0.918412 	 0.00132082 	 1 	 6.67161e-16
0.4 	 0.38674 	 0.00185168 	 0.767037 	 0.00604064 	 0.86616 	 0.00409557 	 1 	 8.28338e-16
0.5 	 0.472828 	 0.00364458 	 0.690553 	 0.0118162 	 0.810994 	 0.00934385 	 1 	 7.98881e-16
0.6 	 0.551893 	 0.00625635 	 0.628686 	 0.0187959 	 0.75869 	 0.0175819 	 1 	 7.42919e-16
0.7 	 0.622908 	 0.00978029 	 0.585072 	 0.0261434 	 0.713797 	 0.0288958 	 1 	 9.51458e-16
0.8 	 0.685336 	 0.0142598 	 0.560198 	 0.0334944 	 0.67919 	 0.0428853 	 1 	 9.75622e-16
0.9 	 0.739266 	 0.0196679 	 0.552758 	 0.0411236 	 0.65599 	 0.0587142 	 1 	 1.18482e-15
1 	 0.785472 	 0.0258886 	 0.560265 	 0.0496686 	 0.643772 	 0.0752467 	 1 	 1.21563e-15
1.1 	 0.825347 	 0.0327055 	 0.579135 	 0.0596472 	 0.640937 	 0.0912308 	 1 	 7.70075e-16
1.2 	 0.860706 	 0.0398088 	 0.604774 	 0.0710879 	 0.645132 	 0.105477 	 1 	 1.19403e-15
1.3 	 0.893476 	 0.0468289 	 0.631942 	 0.0834108 	 0.653646 	 0.116992 	 1 	 6.64075e-16
1.4 	 0.92535 	 0.0533966 	 0.655371 	 0.0954602 	 0.663754 	 0.125051 	 1 	 8.74973e-16
1.5 	 0.957474 	 0.0592178 	 0.670448 	 0.105607 	 0.673002 	 0.129215 	 1 	 8.75756e-16
1.6 	 0.990281 	 0.0641347 	 0.673908 	 0.112032 	 0.679468 	 0.129329 	 1 	 1.79133e-15
1.7 	 1.02349 	 0.0681484 	 0.664519 	 0.113284 	 0.68197 	 0.125525 	 1 	 5.43896e-16
1.8 	 1.05626 	 0.0713972 	 0.643626 	 0.108947 	 0.680226 	 0.118265 	 1 	 1.35267e-15
1.9 	 1.08743 	 0.074104 	 0.615197 	 0.100003 	 0.674907 	 0.108385 	 1 	 8.51171e-16
2 	 1.11578 	 0.0765188 	 0.585021 	 0.0885768 	 0.667554 	 0.0971079 	 1 	 1.34149e-15
2.1 	 1.14018 	 0.0788742 	 0.55908 	 0.0771215 	 0.660309 	 0.0859315 	 1 	 8.382e-16
2.2 	 1.15981 	 0.0813595 	 0.541778 	 0.0674779 	 0.655512 	 0.076328 	 1 	 1.23407e-15
2.3 	 1.17415 	 0.0841101 	 0.534981 	 0.0603963 	 0.655194 	 0.0693041 	 1 	 1.52496e-15
2.4 	 1.18309 	 0.0872056 	 0.538334 	 0.0558122 	 0.660615 	 0.065113 	 1 	 1.8224e-15
2.5 	 1.1869 	 0.0906681 	 0.550403 	 0.0535691 	 0.671934 	 0.0634819 	 1 	 1.12858e-15
2.6 	 1.18625 	 0.0944582 	 0.569577 	 0.0540377 	 0.688131 	 0.0641669 	 1 	 1.10899e-15
2.7 	 1.18221 	 0.0984707 	 0.594039 	 0.0581649 	 0.707177 	 0.0671619 	 1 	 9.44959e-16
2.8 	 1.17615 	 0.102532 	 0.621117 	 0.0665248 	 0.726436 	 0.0723557 	 1 	 8.88949e-16
2.9 	 1.16968 	 0.106409 	 0.646911 	 0.0780727 	 0.743167 	 0.0791584 	 1 	 5.6368e-16
3 	 1.16446 	 0.109831 	 0.666858 	 0.0902134 	 0.755009 	 0.0865598 	 1 	 1.14484e-15
3.1 	 1.16196 	 0.112539 	 0.677036 	 0.100042 	 0.760342 	 0.093485 	 1 	 1.16559e-15
3.2 	 1.16326 	 0.114341 	 0.675423 	 0.105533 	 0.758468 	 0.099109 	 1 	 1.4309e-15
3.3 	 1.1688 	 0.11517 	 0.662443 	 0.106102 	 0.7496 	 0.102995 	 1 	 7.59329e-16
3.4 	 1.17829 	 0.11511 	 0.640645 	 0.102519 	 0.734733 	 0.10509 	 1 	 1.26368e-15
3.5 	 1.19081 	 0.114387 	 0.613839 	 0.0963696 	 0.715445 	 0.105641 	 1 	 1.07194e-15
3.6 	 1.20495 	 0.113309 	 0.586102 	 0.0893646 	 0.693702 	 0.105077 	 1 	 1.29526e-15
3.7 	 1.21912 	 0.1122 	 0.560972 	 0.0828213 	 0.671673 	 0.1039 	 1 	 1.59862e-15
3.8 	 1.23182 	 0.111337 	 0.540935 	 0.0774583 	 0.651568 	 0.102583 	 1 	 8.29165e-16
3.9 	 1.24188 	 0.110906 	 0.527298 	 0.0734886 	 0.635461 	 0.101521 	 1 	 1.21224e-15
4 	 1.24865 	 0.11099 	 0.520419 	 0.0708924 	 0.625082 	 0.101023 	 1 	 7.29901e-16
4.1 	 1.25204 	 0.111566 	 0.520228 	 0.0697522 	 0.621579 	 0.101345 	 1 	 1.65502e-15
4.2 	 1.25247 	 0.112525 	 0.526711 	 0.0705085 	 0.625288 	 0.102695 	 1 	 1.20146e-15
4.3 	 1.25081 	 0.113687 	 0.539989 	 0.0739272 	 0.635574 	 0.105151 	 1 	 9.72106e-16
4.4 	 1.24818 	 0.11483 	 0.559734 	 0.0806078 	 0.650823 	 0.108531 	 1 	 9.52178e-16
4.5 	 1.24581 	 0.115725 	 0.584164 	 0.0902251 	 0.668621 	 0.112289 	 1 	 1.25006e-15
4.6 	 1.24485 	 0.11616 	 0.609381 	 0.10113 	 0.686136 	 0.11557 	 1 	 1.49365e-15
4.7 	 1.24625 	 0.115973 	 0.629881 	 0.110716 	 0.700626 	 0.117417 	 1 	 8.67112e-16
4.8 	 1.25065 	 0.115075 	 0.640374 	 0.116371 	 0.709961 	 0.11704 	 1 	 1.20998e-15
4.9 	 1.25831 	 0.113458 	 0.638042 	 0.11651 	 0.713039 	 0.114041 	 1 	 1.38321e-15
5 	 1.26914 	 0.111203 	 0.623831 	 0.11116 	 0.709959 	 0.108521 	 1 	 1.76902e-15
5.1 	 1.28266 	 0.10847 	 0.601949 	 0.101772 	 0.701926 	 0.101038 	 1 	 1.16323e-15
5.2 	 1.29811 	 0.105481 	 0.577934 	 0.0904318 	 0.690911 	 0.0924571 	 1 	 7.1569e-16
5.3 	 1.31446 	 0.102491 	 0.556531 	 0.0789927 	 0.679172 	 0.0837373 	 1 	 1.10775e-15
5.4 	 1.33061 	 0.0997579 	 0.540503 	 0.0686629 	 0.668779 	 0.0757575 	 1 	 1.21224e-15
5.5 	 1.34547 	 0.0975164 	 0.530667 	 0.0601639 	 0.66126 	 0.069237 	 1 	 9.13267e-16
5.6 	 1.35812 	 0.0959488 	 0.526669 	 0.0541186 	 0.657426 	 0.0647623 	 1 	 1.10837e-15
5.7 	 1.36794 	 0.0951681 	 0.52783 	 0.0512334 	 0.657382 	 0.0628225 	 1 	 1.29843e-15
5.8 	 1.37472 	 0.0952062 	 0.533636 	 0.0521217 	 0.66065 	 0.0637241 	 1 	 1.37327e-15
5.9 	 1.37867 	 0.0960107 	 0.543746 	 0.056983 	 0.66634 	 0.0674003 	 1 	 8.39017e-16
6 	 1.3804 	 0.097451 	 0.557663 	 0.0654131 	 0.673306 	 0.0733125 	 1 	 1.06167e-15
6.1 	 1.38079 	 0.0993373 	 0.574232 	 0.0763653 	 0.680271 	 0.080562 	 1 	 1.41066e-15
6.2 	 1.38084 	 0.101448 	 0.591258 	 0.0882083 	 0.685922 	 0.0880994 	 1 	 6.86386e-16
6.3 	 1.3815 	 0.103563 	 0.605532 	 0.0989419 	 0.689024 	 0.0949092 	 1 	 1.20885e-15
6.4 	 1.38347 	 0.105499 	 0.613459 	 0.106607 	 0.688554 	 0.100151 	 1 	 1.12554e-15
6.5 	 1.38712 	 0.10713 	 0.612201 	 0.109816 	 0.683877 	 0.103279 	 1 	 1.32039e-15
6.6 	 1.3924 	 0.108399 	 0.600905 	 0.108225 	 0.674917 	 0.104124 	 1 	 8.59178e-16
6.7 	 1.39896 	 0.109314 	 0.581329 	 0.102713 	 0.662292 	 0.102925 	 1 	 1.94245e-15
6.8 	 1.40616 	 0.109932 	 0.557392 	 0.0950787 	 0.647332 	 0.100267 	 1 	 1.36175e-15
6.9 	 1.41327 	 0.110339 	 0.533768 	 0.0873121 	 0.63197 	 0.0969255 	 1 	 1.27662e-15
7 	 1.41955 	 0.110635 	 0.514265 	 0.0808277 	 0.618466 	 0.0936729 	 1 	 1.36727e-15
7.1 	 1.42437 	 0.110917 	 0.500929 	 0.0761781 	 0.609021 	 0.0911297 	 1 	 1.06102e-15
7.2 	 1.42725 	 0.111272 	 0.494295 	 0.0734014 	 0.605354 	 0.0897336 	 1 	 1.59175e-15
7.3 	 1.42796 	 0.111764 	 0.49433 	 0.0725806 	 0.608343 	 0.0897852 	 1 	 1.48722e-15
7.4 	 1.42649 	 0.112428 	 0.501129 	 0.0740694 	 0.61783 	 0.0914405 	 1 	 1.13281e-15
7.5 	 1.42312 	 0.113257 	 0.514717 	 0.0782248 	 0.632635 	 0.0945922 	 1 	 1.62833e-15
7.6 	 1.41838 	 0.114197 	 0.534183 	 0.0849127 	 0.650783 	 0.098753 	 1 	 1.15496e-15
7.7 	 1.41306 	 0.115148 	 0.557009 	 0.0932115 	 0.66987 	 0.103099 	 1 	 9.34758e-16
7.8 	 1.40809 	 0.115979 	 0.579271 	 0.101539 	 0.687476 	 0.106679 	 1 	 1.84072e-15
7.9 	 1.40447 	 0.116543 	 0.596721 	 0.108116 	 0.701514 	 0.108666 	 1 	 1.8812e-15
8 	 1.40308 	 0.116714 	 0.606093 	 0.11152 	 0.710484 	 0.10854 	 1 	 1.31363e-15
8.1 	 1.40449 	 0.116416 	 0.605972 	 0.111072 	 0.713577 	 0.106153 	 1 	 6.54728e-16
8.2 	 1.4089 	 0.115649 	 0.596934 	 0.10693 	 0.710693 	 0.101714 	 1 	 1.19746e-15
8.3 	 1.41604 	 0.114493 	 0.581094 	 0.0999409 	 0.702392 	 0.0957198 	 1 	 1.76165e-15
8.4 	 1.42527 	 0.113097 	 0.56141 	 0.0913282 	 0.689815 	 0.0888606 	 1 	 1.88084e-15
8.5 	 1.43565 	 0.111651 	 0.541006 	 0.0823711 	 0.674588 	 0.0819199 	 1 	 1.41454e-15
8.6 	 1.44618 	 0.110347 	 0.522646 	 0.0741567 	 0.65869 	 0.0756769 	 1 	 1.51188e-15
8.7 	 1.45599 	 0.109349 	 0.5084 	 0.0674832 	 0.644252 	 0.0708126 	 1 	 1.59776e-15
8.8 	 1.46443 	 0.108773 	 0.499567 	 0.0629058 	 0.633287 	 0.0678391 	 1 	 1.64298e-15
8.9 	 1.47123 	 0.108673 	 0.496839 	 0.0608359 	 0.62737 	 0.0670733 	 1 	 1.94597e-15
9 	 1.47639 	 0.109043 	 0.500575 	 0.0615996 	 0.627318 	 0.0686434 	 1 	 1.14125e-15
9.1 	 1.48022 	 0.109818 	 0.510895 	 0.0654294 	 0.632965 	 0.0724705 	 1 	 1.64839e-15
9.2 	 1.48317 	 0.110889 	 0.527335 	 0.0723458 	 0.643099 	 0.0782037 	 1 	 1.39994e-15
9.3 	 1.48578 	 0.112112 	 0.548189 	 0.0818744 	 0.65562 	 0.0851781 	 1 	 1.83402e-15
9.4 	 1.48858 	 0.113329 	 0.570057 	 0.0927477 	 0.667902 	 0.0924798 	 1 	 1.27447e-15
9.5 	 1.49203 	 0.114384 	 0.588229 	 0.102956 	 0.677304 	 0.0991153 	 1 	 1.22516e-15
9.6 	 1.49647 	 0.115148 	 0.598068 	 0.110318 	 0.681705 	 0.104222 	 1 	 1.92332e-15
9.7 	 1.50215 	 0.115532 	 0.596774 	 0.113306 	 0.679938 	 0.107245 	 1 	 1.38766e-15
9.8 	 1.50912 	 0.115508 	 0.58454 	 0.111618 	 0.672018 	 0.108035 	 1 	 1.37227e-15
9.9 	 1.51725 	 0.115108 	 0.564376 	 0.106169 	 0.659105 	 0.106852 	 1 	 1.65129e-15
10 	 1.52619 	 0.114424 	 0.54077 	 0.0985707 	 0.643226 	 0.104264 	 1 	 1.54326e-15
10.1 	 1.53537 	 0.113597 	 0.518049 	 0.0904944 	 0.626842 	 0.101003 	 1 	 1.22125e-15
10.2 	 1.54408 	 0.11279 	 0.499301 	 0.0832606 	 0.612376 	 0.0977978 	 1 	 1.29843e-15
10.3 	 1.55155 	 0.112163 	 0.486172 	 0.0777407 	 0.601821 	 0.0952329 	 1 	 1.30474e-15
10.4 	 1.55709 	 0.111844 	 0.479245 	 0.0744252 	 0.596498 	 0.0936761 	 1 	 1.38568e-15
10.5 	 1.56023 	 0.111913 	 0.478547 	 0.0735321 	 0.596973 	 0.0932625 	 1 	 1.6046e-15
10.6 	 1.56083 	 0.11238 	 0.483877 	 0.0750963 	 0.603093 	 0.0939279 	 1 	 1.72552e-15
10.7 	 1.55912 	 0.113195 	 0.494863 	 0.0789937 	 0.614085 	 0.095457 	 1 	 1.4155e-15
10.8 	 1.55571 	 0.114243 	 0.510819 	 0.0848865 	 0.628669 	 0.0975222 	 1 	 1.26585e-15
10.9 	 1.55148 	 0.115373 	 0.530462 	 0.092138 	 0.645169 	 0.0997058 	 1 	 1.7752e-15
11 	 1.54744 	 0.116415 	 0.551636 	 0.0997594 	 0.661633 	 0.101518 	 1 	 1.77134e-15
11.1 	 1.54458 	 0.117212 	 0.571243 	 0.106443 	 0.676008 	 0.102434 	 1 	 2.12978e-15
11.2 	 1.54368 	 0.11765 	 0.585631 	 0.110753 	 0.686384 	 0.101974 	 1 	 1.04934e-15
11.3 	 1.5452 	 0.117674 	 0.591506 	 0.111493 	 0.691281 	 0.0998098 	 1 	 1.69872e-15
11.4 	 1.54926 	 0.117294 	 0.587116 	 0.108169 	 0.689937 	 0.0958833 	 1 	 1.79972e-15
11.5 	 1.55559 	 0.116583 	 0.573105 	 0.101287 	 0.682512 	 0.0904872 	 1 	 2.05083e-15
11.6 	 1.56364 	 0.115649 	 0.552484 	 0.0922716 	 0.670135 	 0.0842635 	 1 	 1.15496e-15
11.7 	 1.57268 	 0.114623 	 0.529592 	 0.0829639 	 0.654767 	 0.0780887 	 1 	 1.14783e-15
11.8 	 1.5819 	 0.113628 	 0.508596 	 0.0749572 	 0.638887 	 0.0728508 	 1 	 1.66163e-15
11.9 	 1.5905 	 0.11277 	 0.492364 	 0.0691735 	 0.62505 	 0.0691974 	 1 	 1.61651e-15
12 	 1.5978 	 0.112126 	 0.48227 	 0.065889 	 0.615414 	 0.0674115 	 1 	 9.35491e-16
12.1 	 1.60335 	 0.111743 	 0.478759 	 0.0650447 	 0.611341 	 0.0675039 	 1 	 1.46261e-15
12.2 	 1.60695 	 0.111634 	 0.481986 	 0.0665264 	 0.613164 	 0.0693951 	 1 	 1.54769e-15
12.3 	 1.60872 	 0.111777 	 0.491882 	 0.0702499 	 0.620161 	 0.0729598 	 1 	 1.33944e-15
12.4 	 1.60908 	 0.11212 	 0.507665 	 0.0760417 	 0.630747 	 0.0779098 	 1 	 2.24559e-15
12.5 	 1.60872 	 0.11258 	 0.527291 	 0.0833912 	 0.642819 	 0.0837 	 1 	 2.53818e-15
12.6 	 1.60852 	 0.113053 	 0.54746 	 0.091292 	 0.654156 	 0.0895902 	 1 	 1.65378e-15
12.7 	 1.60934 	 0.11343 	 0.564303 	 0.0983864 	 0.662797 	 0.0948184 	 1 	 1.63169e-15
12.8 	 1.61193 	 0.113613 	 0.574426 	 0.103367 	 0.66731 	 0.0987658 	 1 	 7.11852e-16
12.9 	 1.61674 	 0.113536 	 0.575794 	 0.105375 	 0.666937 	 0.10105 	 1 	 1.66575e-15
13 	 1.62381 	 0.113184 	 0.568157 	 0.104213 	 0.661623 	 0.101544 	 1 	 1.68333e-15
13.1 	 1.63278 	 0.112594 	 0.55298 	 0.100317 	 0.651973 	 0.100357 	 1 	 1.30998e-15
13.2 	 1.64289 	 0.111853 	 0.533002 	 0.0945784 	 0.639156 	 0.0977874 	 1 	 1.44044e-15
13.3 	 1.65322 	 0.11107 	 0.511592 	 0.0880808 	 0.624789 	 0.0942863 	 1 	 1.22181e-15
13.4 	 1.66274 	 0.110364 	 0.492037 	 0.0818376 	 0.610772 	 0.0904102 	 1 	 1.29102e-15
13.5 	 1.67061 	 0.109837 	 0.476944 	 0.076613 	 0.599082 	 0.08677 	 1 	 1.32091e-15
13.6 	 1.67622 	 0.109562 	 0.467935 	 0.0728801 	 0.591495 	 0.0839683 	 1 	 1.51097e-15
13.7 	 1.67931 	 0.109571 	 0.465735 	 0.0709132 	 0.589298 	 0.0825282 	 1 	 2.00183e-15
13.8 	 1.67998 	 0.10986 	 0.470506 	 0.0709251 	 0.593018 	 0.0828088 	 1 	 1.69064e-15
13.9 	 1.67864 	 0.110392 	 0.48209 	 0.0731387 	 0.602261 	 0.0849066 	 1 	 1.5499e-15
14 	 1.67595 	 0.111099 	 0.49983 	 0.0776935 	 0.6157 	 0.088572 	 1 	 9.59342e-16
14.1 	 1.67268 	 0.111899 	 0.522024 	 0.0843642 	 0.631259 	 0.0932006 	 1 	 1.53837e-15
14.2 	 1.66965 	 0.112701 	 0.545487 	 0.0922594 	 0.646459 	 0.0979355 	 1 	 1.80162e-15
14.3 	 1.6676 	 0.113415 	 0.565813 	 0.0998141 	 0.658869 	 0.101857 	 1 	 1.13704e-15
14.4 	 1.66712 	 0.113965 	 0.578543 	 0.105227 	 0.666562 	 0.104193 	 1 	 1.39455e-15
14.5 	 1.66855 	 0.114299 	 0.58075 	 0.107135 	 0.668475 	 0.104486 	 1 	 1.70073e-15
14.6 	 1.67199 	 0.114395 	 0.572184 	 0.105143 	 0.664585 	 0.102685 	 1 	 1.27716e-15
14.7 	 1.67725 	 0.114269 	 0.555294 	 0.0999035 	 0.655869 	 0.0991222 	 1 	 2.19408e-15
14.8 	 1.68389 	 0.113974 	 0.53414 	 0.0927578 	 0.644063 	 0.0944124 	 1 	 1.4155e-15
14.9 	 1.69128 	 0.113593 	 0.512889 	 0.0851913 	 0.631291 	 0.0892833 	 1 	 1.52316e-15
15 	 1.69867 	 0.113226 	 0.494688 	 0.0783978 	 0.619651 	 0.0844113 	 1 	 1.52091e-15
15.1 	 1.70532 	 0.112979 	 0.481324 	 0.0731176 	 0.610877 	 0.0803148 	 1 	 1.56878e-15
15.2 	 1.7106 	 0.112938 	 0.473511 	 0.0697123 	 0.606108 	 0.0773324 	 1 	 1.42994e-15
15.3 	 1.71413 	 0.113164 	 0.471364 	 0.0683418 	 0.605815 	 0.0756616 	 1 	 1.47381e-15
15.4 	 1.7158 	 0.113675 	 0.474715 	 0.0690997 	 0.609829 	 0.0754018 	 1 	 1.60503e-15
15.5 	 1.71582 	 0.114444 	 0.483173 	 0.0720154 	 0.617443 	 0.0765552 	 1 	 1.44661e-15
15.6 	 1.71471 	 0.115401 	 0.496017 	 0.0769397 	 0.62754 	 0.0789896 	 1 	 6.52633e-16
15.7 	 1.71315 	 0.116442 	 0.512016 	 0.0834265 	 0.638714 	 0.0823981 	 1 	 1.70435e-15
15.8 	 1.71193 	 0.117447 	 0.529273 	 0.0906913 	 0.6494 	 0.0862982 	 1 	 1.88593e-15
15.9 	 1.71176 	 0.118297 	 0.545234 	 0.0976533 	 0.658023 	 0.090087 	 1 	 1.69347e-15
16 	 1.71317 	 0.118898 	 0.556966 	 0.103086 	 0.663183 	 0.0931446 	 1 	 1.7562e-15
16.1 	 1.71641 	 0.119194 	 0.561824 	 0.105907 	 0.663867 	 0.0949619 	 1 	 1.80542e-15
16.2 	 1.72146 	 0.119175 	 0.558327 	 0.105552 	 0.65965 	 0.095264 	 1 	 1.97323e-15
16.3 	 1.72802 	 0.118874 	 0.546864 	 0.102228 	 0.650841 	 0.0940923 	 1 	 1.37576e-15
16.4 	 1.73562 	 0.11836 	 0.529748 	 0.0968583 	 0.638503 	 0.0918166 	 1 	 1.74171e-15
16.5 	 1.74366 	 0.117721 	 0.510493 	 0.0906974 	 0.624328 	 0.0890573 	 1 	 1.84296e-15
16.6 	 1.75153 	 0.117059 	 0.492627 	 0.0848551 	 0.610367 	 0.0865287 	 1 	 1.42563e-15
16.7 	 1.75871 	 0.116471 	 0.478705 	 0.0800508 	 0.598679 	 0.0848504 	 1 	 1.0209e-15
16.8 	 1.76476 	 0.116044 	 0.47 	 0.0766895 	 0.590958 	 0.0844057 	 1 	 9.47853e-16
16.9 	 1.7694 	 0.115843 	 0.466839 	 0.0750587 	 0.588236 	 0.085303 	 1 	 2.40691e-15
17 	 1.77253 	 0.115907 	 0.469139 	 0.0754151 	 0.590713 	 0.0874263 	 1 	 2.13042e-15
17.1 	 1.77423 	 0.116241 	 0.476629 	 0.0779094 	 0.597757 	 0.0905063 	 1 	 1.54193e-15
17.2 	 1.77476 	 0.116818 	 0.488644 	 0.0824294 	 0.608059 	 0.0941659 	 1 	 1.61778e-15
17.3 	 1.77453 	 0.117577 	 0.503771 	 0.0884611 	 0.619911 	 0.0979544 	 1 	 1.31207e-15
17.4 	 1.77407 	 0.118433 	 0.519766 	 0.0950684 	 0.631516 	 0.101396 	 1 	 1.2374e-15
17.5 	 1.77392 	 0.119286 	 0.533917 	 0.101062 	 0.641282 	 0.104058 	 1 	 1.41695e-15
17.6 	 1.77457 	 0.120042 	 0.543708 	 0.105321 	 0.648022 	 0.105606 	 1 	 1.56397e-15
17.7 	 1.77637 	 0.120625 	 0.547429 	 0.107098 	 0.651057 	 0.105848 	 1 	 1.30736e-15
17.8 	 1.77943 	 0.120995 	 0.544536 	 0.10619 	 0.650223 	 0.104739 	 1 	 1.58615e-15
17.9 	 1.78363 	 0.121156 	 0.535697 	 0.102917 	 0.645825 	 0.10238 	 1 	 1.54148e-15
18 	 1.78865 	 0.121151 	 0.52258 	 0.0979756 	 0.638571 	 0.099003 	 1 	 1.86438e-15
18.1 	 1.79401 	 0.121052 	 0.507478 	 0.0922325 	 0.629504 	 0.0949577 	 1 	 2.23091e-15
18.2 	 1.79921 	 0.12095 	 0.492809 	 0.0865325 	 0.619917 	 0.0906857 	 1 	 1.34353e-15
18.3 	 1.80381 	 0.120929 	 0.480629 	 0.0815811 	 0.611237 	 0.0866831 	 1 	 1.71557e-15
18.4 	 1.80748 	 0.121056 	 0.472313 	 0.0779097 	 0.604848 	 0.0834508 	 1 	 1.19689e-15
18.5 	 1.81012 	 0.121367 	 0.468537 	 0.0758958 	 0.601868 	 0.0814404 	 1 	 1.62454e-15
18.6 	 1.81176 	 0.121871 	 0.469536 	 0.0758045 	 0.602925 	 0.0809966 	 1 	 2.08887e-15
18.7 	 1.81262 	 0.122541 	 0.475362 	 0.0778148 	 0.607984 	 0.0822866 	 1 	 1.40482e-15
18.8 	 1.81302 	 0.12333 	 0.485838 	 0.0819657 	 0.616294 	 0.0852226 	 1 	 1.32454e-15
18.9 	 1.81332 	 0.124169 	 0.50015 	 0.0879832 	 0.626484 	 0.0894216 	 1 	 1.75386e-15
19 	 1.81388 	 0.124985 	 0.516405 	 0.0950859 	 0.636793 	 0.0942494 	 1 	 2.02766e-15
19.1 	 1.81505 	 0.125705 	 0.531625 	 0.101978 	 0.645393 	 0.0989545 	 1 	 1.45133e-15
19.2 	 1.81711 	 0.126266 	 0.542446 	 0.107155 	 0.650741 	 0.102842 	 1 	 2.05583e-15
19.3 	 1.82026 	 0.126624 	 0.54628 	 0.109426 	 0.651865 	 0.105425 	 1 	 1.85886e-15
19.4 	 1.8246 	 0.126761 	 0.5423 	 0.108356 	 0.648532 	 0.10651 	 1 	 1.27877e-15
19.5 	 1.8301 	 0.12669 	 0.53171 	 0.104401 	 0.641258 	 0.106204 	 1 	 1.22516e-15
19.6 	 1.83657 	 0.126453 	 0.517153 	 0.0986607 	 0.631166 	 0.104837 	 1 	 1.26639e-15
19.7 	 1.8437 	 0.126117 	 0.501664 	 0.0924383 	 0.619753 	 0.102852 	 1 	 1.42178e-15
19.8 	 1.85104 	 0.125765 	 0.487715 	 0.0868429 	 0.608598 	 0.100686 	 1 	 1.63337e-15
19.9 	 1.85808 	 0.125487 	 0.476793 	 0.0825833 	 0.59912 	 0.0986863 	 1 	 1.14723e-15
20 	 1.86436 	 0.12536 	 0.469509 	 0.0799699 	 0.592392 	 0.0970942 	 1 	 1.03621e-15
20.1 	 1.86949 	 0.125438 	 0.465997 	 0.0790416 	 0.589065 	 0.0960705 	 1 	 1.41744e-15
20.2 	 1.87326 	 0.125745 	 0.466285 	 0.0797135 	 0.589356 	 0.0957259 	 1 	 1.7358e-15
20.3 	 1.87569 	 0.126265 	 0.470444 	 0.0818623 	 0.593087 	 0.0961252 	 1 	 1.43186e-15
20.4 	 1.87699 	 0.126948 	 0.478469 	 0.0853259 	 0.599722 	 0.0972574 	 1 	 1.67354e-15
20.5 	 1.87756 	 0.127715 	 0.489984 	 0.0898436 	 0.608406 	 0.0989891 	 1 	 1.80845e-15
20.6 	 1.87787 	 0.128472 	 0.503907 	 0.0949695 	 0.618011 	 0.101038 	 1 	 2.20435e-15
20.7 	 1.87844 	 0.129127 	 0.518291 	 0.100002 	 0.627219 	 0.102988 	 1 	 2.10683e-15
20.8 	 1.87967 	 0.129602 	 0.53051 	 0.104006 	 0.634668 	 0.104359 	 1 	 2.40206e-15
20.9 	 1.88184 	 0.129846 	 0.537873 	 0.106007 	 0.639156 	 0.10471 	 1 	 2.32117e-15
21 	 1.88506 	 0.129844 	 0.538504 	 0.105344 	 0.639862 	 0.103756 	 1 	 1.62833e-15
21.1 	 1.88926 	 0.129612 	 0.532085 	 0.102002 	 0.636539 	 0.101459 	 1 	 1.28304e-15
21.2 	 1.89423 	 0.129193 	 0.520045 	 0.0967143 	 0.629613 	 0.0980665 	 1 	 1.50051e-15
21.3 	 1.89964 	 0.128648 	 0.505013 	 0.0907009 	 0.620152 	 0.0940751 	 1 	 1.4803e-15
21.4 	 1.90511 	 0.128049 	 0.489855 	 0.0851957 	 0.609688 	 0.0901259 	 1 	 1.23296e-15
21.5 	 1.91027 	 0.127466 	 0.476829 	 0.0810477 	 0.599945 	 0.0868633 	 1 	 2.09476e-15
21.6 	 1.91473 	 0.126965 	 0.467286 	 0.078621 	 0.592516 	 0.0848025 	 1 	 1.45839e-15
21.7 	 1.91821 	 0.1266 	 0.461901 	 0.0779502 	 0.58857 	 0.0842482 	 1 	 1.37277e-15
21.8 	 1.92056 	 0.126407 	 0.461055 	 0.078945 	 0.58866 	 0.0852726 	 1 	 1.13523e-15
21.9 	 1.92172 	 0.126399 	 0.464956 	 0.0814966 	 0.592656 	 0.0877282 	 1 	 7.67402e-16
22 	 1.92185 	 0.126566 	 0.473417 	 0.0854511 	 0.599807 	 0.0912734 	 1 	 1.31728e-15
22.1 	 1.92122 	 0.12687 	 0.485515 	 0.0904875 	 0.60892 	 0.0954183 	 1 	 1.72075e-15
22.2 	 1.92028 	 0.127251 	 0.499478 	 0.0960079 	 0.618587 	 0.0995994 	 1 	 1.85923e-15
22.3 	 1.91952 	 0.127634 	 0.512952 	 0.101163 	 0.627413 	 0.10327 	 1 	 1.61397e-15
22.4 	 1.91943 	 0.127943 	 0.52353 	 0.10504 	 0.634209 	 0.105984 	 1 	 8.95855e-16
22.5 	 1.9204 	 0.128116 	 0.529304 	 0.10692 	 0.638112 	 0.107444 	 1 	 1.53302e-15
22.6 	 1.92265 	 0.128114 	 0.529244 	 0.106477 	 0.638654 	 0.107524 	 1 	 1.34149e-15
22.7 	 1.92619 	 0.127931 	 0.523357 	 0.103863 	 0.63578 	 0.106267 	 1 	 1.51097e-15
22.8 	 1.93081 	 0.127597 	 0.512639 	 0.0996511 	 0.629849 	 0.103873 	 1 	 1.34912e-15
22.9 	 1.93613 	 0.127165 	 0.498863 	 0.0946797 	 0.621617 	 0.100678 	 1 	 1.88702e-15
23 	 1.94166 	 0.126705 	 0.484234 	 0.089845 	 0.612182 	 0.0971211 	 1 	 2.28938e-15
23.1 	 1.94692 	 0.126283 	 0.470944 	 0.0858865 	 0.602891 	 0.0936896 	 1 	 1.81487e-15
23.2 	 1.95148 	 0.125955 	 0.460779 	 0.0832492 	 0.595169 	 0.090847 	 1 	 2.18438e-15
23.3 	 1.95506 	 0.125754 	 0.45492 	 0.0820845 	 0.590298 	 0.0889655 	 1 	 2.8252e-15
23.4 	 1.95756 	 0.125688 	 0.454011 	 0.0823719 	 0.589164 	 0.0882829 	 1 	 2.01682e-15
23.5 	 1.95901 	 0.125745 	 0.458317 	 0.0840558 	 0.592049 	 0.0888846 	 1 	 1.52451e-15
23.6 	 1.9596 	 0.125892 	 0.467746 	 0.0870809 	 0.59852 	 0.090686 	 1 	 1.70033e-15
23.7 	 1.95963 	 0.126086 	 0.481573 	 0.0912819 	 0.607463 	 0.0934075 	 1 	 1.52136e-15
23.8 	 1.95946 	 0.126274 	 0.49808 	 0.0961928 	 0.617275 	 0.0965759 	 1 	 1.00875e-15
23.9 	 1.9595 	 0.126408 	 0.514496 	 0.100948 	 0.626167 	 0.0995901 	 1 	 1.76863e-15
24 	 1.96011 	 0.126444 	 0.527518 	 0.104437 	 0.632502 	 0.10185 	 1 	 1.43711e-15
24.1 	 1.96161 	 0.126353 	 0.53429 	 0.105696 	 0.635108 	 0.102898 	 1 	 1.56397e-15
24.2 	 1.96423 	 0.126123 	 0.533366 	 0.104318 	 0.633476 	 0.102527 	 1 	 1.72393e-15
24.3 	 1.96804 	 0.125765 	 0.52515 	 0.100624 	 0.627825 	 0.10082 	 1 	 1.58744e-15
24.4 	 1.97292 	 0.125313 	 0.511624 	 0.0955205 	 0.619025 	 0.0981187 	 1 	 1.70917e-15
24.5 	 1.97859 	 0.124823 	 0.495573 	 0.0901417 	 0.608406 	 0.0949357 	 1 	 2.09149e-15
24.6 	 1.98462 	 0.124362 	 0.479739 	 0.0854655 	 0.597519 	 0.0918418 	 1 	 1.20658e-15
24.7 	 1.99048 	 0.124008 	 0.466254 	 0.0820865 	 0.58788 	 0.0893454 	 1 	 1.56441e-15
24.8 	 1.99566 	 0.123827 	 0.456475 	 0.0801998 	 0.580766 	 0.0878033 	 1 	 1.68414e-15
24.9 	 1.9997 	 0.123869 	 0.451116 	 0.0797386 	 0.577071 	 0.0873837 	 1 	 1.53257e-15
25 	 2.00236 	 0.124156 	 0.450461 	 0.08054 	 0.577229 	 0.088085 	 1 	 1.68252e-15
25.1 	 2.00356 	 0.124682 	 0.454523 	 0.0824508 	 0.581193 	 0.0897867 	 1 	 1.49869e-15
25.2 	 2.0035 	 0.125407 	 0.463029 	 0.0853487 	 0.588443 	 0.0922949 	 1 	 1.55475e-15
25.3 	 2.00253 	 0.126268 	 0.475281 	 0.0890983 	 0.598037 	 0.0953619 	 1 	 1.69993e-15
25.4 	 2.00116 	 0.127182 	 0.489953 	 0.0934629 	 0.608686 	 0.0986825 	 1 	 1.97219e-15
25.5 	 1.99991 	 0.128066 	 0.504984 	 0.0980065 	 0.618889 	 0.101892 	 1 	 2.02901e-15
25.6 	 1.99927 	 0.128841 	 0.517736 	 0.102058 	 0.627119 	 0.104593 	 1 	 2.15979e-15
25.7 	 1.99959 	 0.129446 	 0.525515 	 0.104823 	 0.632063 	 0.106412 	 1 	 1.67517e-15
25.8 	 2.00105 	 0.129846 	 0.526375 	 0.105652 	 0.632868 	 0.107085 	 1 	 1.93751e-15
25.9 	 2.00366 	 0.130032 	 0.519872 	 0.104349 	 0.629331 	 0.106526 	 1 	 7.20458e-16
26 	 2.00723 	 0.130021 	 0.507344 	 0.101303 	 0.621989 	 0.104861 	 1 	 1.48722e-15
26.1 	 2.01146 	 0.129851 	 0.491497 	 0.0973331 	 0.612057 	 0.102397 	 1 	 1.48076e-15
26.2 	 2.01594 	 0.129573 	 0.475474 	 0.0933195 	 0.601218 	 0.0995461 	 1 	 1.83588e-15
26.3 	 2.02026 	 0.129241 	 0.461906 	 0.0898796 	 0.591319 	 0.0967226 	 1 	 2.0141e-15
26.4 	 2.024 	 0.12891 	 0.452433 	 0.0872804 	 0.584025 	 0.0942627 	 1 	 1.85296e-15
26.5 	 2.02686 	 0.128629 	 0.447783 	 0.0855615 	 0.580521 	 0.0923917 	 1 	 1.74367e-15
26.6 	 2.02865 	 0.128434 	 0.44812 	 0.0847088 	 0.581314 	 0.0912277 	 1 	 2.09411e-15
26.7 	 2.02935 	 0.128348 	 0.453296 	 0.0847536 	 0.586187 	 0.0907939 	 1 	 1.56878e-15
26.8 	 2.02912 	 0.128375 	 0.462809 	 0.0857585 	 0.594279 	 0.0910151 	 1 	 1.52496e-15
26.9 	 2.02829 	 0.128501 	 0.475605 	 0.0877116 	 0.604282 	 0.0917121 	 1 	 1.47845e-15
27 	 2.02728 	 0.128691 	 0.489966 	 0.0904 	 0.61468 	 0.0926182 	 1 	 1.18482e-15
27.1 	 2.02659 	 0.1289 	 0.503681 	 0.0933613 	 0.623998 	 0.0934299 	 1 	 1.77828e-15
27.2 	 2.02667 	 0.129071 	 0.514459 	 0.0959662 	 0.630993 	 0.0938743 	 1 	 1.81223e-15
27.3 	 2.02784 	 0.129157 	 0.520444 	 0.0975958 	 0.634794 	 0.0937651 	 1 	 1.88375e-15
27.4 	 2.03023 	 0.129123 	 0.520625 	 0.0978218 	 0.634967 	 0.0930313 	 1 	 1.40726e-15
27.5 	 2.03377 	 0.128963 	 0.515034 	 0.0965245 	 0.631538 	 0.0917173 	 1 	 7.40149e-16
27.6 	 2.03819 	 0.128694 	 0.504714 	 0.093923 	 0.624969 	 0.0899646 	 1 	 9.97143e-16
27.7 	 2.04307 	 0.128356 	 0.491477 	 0.0905126 	 0.616115 	 0.0879873 	 1 	 1.10899e-15
27.8 	 2.04795 	 0.128006 	 0.477512 	 0.0869202 	 0.606147 	 0.0860457 	 1 	 1.88266e-15
27.9 	 2.05239 	 0.127702 	 0.464939 	 0.0837237 	 0.596431 	 0.0844213 	 1 	 1.48215e-15
28 	 2.05605 	 0.127499 	 0.455424 	 0.0813234 	 0.588351 	 0.083392 	 1 	 1.74524e-15
28.1 	 2.05873 	 0.127437 	 0.44999 	 0.0799299 	 0.583097 	 0.0832077 	 1 	 1.30211e-15
28.2 	 2.06039 	 0.127538 	 0.449083 	 0.079647 	 0.581439 	 0.0840656 	 1 	 1.79972e-15
28.3 	 2.06113 	 0.127801 	 0.452767 	 0.0805586 	 0.583561 	 0.0860762 	 1 	 1.65378e-15
28.4 	 2.06119 	 0.128208 	 0.460806 	 0.082744 	 0.58898 	 0.0892135 	 1 	 1.32712e-15
28.5 	 2.06086 	 0.128725 	 0.4725 	 0.086192 	 0.596613 	 0.0932675 	 1 	 1.54104e-15
28.6 	 2.06047 	 0.129304 	 0.486386 	 0.0906516 	 0.60497 	 0.0978362 	 1 	 2.03036e-15
28.7 	 2.06035 	 0.129893 	 0.500163 	 0.0955245 	 0.612441 	 0.102382 	 1 	 1.75151e-15
28.8 	 2.06079 	 0.130438 	 0.511092 	 0.0999248 	 0.617614 	 0.106342 	 1 	 2.0175e-15
28.9 	 2.06198 	 0.130891 	 0.516787 	 0.102936 	 0.619537 	 0.10924 	 1 	 2.02799e-15
29 	 2.06404 	 0.131214 	 0.516017 	 0.103941 	 0.617881 	 0.110779 	 1 	 1.67926e-15
29.1 	 2.06694 	 0.131394 	 0.509085 	 0.102838 	 0.612966 	 0.110868 	 1 	 2.17023e-15
29.2 	 2.07056 	 0.131435 	 0.497621 	 0.100031 	 0.605658 	 0.109617 	 1 	 1.79743e-15
29.3 	 2.07463 	 0.131365 	 0.483969 	 0.096222 	 0.597182 	 0.107278 	 1 	 2.29476e-15
29.4 	 2.07881 	 0.131233 	 0.470501 	 0.0921491 	 0.588895 	 0.104195 	 1 	 1.40823e-15
29.5 	 2.08269 	 0.131099 	 0.459127 	 0.0883854 	 0.582067 	 0.100738 	 1 	 1.91225e-15
29.6 	 2.0859 	 0.131018 	 0.451099 	 0.0852794 	 0.577714 	 0.0972627 	 1 	 1.5281e-15
29.7 	 2.08815 	 0.131038 	 0.447049 	 0.0830011 	 0.576491 	 0.0940755 	 1 	 1.34709e-15
29.8 	 2.08927 	 0.131185 	 0.447134 	 0.0816222 	 0.578642 	 0.0914094 	 1 	 1.76669e-15
29.9 	 2.08925 	 0.131457 	 0.451191 	 0.081174 	 0.584007 	 0.0894157 	 1 	 1.94808e-15
30 	 2.08827 	 0.131831 	 0.458828 	 0.081678 	 0.592047 	 0.0881664 	 1 	 2.23765e-15
30.1 	 2.08664 	 0.132259 	 0.469414 	 0.0831556 	 0.6019 	 0.0876588 	 1 	 1.56047e-15
30.2 	 2.08475 	 0.132688 	 0.481979 	 0.0855776 	 0.612454 	 0.087814 	 1 	 8.382e-16
30.3 	 2.08303 	 0.133057 	 0.495075 	 0.0887285 	 0.622451 	 0.0884663 	 1 	 2.04481e-15
30.4 	 2.08188 	 0.13332 	 0.506755 	 0.0920792 	 0.630622 	 0.0893625 	 1 	 1.71876e-15
30.5 	 2.08157 	 0.133442 	 0.514827 	 0.0948347 	 0.635869 	 0.0901938 	 1 	 2.13908e-15
30.6 	 2.08226 	 0.133411 	 0.517439 	 0.0962109 	 0.637437 	 0.090668 	 1 	 1.42178e-15
30.7 	 2.08397 	 0.133235 	 0.513775 	 0.0957927 	 0.635081 	 0.0905986 	 1 	 1.63211e-15
30.8 	 2.08659 	 0.132938 	 0.5045 	 0.0937388 	 0.629138 	 0.0899709 	 1 	 2.27889e-15
30.9 	 2.08991 	 0.132561 	 0.491618 	 0.0906933 	 0.620503 	 0.0889573 	 1 	 1.61142e-15
31 	 2.09367 	 0.132151 	 0.477772 	 0.0874646 	 0.610483 	 0.0878683 	 1 	 1.82466e-15
31.1 	 2.09759 	 0.131759 	 0.465369 	 0.0846961 	 0.600561 	 0.0870643 	 1 	 2.32647e-15
31.2 	 2.10138 	 0.131431 	 0.456009 	 0.082724 	 0.59212 	 0.086861 	 1 	 1.47613e-15
31.3 	 2.1048 	 0.131206 	 0.450417 	 0.0816379 	 0.586208 	 0.087466 	 1 	 2.17779e-15
31.4 	 2.10769 	 0.131113 	 0.448736 	 0.0814239 	 0.583376 	 0.0889554 	 1 	 1.06553e-15
31.5 	 2.10996 	 0.131163 	 0.450846 	 0.0820783 	 0.583637 	 0.0912774 	 1 	 1.30841e-15
31.6 	 2.11165 	 0.131346 	 0.456461 	 0.0836319 	 0.586526 	 0.094264 	 1 	 1.47474e-15
31.7 	 2.11288 	 0.131639 	 0.465019 	 0.0860755 	 0.591241 	 0.0976464 	 1 	 1.82391e-15
31.8 	 2.11388 	 0.131999 	 0.475509 	 0.0892372 	 0.596806 	 0.101081 	 1 	 2.16738e-15
31.9 	 2.11495 	 0.132375 	 0.486429 	 0.092718 	 0.602236 	 0.104194 	 1 	 1.62706e-15
32 	 2.11636 	 0.132713 	 0.495977 	 0.0959463 	 0.606664 	 0.106634 	 1 	 1.94386e-15
32.1 	 2.11835 	 0.132967 	 0.502411 	 0.098327 	 0.609421 	 0.108126 	 1 	 2.36356e-15
32.2 	 2.12103 	 0.133105 	 0.504467 	 0.0994075 	 0.610084 	 0.108507 	 1 	 1.52406e-15
32.3 	 2.12441 	 0.133116 	 0.501686 	 0.0990005 	 0.608501 	 0.107748 	 1 	 1.79324e-15
32.4 	 2.12832 	 0.13301 	 0.494541 	 0.0972335 	 0.6048 	 0.105945 	 1 	 1.75073e-15
32.5 	 2.13253 	 0.132816 	 0.484334 	 0.0945087 	 0.599393 	 0.103305 	 1 	 2.52194e-15
32.6 	 2.1367 	 0.132573 	 0.472869 	 0.0913686 	 0.592968 	 0.100112 	 1 	 1.13884e-15
32.7 	 2.14053 	 0.132326 	 0.462012 	 0.0883147 	 0.586435 	 0.0966877 	 1 	 1.78367e-15
32.8 	 2.14376 	 0.132116 	 0.453293 	 0.0856761 	 0.580834 	 0.093351 	 1 	 2.00319e-15
32.9 	 2.14624 	 0.131974 	 0.447697 	 0.0836083 	 0.577176 	 0.0903898 	 1 	 1.71995e-15
33 	 2.14791 	 0.131922 	 0.445721 	 0.0821994 	 0.576261 	 0.0880516 	 1 	 1.80352e-15
33.1 	 2.1488 	 0.131965 	 0.447576 	 0.0815753 	 0.578494 	 0.0865381 	 1 	 1.9905e-15
33.2 	 2.14904 	 0.132099 	 0.453311 	 0.0819188 	 0.583766 	 0.0859812 	 1 	 1.10837e-15
33.3 	 2.14882 	 0.132304 	 0.462664 	 0.0833811 	 0.591425 	 0.0863881 	 1 	 1.79209e-15
33.4 	 2.14836 	 0.132552 	 0.474733 	 0.0859216 	 0.600384 	 0.0875881 	 1 	 1.94597e-15
33.5 	 2.14792 	 0.132808 	 0.48777 	 0.0891621 	 0.609309 	 0.089237 	 1 	 9.7281e-16
33.6 	 2.14778 	 0.133034 	 0.4994 	 0.0923868 	 0.616876 	 0.0909025 	 1 	 9.57914e-16
33.7 	 2.14816 	 0.133197 	 0.507272 	 0.0947574 	 0.622003 	 0.0921924 	 1 	 2.25745e-15
33.8 	 2.14928 	 0.133271 	 0.509812 	 0.0956458 	 0.624023 	 0.0928656 	 1 	 1.66533e-15
33.9 	 2.15126 	 0.133241 	 0.506693 	 0.0948849 	 0.622757 	 0.0928813 	 1 	 1.61651e-15
34 	 2.15412 	 0.13311 	 0.498806 	 0.0928031 	 0.618491 	 0.092384 	 1 	 1.78712e-15
34.1 	 2.15772 	 0.132898 	 0.48785 	 0.0900475 	 0.611892 	 0.0916403 	 1 	 1.40482e-15
34.2 	 2.16183 	 0.132641 	 0.475765 	 0.0873126 	 0.603873 	 0.0909587 	 1 	 2.09607e-15
34.3 	 2.16613 	 0.132384 	 0.464287 	 0.0851123 	 0.595464 	 0.0906147 	 1 	 1.11576e-15
34.4 	 2.17025 	 0.132174 	 0.454723 	 0.0836946 	 0.587687 	 0.0908004 	 1 	 1.9936e-15
34.5 	 2.17385 	 0.132053 	 0.447925 	 0.0830975 	 0.581454 	 0.0916026 	 1 	 1.73856e-15
34.6 	 2.17668 	 0.13205 	 0.444395 	 0.0832627 	 0.57748 	 0.0930066 	 1 	 1.27662e-15
34.7 	 2.17861 	 0.132175 	 0.444382 	 0.0841252 	 0.576206 	 0.0949151 	 1 	 1.70917e-15
34.8 	 2.17968 	 0.132414 	 0.447926 	 0.0856567 	 0.577741 	 0.0971723 	 1 	 1.13221e-15
34.9 	 2.18005 	 0.132737 	 0.454802 	 0.0878645 	 0.581824 	 0.0995823 	 1 	 2.05316e-15
35 	 2.17995 	 0.133098 	 0.464398 	 0.0907302 	 0.587825 	 0.101919 	 1 	 1.71557e-15
35.1 	 2.17972 	 0.133441 	 0.475567 	 0.09409 	 0.594801 	 0.103928 	 1 	 1.19116e-15
35.2 	 2.17966 	 0.133715 	 0.486599 	 0.0975148 	 0.601616 	 0.105339 	 1 	 1.08338e-15
35.3 	 2.18004 	 0.133879 	 0.495428 	 0.100306 	 0.607113 	 0.105891 	 1 	 1.30159e-15
35.4 	 2.18104 	 0.133904 	 0.500116 	 0.101685 	 0.610319 	 0.105381 	 1 	 1.91976e-15
35.5 	 2.18276 	 0.133782 	 0.499491 	 0.101123 	 0.610639 	 0.103724 	 1 	 1.9843e-15
35.6 	 2.18518 	 0.133523 	 0.493614 	 0.0986127 	 0.607992 	 0.101003 	 1 	 1.13644e-15
35.7 	 2.18819 	 0.133152 	 0.483805 	 0.0947014 	 0.602846 	 0.0974796 	 1 	 2.36327e-15
35.8 	 2.19158 	 0.132707 	 0.472177 	 0.0902535 	 0.596136 	 0.0935513 	 1 	 1.36276e-15
35.9 	 2.19509 	 0.132232 	 0.460932 	 0.0861113 	 0.589081 	 0.089677 	 1 	 1.54902e-15
36 	 2.19843 	 0.131775 	 0.451806 	 0.0828535 	 0.582943 	 0.0862857 	 1 	 1.27017e-15
36.1 	 2.2013 	 0.131379 	 0.445852 	 0.0807369 	 0.578793 	 0.083707 	 1 	 1.26963e-15
36.2 	 2.20346 	 0.13108 	 0.443544 	 0.0797759 	 0.577322 	 0.0821399 	 1 	 1.68739e-15
36.3 	 2.20478 	 0.130904 	 0.444962 	 0.079876 	 0.578752 	 0.0816506 	 1 	 1.31676e-15
36.4 	 2.20524 	 0.130861 	 0.44989 	 0.0809398 	 0.582829 	 0.0821822 	 1 	 1.63378e-15
36.5 	 2.20494 	 0.130942 	 0.457798 	 0.0828849 	 0.588909 	 0.0835696 	 1 	 1.92118e-15
36.6 	 2.20415 	 0.131123 	 0.46778 	 0.0855751 	 0.596076 	 0.0855629 	 1 	 1.76824e-15
36.7 	 2.20319 	 0.131365 	 0.478538 	 0.08873 	 0.60329 	 0.0878632 	 1 	 1.12493e-15
36.8 	 2.20243 	 0.131622 	 0.488483 	 0.0918961 	 0.609515 	 0.0901638 	 1 	 1.57532e-15
36.9 	 2.20224 	 0.131852 	 0.495962 	 0.0945161 	 0.613842 	 0.0921884 	 1 	 1.44755e-15
37 	 2.20286 	 0.132022 	 0.49956 	 0.0960691 	 0.615594 	 0.0937237 	 1 	 1.35671e-15
37.1 	 2.20443 	 0.132117 	 0.498443 	 0.0962279 	 0.614402 	 0.0946455 	 1 	 1.89281e-15
37.2 	 2.20696 	 0.132143 	 0.492603 	 0.0949798 	 0.610273 	 0.0949365 	 1 	 1.81638e-15
37.3 	 2.21029 	 0.132123 	 0.482942 	 0.092659 	 0.603615 	 0.0946911 	 1 	 1.56529e-15
37.4 	 2.21416 	 0.132091 	 0.471087 	 0.0898554 	 0.595221 	 0.0940985 	 1 	 1.76398e-15
37.5 	 2.21826 	 0.132087 	 0.459005 	 0.0872156 	 0.586195 	 0.0934042 	 1 	 1.48261e-15
37.6 	 2.22225 	 0.132142 	 0.448519 	 0.0852321 	 0.577812 	 0.0928567 	 1 	 1.90364e-15
37.7 	 2.22585 	 0.13228 	 0.440958 	 0.0841448 	 0.571329 	 0.0926603 	 1 	 1.75425e-15
37.8 	 2.22882 	 0.132509 	 0.437062 	 0.0839923 	 0.567763 	 0.0929495 	 1 	 1.87171e-15
37.9 	 2.23104 	 0.132823 	 0.43711 	 0.0847362 	 0.567695 	 0.0937847 	 1 	 1.83998e-15
38 	 2.2325 	 0.133203 	 0.441096 	 0.0863536 	 0.57113 	 0.0951506 	 1 	 1.78827e-15
38.1 	 2.23326 	 0.133622 	 0.448721 	 0.0888353 	 0.577474 	 0.0969411 	 1 	 1.52496e-15
38.2 	 2.23352 	 0.134043 	 0.45919 	 0.0920828 	 0.585634 	 0.0989391 	 1 	 1.89173e-15
38.3 	 2.23351 	 0.134428 	 0.471015 	 0.0957662 	 0.594219 	 0.100822 	 1 	 1.04411e-15
38.4 	 2.23351 	 0.134737 	 0.482109 	 0.0992632 	 0.601804 	 0.102215 	 1 	 2.17117e-15
38.5 	 2.23382 	 0.134935 	 0.490249 	 0.101784 	 0.607191 	 0.102776 	 1 	 1.42322e-15
38.6 	 2.23464 	 0.134995 	 0.493741 	 0.102653 	 0.609605 	 0.102285 	 1 	 1.44424e-15
38.7 	 2.23614 	 0.134906 	 0.491942 	 0.101585 	 0.608797 	 0.100699 	 1 	 2.14036e-15
38.8 	 2.23834 	 0.134674 	 0.485401 	 0.09878 	 0.605038 	 0.0981639 	 1 	 1.59733e-15
38.9 	 2.24112 	 0.134326 	 0.4756 	 0.0948148 	 0.599028 	 0.0949718 	 1 	 1.86622e-15
39 	 2.24426 	 0.133907 	 0.464459 	 0.0904187 	 0.591761 	 0.0915043 	 1 	 1.64631e-15
39.1 	 2.24745 	 0.133475 	 0.453837 	 0.0862597 	 0.584359 	 0.0881599 	 1 	 1.82953e-15
39.2 	 2.25036 	 0.133087 	 0.445195 	 0.0828193 	 0.577919 	 0.0852966 	 1 	 1.58355e-15
39.3 	 2.25266 	 0.132796 	 0.439474 	 0.0803671 	 0.573374 	 0.0831952 	 1 	 1.54148e-15
39.4 	 2.25415 	 0.132637 	 0.437145 	 0.0790021 	 0.571383 	 0.0820459 	 1 	 1.36125e-15
39.5 	 2.25474 	 0.132622 	 0.438342 	 0.0787277 	 0.57225 	 0.081949 	 1 	 2.06779e-15
39.6 	 2.25449 	 0.132743 	 0.442954 	 0.0795257 	 0.575878 	 0.0829168 	 1 	 1.42033e-15
39.7 	 2.25362 	 0.132969 	 0.450628 	 0.0813964 	 0.581771 	 0.0848669 	 1 	 1.64298e-15
39.8 	 2.25243 	 0.133256 	 0.46066 	 0.0843269 	 0.589081 	 0.0876117 	 1 	 2.30637e-15
39.9 	 2.25129 	 0.133554 	 0.471873 	 0.0881769 	 0.596706 	 0.0908558 	 1 	 1.28251e-15
40 	 2.25055 	 0.133814 	 0.482586 	 0.0925386 	 0.603442 	 0.094218 	 1 	 1.37775e-15
40.1 	 2.25049 	 0.133997 	 0.490832 	 0.096689 	 0.608165 	 0.0972845 	 1 	 1.63295e-15
40.2 	 2.25128 	 0.134075 	 0.494819 	 0.0997401 	 0.610025 	 0.0996821 	 1 	 1.90148e-15
40.3 	 2.25298 	 0.13404 	 0.493508 	 0.100962 	 0.608605 	 0.101154 	 1 	 1.49823e-15
40.4 	 2.2555 	 0.133899 	 0.487024 	 0.100103 	 0.604018 	 0.101611 	 1 	 1.93043e-15
40.5 	 2.25865 	 0.133672 	 0.476669 	 0.0975076 	 0.596909 	 0.101144 	 1 	 1.41695e-15
40.6 	 2.26218 	 0.133392 	 0.464494 	 0.0939404 	 0.588347 	 0.0999926 	 1 	 1.65709e-15
40.7 	 2.26578 	 0.133099 	 0.452659 	 0.0902534 	 0.579633 	 0.0984795 	 1 	 1.19173e-15
40.8 	 2.26917 	 0.132836 	 0.442884 	 0.0870973 	 0.572066 	 0.0969412 	 1 	 2.60607e-15
40.9 	 2.27208 	 0.132644 	 0.436229 	 0.0848227 	 0.566708 	 0.0956708 	 1 	 1.3297e-15
41 	 2.27432 	 0.132555 	 0.433158 	 0.0835482 	 0.564218 	 0.0948843 	 1 	 1.52091e-15
41.1 	 2.27582 	 0.132591 	 0.433719 	 0.0832878 	 0.564775 	 0.0947064 	 1 	 1.0713e-15
41.2 	 2.27658 	 0.132757 	 0.437659 	 0.0840367 	 0.568096 	 0.0951621 	 1 	 1.81902e-15
41.3 	 2.27675 	 0.133039 	 0.444444 	 0.0857802 	 0.57353 	 0.0961764 	 1 	 1.42033e-15
41.4 	 2.27655 	 0.133407 	 0.453224 	 0.0884383 	 0.580197 	 0.0975822 	 1 	 1.65461e-15
41.5 	 2.27629 	 0.133816 	 0.462849 	 0.0917901 	 0.587128 	 0.0991441 	 1 	 1.52451e-15
41.6 	 2.27626 	 0.134214 	 0.471957 	 0.0954212 	 0.593386 	 0.100591 	 1 	 1.36978e-15
41.7 	 2.27672 	 0.134551 	 0.479148 	 0.0987322 	 0.598172 	 0.10165 	 1 	 1.55431e-15
41.8 	 2.27785 	 0.134785 	 0.483204 	 0.101037 	 0.600895 	 0.102086 	 1 	 1.49594e-15
41.9 	 2.27969 	 0.134892 	 0.483341 	 0.101743 	 0.60123 	 0.101728 	 1 	 9.77725e-16
42 	 2.28215 	 0.134866 	 0.47943 	 0.100559 	 0.59916 	 0.100502 	 1 	 1.62285e-15
42.1 	 2.28506 	 0.134721 	 0.472104 	 0.0976282 	 0.594993 	 0.0984624 	 1 	 1.5037e-15
42.2 	 2.28815 	 0.134487 	 0.462685 	 0.0935059 	 0.589341 	 0.0958026 	 1 	 1.99669e-15
42.3 	 2.29115 	 0.134203 	 0.452885 	 0.0889766 	 0.583068 	 0.0928467 	 1 	 1.6046e-15
42.4 	 2.29382 	 0.133914 	 0.444385 	 0.0848003 	 0.577168 	 0.090007 	 1 	 1.63127e-15
42.5 	 2.296 	 0.13366 	 0.438459 	 0.081523 	 0.572616 	 0.0877109 	 1 	 1.07002e-15
42.6 	 2.2976 	 0.133477 	 0.435798 	 0.0794343 	 0.570195 	 0.086318 	 1 	 1.74367e-15
42.7 	 2.29862 	 0.133389 	 0.436576 	 0.0786474 	 0.570342 	 0.0860521 	 1 	 1.41454e-15
42.8 	 2.29915 	 0.133405 	 0.440617 	 0.0792087 	 0.57305 	 0.0869673 	 1 	 1.50279e-15
42.9 	 2.2993 	 0.133521 	 0.447496 	 0.0811475 	 0.577851 	 0.0889455 	 1 	 1.92082e-15
43 	 2.29926 	 0.133717 	 0.456475 	 0.0844138 	 0.583899 	 0.0917135 	 1 	 1.69226e-15
43.1 	 2.29922 	 0.133963 	 0.466385 	 0.0887322 	 0.590127 	 0.0948787 	 1 	 1.35318e-15
43.2 	 2.29936 	 0.134218 	 0.475657 	 0.0934859 	 0.595455 	 0.0979875 	 1 	 1.25006e-15
43.3 	 2.29987 	 0.134438 	 0.4826 	 0.0977792 	 0.598994 	 0.100601 	 1 	 1.31259e-15
43.4 	 2.30089 	 0.134583 	 0.485854 	 0.100705 	 0.600188 	 0.102374 	 1 	 1.76475e-15
43.5 	 2.30248 	 0.134623 	 0.484796 	 0.101665 	 0.598886 	 0.103108 	 1 	 1.12066e-15
43.6 	 2.30465 	 0.13454 	 0.479698 	 0.100558 	 0.595327 	 0.102782 	 1 	 1.67149e-15
43.7 	 2.30728 	 0.134341 	 0.471607 	 0.0977556 	 0.590057 	 0.101538 	 1 	 1.45698e-15
43.8 	 2.31019 	 0.134046 	 0.462016 	 0.0939187 	 0.583817 	 0.0996564 	 1 	 1.37626e-15
43.9 	 2.31313 	 0.133695 	 0.452485 	 0.0897912 	 0.57743 	 0.0974934 	 1 	 1.93645e-15
44 	 2.31583 	 0.133335 	 0.444328 	 0.0860305 	 0.571698 	 0.0954213 	 1 	 1.28784e-15
44.1 	 2.31804 	 0.133013 	 0.438434 	 0.0831106 	 0.567326 	 0.0937626 	 1 	 1.35216e-15
44.2 	 2.31956 	 0.132767 	 0.43524 	 0.0812876 	 0.564855 	 0.0927425 	 1 	 2.25685e-15
44.3 	 2.32033 	 0.132624 	 0.434837 	 0.0806307 	 0.564618 	 0.0924705 	 1 	 1.79896e-15
44.4 	 2.32035 	 0.132596 	 0.437131 	 0.0811104 	 0.566681 	 0.0929528 	 1 	 2.2e-15
44.5 	 2.31976 	 0.132674 	 0.441948 	 0.0826883 	 0.570828 	 0.0941132 	 1 	 1.84963e-15
44.6 	 2.31875 	 0.132836 	 0.448992 	 0.0853251 	 0.57655 	 0.0958034 	 1 	 2.03843e-15
44.7 	 2.31756 	 0.133048 	 0.457674 	 0.0888738 	 0.583104 	 0.0977982 	 1 	 1.51911e-15
44.8 	 2.31645 	 0.133272 	 0.46694 	 0.0929334 	 0.589596 	 0.0997931 	 1 	 9.73514e-16
44.9 	 2.31563 	 0.133468 	 0.475268 	 0.0967937 	 0.595117 	 0.10143 	 1 	 1.71596e-15
45 	 2.31528 	 0.133604 	 0.480979 	 0.0995675 	 0.59889 	 0.102362 	 1 	 9.63616e-16
45.1 	 2.31551 	 0.133657 	 0.482766 	 0.100489 	 0.60041 	 0.102329 	 1 	 2.05816e-15
45.2 	 2.31636 	 0.133615 	 0.480207 	 0.0992344 	 0.599535 	 0.101235 	 1 	 1.45839e-15
45.3 	 2.31779 	 0.13348 	 0.473961 	 0.0960776 	 0.596523 	 0.0991769 	 1 	 1.93857e-15
45.4 	 2.31971 	 0.133267 	 0.465512 	 0.0917771 	 0.591977 	 0.0964274 	 1 	 1.51776e-15
45.5 	 2.32196 	 0.133003 	 0.45662 	 0.0872633 	 0.586734 	 0.093367 	 1 	 1.37127e-15
45.6 	 2.32434 	 0.132722 	 0.448771 	 0.0833114 	 0.581697 	 0.0903981 	 1 	 1.7725e-15
45.7 	 2.32667 	 0.132464 	 0.442897 	 0.0803744 	 0.577679 	 0.0878704 	 1 	 1.54148e-15
45.8 	 2.32875 	 0.132268 	 0.439427 	 0.0786188 	 0.57527 	 0.0860433 	 1 	 1.6182e-15
45.9 	 2.33044 	 0.132164 	 0.438492 	 0.0780641 	 0.574764 	 0.0850813 	 1 	 1.49732e-15
46 	 2.33169 	 0.132174 	 0.440097 	 0.0786912 	 0.576151 	 0.08506 	 1 	 1.33944e-15
46.1 	 2.33252 	 0.1323 	 0.44413 	 0.0804574 	 0.579151 	 0.0859626 	 1 	 1.37626e-15
46.2 	 2.33304 	 0.132529 	 0.450267 	 0.0832493 	 0.58328 	 0.0876671 	 1 	 1.59476e-15
46.3 	 2.33341 	 0.132829 	 0.457859 	 0.086825 	 0.587924 	 0.0899453 	 1 	 1.31259e-15
46.4 	 2.33384 	 0.133158 	 0.465906 	 0.0907754 	 0.592401 	 0.0924875 	 1 	 1.8607e-15
46.5 	 2.33453 	 0.133467 	 0.473152 	 0.0945256 	 0.59603 	 0.0949505 	 1 	 2.11946e-15
46.6 	 2.33564 	 0.133714 	 0.4783 	 0.0974071 	 0.598196 	 0.0970141 	 1 	 1.95159e-15
46.7 	 2.33725 	 0.133868 	 0.48029 	 0.098814 	 0.598427 	 0.0984318 	 1 	 2.10683e-15
46.8 	 2.33939 	 0.133913 	 0.478588 	 0.0984071 	 0.596472 	 0.0990689 	 1 	 2.07308e-15
46.9 	 2.34197 	 0.133854 	 0.473358 	 0.0962731 	 0.592373 	 0.0989237 	 1 	 1.87135e-15
47 	 2.34486 	 0.13371 	 0.465472 	 0.0929343 	 0.586499 	 0.0981275 	 1 	 2.01138e-15
47.1 	 2.34789 	 0.133512 	 0.456284 	 0.0891742 	 0.579533 	 0.0969219 	 1 	 1.85739e-15
47.2 	 2.35086 	 0.133296 	 0.447283 	 0.0857607 	 0.572393 	 0.0956127 	 1 	 1.94597e-15
47.3 	 2.35358 	 0.133097 	 0.439758 	 0.0832252 	 0.566097 	 0.0945112 	 1 	 1.30579e-15
47.4 	 2.3559 	 0.132943 	 0.434621 	 0.0818031 	 0.561592 	 0.0938777 	 1 	 1.01281e-15
47.5 	 2.35768 	 0.132855 	 0.432411 	 0.0815132 	 0.55958 	 0.0938814 	 1 	 1.38271e-15
47.6 	 2.35886 	 0.132841 	 0.433394 	 0.0822823 	 0.560379 	 0.0945774 	 1 	 1.93255e-15
47.7 	 2.35943 	 0.132899 	 0.437587 	 0.0840263 	 0.563858 	 0.0958974 	 1 	 1.7752e-15
47.8 	 2.35944 	 0.133013 	 0.444655 	 0.0866425 	 0.569458 	 0.097651 	 1 	 2.31348e-15
47.9 	 2.35901 	 0.133158 	 0.453751 	 0.0899163 	 0.576298 	 0.099546 	 1 	 1.0033e-15
48 	 2.35829 	 0.133301 	 0.463488 	 0.0934139 	 0.583335 	 0.101234 	 1 	 1.89751e-15
48.1 	 2.35751 	 0.133408 	 0.472151 	 0.0964753 	 0.589547 	 0.102373 	 1 	 1.79095e-15
48.2 	 2.35687 	 0.133446 	 0.47813 	 0.0983757 	 0.594103 	 0.1027 	 1 	 1.20487e-15
48.3 	 2.35656 	 0.133394 	 0.48035 	 0.0985868 	 0.596477 	 0.102074 	 1 	 1.7519e-15
48.4 	 2.35671 	 0.133243 	 0.478534 	 0.0969838 	 0.596499 	 0.100501 	 1 	 1.31363e-15
48.5 	 2.35738 	 0.132999 	 0.473185 	 0.0938829 	 0.594343 	 0.0981215 	 1 	 1.73817e-15
48.6 	 2.35851 	 0.13269 	 0.465379 	 0.0899154 	 0.590476 	 0.0951847 	 1 	 1.14842e-15
48.7 	 2.35999 	 0.132354 	 0.456466 	 0.0858217 	 0.58557 	 0.0920073 	 1 	 1.67966e-15
48.8 	 2.36161 	 0.132036 	 0.4478 	 0.0822566 	 0.580416 	 0.0889339 	 1 	 2.10357e-15
48.9 	 2.36315 	 0.13178 	 0.440532 	 0.079663 	 0.575835 	 0.0862968 	 1 	 1.94703e-15
49 	 2.36439 	 0.131621 	 0.435506 	 0.0782351 	 0.572576 	 0.0843764 	 1 	 1.73106e-15
49.1 	 2.3652 	 0.131581 	 0.433235 	 0.0779652 	 0.571226 	 0.0833686 	 1 	 1.43329e-15
49.2 	 2.36549 	 0.131661 	 0.433942 	 0.0787428 	 0.57211 	 0.0833647 	 1 	 9.84704e-16
49.3 	 2.36529 	 0.131847 	 0.437617 	 0.0804479 	 0.575225 	 0.0843456 	 1 	 1.60119e-15
49.4 	 2.36473 	 0.13211 	 0.444 	 0.082985 	 0.580199 	 0.0861852 	 1 	 2.26925e-15
49.5 	 2.364 	 0.132408 	 0.452482 	 0.0862303 	 0.586323 	 0.0886571 	 1 	 2.23183e-15
49.6 	 2.36332 	 0.1327 	 0.461981 	 0.0899158 	 0.592643 	 0.0914488 	 1 	 8.82765e-16
49.7 	 2.36295 	 0.132946 	 0.470943 	 0.0935341 	 0.598106 	 0.0941923 	 1 	 1.77327e-15
49.8 	 2.36308 	 0.133114 	 0.477594 	 0.09638 	 0.601746 	 0.0965191 	 1 	 1.39307e-15
49.9 	 2.36388 	 0.133183 	 0.480413 	 0.0977728 	 0.602861 	 0.0981296 	 1 	 1.22012e-15
50 	 2.3654 	 0.133146 	 0.478639 	 0.09736 	 0.601145 	 0.0988589 	 1 	 1.20146e-15
