time = tau * tau_parallel
rms: rms distance of hole to its origin
IPR: inverse participation ratio, IPR(tau) = sum_i (n_h(i,tau))^2, with hole density n_h(i,tau) at site i at time tau.
return prob: probability of the hole to return to its origin, n_h(0,tau).
leg imbalance: difference between the occupation in the two legs of the ladder (see Eq. (15) in the manuscript).


time, rms, IPR, return prob, leg imbalance
0 	 0 	 1 	 1 	 1
0.1 	 0.100156 	 0.980285 	 0.990043 	 1
0.2 	 0.197681 	 0.92693 	 0.962038 	 1
0.3 	 0.289849 	 0.854427 	 0.921122 	 1
0.4 	 0.373795 	 0.779397 	 0.874509 	 1
0.5 	 0.446566 	 0.714661 	 0.829909 	 1
0.6 	 0.505268 	 0.667006 	 0.794049 	 1
0.7 	 0.547307 	 0.638462 	 0.771636 	 1
0.8 	 0.570683 	 0.628874 	 0.764906 	 1
0.9 	 0.574285 	 0.637687 	 0.773715 	 1
1 	 0.558158 	 0.664226 	 0.795976 	 1
1.1 	 0.523736 	 0.70695 	 0.828219 	 1
1.2 	 0.474069 	 0.762431 	 0.866116 	 1
1.3 	 0.414156 	 0.824672 	 0.904894 	 1
1.4 	 0.351602 	 0.885098 	 0.939682 	 1
1.5 	 0.297657 	 0.933459 	 0.965875 	 1
1.6 	 0.26697 	 0.959791 	 0.979594 	 1
1.7 	 0.270288 	 0.957211 	 0.978262 	 1
1.8 	 0.303401 	 0.924692 	 0.96122 	 1
1.9 	 0.351834 	 0.868408 	 0.930192 	 1
2 	 0.402849 	 0.80039 	 0.889422 	 1
2.1 	 0.44856 	 0.734551 	 0.845258 	 1
2.2 	 0.484514 	 0.682004 	 0.805172 	 1
2.3 	 0.508263 	 0.64846 	 0.776324 	 1
2.4 	 0.518531 	 0.635159 	 0.764032 	 1
2.5 	 0.514806 	 0.641864 	 0.770557 	 1
2.6 	 0.49721 	 0.668759 	 0.794588 	 1
2.7 	 0.466611 	 0.715306 	 0.831572 	 1
2.8 	 0.424989 	 0.777302 	 0.874795 	 1
2.9 	 0.376136 	 0.845231 	 0.916857 	 1
3 	 0.326836 	 0.905922 	 0.95113 	 1
3.1 	 0.288287 	 0.946718 	 0.972823 	 1
3.2 	 0.274876 	 0.959605 	 0.979491 	 1
3.3 	 0.294874 	 0.943223 	 0.971009 	 1
3.4 	 0.341766 	 0.902329 	 0.949197 	 1
3.5 	 0.401414 	 0.845646 	 0.917319 	 1
3.6 	 0.46151 	 0.783307 	 0.879598 	 1
3.7 	 0.513517 	 0.72469 	 0.84081 	 1
3.8 	 0.55183 	 0.677025 	 0.805923 	 1
3.9 	 0.572997 	 0.644844 	 0.779693 	 1
4 	 0.575297 	 0.630319 	 0.766158 	 1
4.1 	 0.558455 	 0.634247 	 0.768027 	 1
4.2 	 0.52341 	 0.657105 	 0.786043 	 1
4.3 	 0.47207 	 0.699187 	 0.818506 	 1
4.4 	 0.407111 	 0.759176 	 0.861149 	 1
4.5 	 0.33193 	 0.83158 	 0.907549 	 1
4.6 	 0.25113 	 0.905023 	 0.95012 	 1
4.7 	 0.17311 	 0.963676 	 0.981523 	 1
4.8 	 0.121253 	 0.992401 	 0.99619 	 1
4.9 	 0.138328 	 0.983215 	 0.991546 	 1
5 	 0.207414 	 0.939007 	 0.968567 	 1
5.1 	 0.289663 	 0.872018 	 0.931515 	 1
5.2 	 0.370313 	 0.798182 	 0.88693 	 1
5.3 	 0.442854 	 0.731124 	 0.842198 	 1
5.4 	 0.502993 	 0.679063 	 0.804113 	 1
5.5 	 0.547428 	 0.64522 	 0.777797 	 1
5.6 	 0.573702 	 0.630035 	 0.76617 	 1
5.7 	 0.580336 	 0.633145 	 0.769926 	 1
5.8 	 0.56702 	 0.654127 	 0.787845 	 1
5.9 	 0.534791 	 0.692103 	 0.817211 	 1
6 	 0.486206 	 0.744737 	 0.854192 	 1
6.1 	 0.425582 	 0.807193 	 0.894159 	 1
6.2 	 0.359523 	 0.871554 	 0.932001 	 1
6.3 	 0.29807 	 0.927242 	 0.962554 	 1
6.4 	 0.255904 	 0.96288 	 0.981194 	 1
6.5 	 0.248123 	 0.969473 	 0.984569 	 1
6.6 	 0.276007 	 0.943917 	 0.971355 	 1
6.7 	 0.325106 	 0.891035 	 0.942806 	 1
6.8 	 0.380347 	 0.82259 	 0.902891 	 1
6.9 	 0.432275 	 0.753201 	 0.857869 	 1
7 	 0.475585 	 0.69523 	 0.815277 	 1
7.1 	 0.507257 	 0.655599 	 0.782507 	 1
7.2 	 0.52554 	 0.636213 	 0.765299 	 1
7.3 	 0.529498 	 0.636838 	 0.766527 	 1
7.4 	 0.51888 	 0.657419 	 0.785624 	 1
7.5 	 0.494233 	 0.697667 	 0.818794 	 1
7.6 	 0.457219 	 0.754524 	 0.859947 	 1
7.7 	 0.41118 	 0.820204 	 0.902055 	 1
7.8 	 0.362041 	 0.882972 	 0.938533 	 1
7.9 	 0.319457 	 0.930457 	 0.964303 	 1
8 	 0.296553 	 0.953486 	 0.976338 	 1
8.1 	 0.303909 	 0.948428 	 0.973723 	 1
8.2 	 0.340079 	 0.917434 	 0.957384 	 1
8.3 	 0.393205 	 0.867137 	 0.929714 	 1
8.4 	 0.45046 	 0.806715 	 0.894238 	 1
8.5 	 0.502308 	 0.74591 	 0.855363 	 1
8.6 	 0.542421 	 0.693272 	 0.818105 	 1
8.7 	 0.566901 	 0.654896 	 0.787691 	 1
8.8 	 0.573724 	 0.634058 	 0.768938 	 1
8.9 	 0.562379 	 0.631947 	 0.765454 	 1
9 	 0.533588 	 0.649016 	 0.778807 	 1
9.1 	 0.489059 	 0.685707 	 0.807915 	 1
9.2 	 0.431311 	 0.741384 	 0.848877 	 1
9.3 	 0.363716 	 0.811712 	 0.895397 	 1
9.4 	 0.291078 	 0.886437 	 0.93981 	 1
9.5 	 0.221766 	 0.950171 	 0.974514 	 1
9.6 	 0.173468 	 0.987051 	 0.993497 	 1
9.7 	 0.173609 	 0.987211 	 0.993578 	 1
9.8 	 0.223457 	 0.951136 	 0.975024 	 1
9.9 	 0.296217 	 0.889139 	 0.941398 	 1
10 	 0.37338 	 0.816455 	 0.898676 	 1
10.1 	 0.445588 	 0.747271 	 0.853926 	 1
10.2 	 0.507127 	 0.691021 	 0.813935 	 1
10.3 	 0.553917 	 0.652045 	 0.784109 	 1
10.4 	 0.583028 	 0.631393 	 0.76788 	 1
10.5 	 0.592659 	 0.628864 	 0.766609 	 1
10.6 	 0.58225 	 0.644107 	 0.77981 	 1
10.7 	 0.552613 	 0.676612 	 0.805497 	 1
10.8 	 0.506041 	 0.724926 	 0.840462 	 1
10.9 	 0.44647 	 0.785499 	 0.880469 	 1
11 	 0.379847 	 0.851629 	 0.920471 	 1
11.1 	 0.315023 	 0.91322 	 0.954982 	 1
11.2 	 0.265131 	 0.958109 	 0.978732 	 1
11.3 	 0.245949 	 0.975284 	 0.987536 	 1
11.4 	 0.263974 	 0.959053 	 0.97922 	 1
11.5 	 0.308215 	 0.912087 	 0.954323 	 1
11.6 	 0.362848 	 0.845204 	 0.916329 	 1
11.7 	 0.417019 	 0.77347 	 0.87127 	 1
11.8 	 0.464528 	 0.710622 	 0.826721 	 1
11.9 	 0.501782 	 0.665097 	 0.790365 	 1
12 	 0.526564 	 0.639754 	 0.768462 	 1
12.1 	 0.537485 	 0.634553 	 0.764581 	 1
12.2 	 0.533836 	 0.64929 	 0.778934 	 1
12.3 	 0.515684 	 0.683873 	 0.808461 	 1
12.4 	 0.484178 	 0.736182 	 0.847632 	 1
12.5 	 0.442029 	 0.799843 	 0.889704 	 1
12.6 	 0.394253 	 0.864277 	 0.928069 	 1
12.7 	 0.349134 	 0.917339 	 0.957341 	 1
12.8 	 0.318533 	 0.948933 	 0.973981 	 1
12.9 	 0.314332 	 0.953641 	 0.976421 	 1
13 	 0.339764 	 0.931504 	 0.964875 	 1
13.1 	 0.386329 	 0.887317 	 0.941034 	 1
13.2 	 0.441328 	 0.829198 	 0.907819 	 1
13.3 	 0.494188 	 0.766859 	 0.869232 	 1
13.4 	 0.537637 	 0.709757 	 0.830179 	 1
13.5 	 0.567091 	 0.665343 	 0.796115 	 1
13.6 	 0.580031 	 0.638042 	 0.772391 	 1
13.7 	 0.575562 	 0.629562 	 0.763353 	 1
13.8 	 0.554105 	 0.640341 	 0.771379 	 1
13.9 	 0.517163 	 0.670787 	 0.796133 	 1
14 	 0.467184 	 0.720793 	 0.834309 	 1
14.1 	 0.407637 	 0.787287 	 0.880001 	 1
14.2 	 0.343532 	 0.861627 	 0.925685 	 1
14.3 	 0.282843 	 0.929544 	 0.963621 	 1
14.4 	 0.238997 	 0.974946 	 0.98736 	 1
14.5 	 0.229537 	 0.98609 	 0.993014 	 1
14.6 	 0.260652 	 0.960563 	 0.97997 	 1
14.7 	 0.318932 	 0.906034 	 0.950899 	 1
14.8 	 0.387719 	 0.836463 	 0.911067 	 1
14.9 	 0.455757 	 0.76638 	 0.867154 	 1
15 	 0.515844 	 0.706545 	 0.82593 	 1
15.1 	 0.563034 	 0.662692 	 0.79312 	 1
15.2 	 0.593888 	 0.636755 	 0.772712 	 1
15.3 	 0.606278 	 0.628869 	 0.766734 	 1
15.4 	 0.5994 	 0.638761 	 0.775392 	 1
15.5 	 0.573846 	 0.666116 	 0.797327 	 1
15.6 	 0.53168 	 0.710024 	 0.829845 	 1
15.7 	 0.47655 	 0.767843 	 0.869052 	 1
15.8 	 0.413949 	 0.833917 	 0.91002 	 1
15.9 	 0.351804 	 0.898861 	 0.947131 	 1
16 	 0.301307 	 0.950391 	 0.974729 	 1
16.1 	 0.275903 	 0.976291 	 0.988053 	 1
16.2 	 0.283714 	 0.968834 	 0.984253 	 1
16.3 	 0.319264 	 0.928543 	 0.963194 	 1
16.4 	 0.369351 	 0.864781 	 0.927783 	 1
16.5 	 0.422711 	 0.792326 	 0.883628 	 1
16.6 	 0.472108 	 0.725729 	 0.83808 	 1
16.7 	 0.513055 	 0.674783 	 0.798845 	 1
16.8 	 0.542643 	 0.643487 	 0.772497 	 1
16.9 	 0.558933 	 0.632243 	 0.763221 	 1
17 	 0.560769 	 0.640735 	 0.772085 	 1
17.1 	 0.547845 	 0.668909 	 0.796977 	 1
17.2 	 0.520962 	 0.715496 	 0.833205 	 1
17.3 	 0.48242 	 0.775766 	 0.874557 	 1
17.4 	 0.436595 	 0.840773 	 0.91454 	 1
17.5 	 0.390645 	 0.899034 	 0.947467 	 1
17.6 	 0.354855 	 0.939662 	 0.969166 	 1
17.7 	 0.340601 	 0.955252 	 0.977261 	 1
17.8 	 0.354002 	 0.943396 	 0.971121 	 1
17.9 	 0.390768 	 0.906776 	 0.951685 	 1
18 	 0.439969 	 0.852288 	 0.921304 	 1
18.1 	 0.490748 	 0.789544 	 0.883642 	 1
18.2 	 0.535055 	 0.728866 	 0.843534 	 1
18.3 	 0.567639 	 0.679066 	 0.806637 	 1
18.4 	 0.58547 	 0.645812 	 0.778744 	 1
18.5 	 0.587248 	 0.63147 	 0.764815 	 1
18.6 	 0.573042 	 0.636532 	 0.767917 	 1
18.7 	 0.544037 	 0.661277 	 0.788374 	 1
18.8 	 0.502395 	 0.70584 	 0.823424 	 1
18.9 	 0.451301 	 0.768048 	 0.867555 	 1
19 	 0.395338 	 0.840624 	 0.913456 	 1
19.1 	 0.341378 	 0.910529 	 0.953404 	 1
19.2 	 0.299763 	 0.962029 	 0.980748 	 1
19.3 	 0.283381 	 0.98238 	 0.991141 	 1
19.4 	 0.300022 	 0.966944 	 0.983278 	 1
19.5 	 0.344576 	 0.92075 	 0.95898 	 1
19.6 	 0.404423 	 0.855824 	 0.922655 	 1
19.7 	 0.467974 	 0.786182 	 0.880315 	 1
19.8 	 0.52681 	 0.723377 	 0.838411 	 1
19.9 	 0.574992 	 0.6745 	 0.802777 	 1
20 	 0.608378 	 0.642641 	 0.7779 	 1
20.1 	 0.624339 	 0.628559 	 0.766575 	 1
20.2 	 0.621685 	 0.632229 	 0.769878 	 1
20.3 	 0.600684 	 0.653573 	 0.787278 	 1
20.4 	 0.563089 	 0.692233 	 0.816745 	 1
20.5 	 0.512201 	 0.746524 	 0.854813 	 1
20.6 	 0.453032 	 0.81195 	 0.896694 	 1
20.7 	 0.392687 	 0.880013 	 0.93661 	 1
20.8 	 0.340897 	 0.938465 	 0.968466 	 1
20.9 	 0.309471 	 0.973916 	 0.986847 	 1
21 	 0.307498 	 0.976466 	 0.988145 	 1
21.1 	 0.333927 	 0.944217 	 0.971487 	 1
21.2 	 0.37861 	 0.88481 	 0.939176 	 1
21.3 	 0.43035 	 0.812606 	 0.896424 	 1
21.4 	 0.480918 	 0.742973 	 0.850427 	 1
21.5 	 0.524869 	 0.687129 	 0.80898 	 1
21.6 	 0.558562 	 0.650332 	 0.778962 	 1
21.7 	 0.57952 	 0.633586 	 0.76506 	 1
21.8 	 0.586187 	 0.636561 	 0.768993 	 1
21.9 	 0.577947 	 0.659085 	 0.789397 	 1
22 	 0.555326 	 0.700288 	 0.82231 	 1
22.1 	 0.52031 	 0.756599 	 0.862105 	 1
22.2 	 0.476782 	 0.820598 	 0.902587 	 1
22.3 	 0.431041 	 0.881853 	 0.938004 	 1
22.4 	 0.392066 	 0.92937 	 0.963765 	 1
22.5 	 0.370298 	 0.954371 	 0.976819 	 1
22.6 	 0.373193 	 0.952302 	 0.975753 	 1
22.7 	 0.399951 	 0.923665 	 0.960741 	 1
22.8 	 0.442206 	 0.873797 	 0.933493 	 1
22.9 	 0.48962 	 0.811733 	 0.897215 	 1
23 	 0.533692 	 0.748242 	 0.856514 	 1
23.1 	 0.568563 	 0.693303 	 0.817079 	 1
23.2 	 0.590663 	 0.653899 	 0.785027 	 1
23.3 	 0.598218 	 0.63328 	 0.765904 	 1
23.4 	 0.590866 	 0.632161 	 0.763552 	 1
23.5 	 0.569373 	 0.650722 	 0.779136 	 1
23.6 	 0.535481 	 0.689331 	 0.810651 	 1
23.7 	 0.491917 	 0.74683 	 0.853126 	 1
23.8 	 0.442664 	 0.81753 	 0.899496 	 1
23.9 	 0.393563 	 0.889772 	 0.941971 	 1
24 	 0.353032 	 0.948129 	 0.973539 	 1
24.1 	 0.331584 	 0.97868 	 0.989268 	 1
24.2 	 0.337491 	 0.974411 	 0.987101 	 1
24.3 	 0.370423 	 0.937633 	 0.968027 	 1
24.4 	 0.421722 	 0.878337 	 0.93566 	 1
24.5 	 0.480577 	 0.809861 	 0.89538 	 1
24.6 	 0.537882 	 0.744437 	 0.853312 	 1
24.7 	 0.586833 	 0.69056 	 0.81534 	 1
24.8 	 0.6226 	 0.65267 	 0.786374 	 1
24.9 	 0.642046 	 0.632345 	 0.769899 	 1
25 	 0.643609 	 0.629852 	 0.767798 	 1
25.1 	 0.627268 	 0.645199 	 0.78031 	 1
25.2 	 0.59452 	 0.67827 	 0.80604 	 1
25.3 	 0.548399 	 0.728018 	 0.841962 	 1
25.4 	 0.493551 	 0.790958 	 0.883524 	 1
25.5 	 0.436456 	 0.859676 	 0.924964 	 1
25.6 	 0.385702 	 0.922541 	 0.959969 	 1
25.7 	 0.351506 	 0.965766 	 0.982679 	 1
25.8 	 0.342566 	 0.977837 	 0.988842 	 1
25.9 	 0.360506 	 0.95447 	 0.97684 	 1
26 	 0.398597 	 0.901104 	 0.948247 	 1
26.1 	 0.446958 	 0.830986 	 0.907696 	 1
26.2 	 0.497075 	 0.759758 	 0.862046 	 1
26.3 	 0.542781 	 0.699844 	 0.81903 	 1
26.4 	 0.579747 	 0.657834 	 0.785748 	 1
26.5 	 0.604942 	 0.635549 	 0.767351 	 1
26.6 	 0.616371 	 0.632837 	 0.766234 	 1
26.7 	 0.613063 	 0.649474 	 0.781833 	 1
26.8 	 0.595223 	 0.684931 	 0.811 	 1
26.9 	 0.564495 	 0.736703 	 0.848782 	 1
27 	 0.524294 	 0.798905 	 0.889373 	 1
27.1 	 0.480171 	 0.862352 	 0.927029 	 1
27.2 	 0.43996 	 0.916242 	 0.956782 	 1
27.3 	 0.412964 	 0.950657 	 0.974909 	 1
27.4 	 0.406938 	 0.958924 	 0.979173 	 1
27.5 	 0.423676 	 0.93921 	 0.968949 	 1
27.6 	 0.457768 	 0.895058 	 0.945288 	 1
27.7 	 0.500213 	 0.834719 	 0.910946 	 1
27.8 	 0.542465 	 0.769247 	 0.870303 	 1
27.9 	 0.578124 	 0.709711 	 0.829047 	 1
28 	 0.603032 	 0.664464 	 0.79352 	 1
28.1 	 0.614894 	 0.637822 	 0.769736 	 1
28.2 	 0.612887 	 0.63089 	 0.7622 	 1
28.3 	 0.597364 	 0.643712 	 0.77285 	 1
28.4 	 0.569679 	 0.676606 	 0.800424 	 1
28.5 	 0.532172 	 0.729029 	 0.840526 	 1
28.6 	 0.488356 	 0.796625 	 0.886413 	 1
28.7 	 0.443339 	 0.869179 	 0.930328 	 1
28.8 	 0.404287 	 0.93199 	 0.965036 	 1
28.9 	 0.38011 	 0.97059 	 0.985153 	 1
29 	 0.378723 	 0.976183 	 0.988002 	 1
29.1 	 0.402264 	 0.948682 	 0.973844 	 1
29.2 	 0.445391 	 0.895948 	 0.945544 	 1
29.3 	 0.498875 	 0.830193 	 0.907825 	 1
29.4 	 0.553653 	 0.763751 	 0.866369 	 1
29.5 	 0.602431 	 0.706125 	 0.826937 	 1
29.6 	 0.639858 	 0.66301 	 0.794679 	 1
29.7 	 0.662364 	 0.636937 	 0.773641 	 1
29.8 	 0.668036 	 0.62863 	 0.766461 	 1
29.9 	 0.656545 	 0.638245 	 0.774175 	 1
30 	 0.629098 	 0.665874 	 0.796083 	 1
30.1 	 0.588402 	 0.711041 	 0.829685 	 1
30.2 	 0.538672 	 0.771266 	 0.870742 	 1
30.3 	 0.485714 	 0.840322 	 0.913583 	 1
30.4 	 0.437 	 0.907409 	 0.951749 	 1
30.5 	 0.401248 	 0.95858 	 0.978971 	 1
30.6 	 0.386373 	 0.980825 	 0.990357 	 1
30.7 	 0.395659 	 0.967348 	 0.98349 	 1
30.8 	 0.42562 	 0.921043 	 0.959125 	 1
30.9 	 0.468501 	 0.853677 	 0.921216 	 1
31 	 0.516197 	 0.780979 	 0.8762 	 1
31.1 	 0.562103 	 0.716659 	 0.831722 	 1
31.2 	 0.60126 	 0.668872 	 0.795113 	 1
31.3 	 0.630055 	 0.640485 	 0.772026 	 1
31.4 	 0.646009 	 0.631641 	 0.765533 	 1
31.5 	 0.647754 	 0.642019 	 0.775847 	 1
31.6 	 0.635145 	 0.671206 	 0.800591 	 1
31.7 	 0.609468 	 0.71746 	 0.835476 	 1
31.8 	 0.573694 	 0.776224 	 0.875133 	 1
31.9 	 0.53272 	 0.839657 	 0.913935 	 1
32 	 0.493428 	 0.897582 	 0.946685 	 1
32.1 	 0.464034 	 0.939547 	 0.96913 	 1
32.2 	 0.45196 	 0.957286 	 0.978336 	 1
32.3 	 0.460451 	 0.946847 	 0.972938 	 1
32.4 	 0.486673 	 0.909802 	 0.953318 	 1
32.5 	 0.523521 	 0.853147 	 0.921703 	 1
32.6 	 0.563054 	 0.787668 	 0.882117 	 1
32.7 	 0.598678 	 0.72509 	 0.840092 	 1
32.8 	 0.625763 	 0.674964 	 0.80204 	 1
32.9 	 0.641505 	 0.642771 	 0.774288 	 1
33 	 0.644594 	 0.630249 	 0.7619 	 1
33.1 	 0.634924 	 0.637476 	 0.767565 	 1
33.2 	 0.613394 	 0.664689 	 0.790851 	 1
33.3 	 0.581861 	 0.711844 	 0.828113 	 1
33.4 	 0.54327 	 0.775918 	 0.87312 	 1
33.5 	 0.501941 	 0.848367 	 0.918295 	 1
33.6 	 0.463894 	 0.915517 	 0.95622 	 1
33.7 	 0.436682 	 0.962547 	 0.981034 	 1
33.8 	 0.42774 	 0.97887 	 0.989363 	 1
33.9 	 0.440976 	 0.961805 	 0.980654 	 1
34 	 0.474223 	 0.916784 	 0.956941 	 1
34.1 	 0.520479 	 0.854588 	 0.92223 	 1
34.2 	 0.571273 	 0.787465 	 0.881714 	 1
34.3 	 0.619005 	 0.725915 	 0.841011 	 1
34.4 	 0.657767 	 0.677061 	 0.805494 	 1
34.5 	 0.683442 	 0.644619 	 0.779753 	 1
34.6 	 0.693635 	 0.62994 	 0.767169 	 1
34.7 	 0.687587 	 0.633336 	 0.769571 	 1
34.8 	 0.666106 	 0.654959 	 0.786974 	 1
34.9 	 0.631506 	 0.694679 	 0.817427 	 1
35 	 0.58757 	 0.750828 	 0.857044 	 1
35.1 	 0.53953 	 0.818333 	 0.900307 	 1
35.2 	 0.494016 	 0.887463 	 0.940705 	 1
35.3 	 0.45861 	 0.944641 	 0.971705 	 1
35.4 	 0.440391 	 0.97602 	 0.987921 	 1
35.5 	 0.443283 	 0.97272 	 0.98624 	 1
35.6 	 0.466005 	 0.934988 	 0.966606 	 1
35.7 	 0.502938 	 0.872511 	 0.932189 	 1
35.8 	 0.546925 	 0.800385 	 0.888836 	 1
35.9 	 0.591369 	 0.733144 	 0.843915 	 1
36 	 0.630943 	 0.680463 	 0.804842 	 1
36.1 	 0.661611 	 0.646476 	 0.777684 	 1
36.2 	 0.680518 	 0.631881 	 0.766181 	 1
36.3 	 0.685975 	 0.636393 	 0.771344 	 1
36.4 	 0.677548 	 0.659687 	 0.79162 	 1
36.5 	 0.65621 	 0.70064 	 0.82344 	 1
36.6 	 0.624515 	 0.755921 	 0.861948 	 1
36.7 	 0.586744 	 0.819076 	 0.901722 	 1
36.8 	 0.548875 	 0.880774 	 0.937409 	 1
36.9 	 0.518057 	 0.930277 	 0.964261 	 1
37 	 0.501105 	 0.957792 	 0.978602 	 1
37.1 	 0.502028 	 0.957095 	 0.978244 	 1
37.2 	 0.520101 	 0.927573 	 0.962827 	 1
37.3 	 0.550366 	 0.874841 	 0.93403 	 1
37.4 	 0.586057 	 0.809419 	 0.895558 	 1
37.5 	 0.620823 	 0.743717 	 0.852836 	 1
37.6 	 0.649752 	 0.688477 	 0.812354 	 1
37.7 	 0.669533 	 0.650336 	 0.780697 	 1
37.8 	 0.678265 	 0.631726 	 0.763381 	 1
37.9 	 0.675223 	 0.632833 	 0.763723 	 1
38 	 0.660693 	 0.653746 	 0.782051 	 1
38.1 	 0.635928 	 0.694644 	 0.815483 	 1
38.2 	 0.603249 	 0.753564 	 0.858425 	 1
38.3 	 0.566271 	 0.823654 	 0.903661 	 1
38.4 	 0.530128 	 0.892718 	 0.943788 	 1
38.5 	 0.501372 	 0.946244 	 0.972595 	 1
38.6 	 0.486882 	 0.972402 	 0.986078 	 1
38.7 	 0.49144 	 0.966132 	 0.982879 	 1
38.8 	 0.515198 	 0.930279 	 0.964191 	 1
38.9 	 0.553451 	 0.873742 	 0.933255 	 1
39 	 0.598865 	 0.808105 	 0.894694 	 1
39.1 	 0.64395 	 0.7444 	 0.853837 	 1
39.2 	 0.682433 	 0.691007 	 0.816115 	 1
39.3 	 0.709715 	 0.652982 	 0.786532 	 1
39.4 	 0.72294 	 0.632581 	 0.769161 	 1
39.5 	 0.720932 	 0.630469 	 0.766658 	 1
39.6 	 0.704107 	 0.64688 	 0.779828 	 1
39.7 	 0.674382 	 0.681932 	 0.807336 	 1
39.8 	 0.635082 	 0.734639 	 0.845663 	 1
39.9 	 0.590862 	 0.800945 	 0.889403 	 1
40 	 0.547586 	 0.872055 	 0.931937 	 1
40.1 	 0.511956 	 0.934717 	 0.966444 	 1
40.2 	 0.49047 	 0.974397 	 0.987092 	 1
40.3 	 0.487519 	 0.980499 	 0.990193 	 1
40.4 	 0.503516 	 0.950991 	 0.975019 	 1
40.5 	 0.53476 	 0.893582 	 0.944057 	 1
40.6 	 0.57521 	 0.822487 	 0.90257 	 1
40.7 	 0.618481 	 0.7527 	 0.857565 	 1
40.8 	 0.658945 	 0.695196 	 0.816407 	 1
40.9 	 0.692083 	 0.655404 	 0.785439 	 1
41 	 0.714537 	 0.63473 	 0.768955 	 1
41.1 	 0.724154 	 0.633009 	 0.76869 	 1
41.2 	 0.720074 	 0.649902 	 0.783876 	 1
41.3 	 0.702867 	 0.684656 	 0.811683 	 1
41.4 	 0.674669 	 0.734908 	 0.847855 	 1
41.5 	 0.639286 	 0.795593 	 0.887346 	 1
41.6 	 0.602126 	 0.858631 	 0.924876 	 1
41.7 	 0.569766 	 0.913738 	 0.95543 	 1
41.8 	 0.548775 	 0.95032 	 0.974745 	 1
41.9 	 0.543731 	 0.960159 	 0.97982 	 1
42 	 0.555347 	 0.940095 	 0.969417 	 1
42.1 	 0.580245 	 0.893597 	 0.944439 	 1
42.2 	 0.612634 	 0.8302 	 0.908052 	 1
42.3 	 0.646415 	 0.762674 	 0.865446 	 1
42.4 	 0.676474 	 0.703031 	 0.823174 	 1
42.5 	 0.699109 	 0.659351 	 0.788129 	 1
42.6 	 0.711975 	 0.635044 	 0.766331 	 1
42.7 	 0.713908 	 0.630581 	 0.761744 	 1
42.8 	 0.704765 	 0.645926 	 0.775421 	 1
42.9 	 0.685374 	 0.681333 	 0.805204 	 1
43 	 0.657603 	 0.735623 	 0.846093 	 1
43.1 	 0.624527 	 0.803382 	 0.89122 	 1
43.2 	 0.590588 	 0.873797 	 0.933204 	 1
43.3 	 0.561509 	 0.932792 	 0.96553 	 1
43.4 	 0.543543 	 0.967595 	 0.983627 	 1
43.5 	 0.541706 	 0.971135 	 0.985434 	 1
43.6 	 0.557606 	 0.94396 	 0.97141 	 1
43.7 	 0.588517 	 0.893191 	 0.944141 	 1
43.8 	 0.628551 	 0.829602 	 0.907732 	 1
43.9 	 0.670787 	 0.764421 	 0.867186 	 1
44 	 0.708899 	 0.706944 	 0.82784 	 1
44.1 	 0.737945 	 0.663382 	 0.794873 	 1
44.2 	 0.754622 	 0.636921 	 0.772802 	 1
44.3 	 0.757282 	 0.628678 	 0.764957 	 1
44.4 	 0.745857 	 0.638964 	 0.772944 	 1
44.5 	 0.721762 	 0.668021 	 0.796215 	 1
44.6 	 0.687775 	 0.715471 	 0.831893 	 1
44.7 	 0.647931 	 0.778468 	 0.874967 	 1
44.8 	 0.607371 	 0.849651 	 0.91893 	 1
44.9 	 0.572032 	 0.916714 	 0.956775 	 1
45 	 0.547896 	 0.964882 	 0.982218 	 1
45.1 	 0.539616 	 0.981864 	 0.990884 	 1
45.2 	 0.5489 	 0.962916 	 0.981205 	 1
45.3 	 0.573807 	 0.913067 	 0.954789 	 1
45.4 	 0.609606 	 0.845023 	 0.916151 	 1
45.5 	 0.650404 	 0.773935 	 0.871838 	 1
45.6 	 0.69047 	 0.712165 	 0.829142 	 1
45.7 	 0.7249 	 0.666763 	 0.794736 	 1
45.8 	 0.749889 	 0.640182 	 0.773549 	 1
45.9 	 0.762859 	 0.632593 	 0.768124 	 1
46 	 0.762563 	 0.643694 	 0.778505 	 1
46.1 	 0.749211 	 0.672976 	 0.802555 	 1
46.2 	 0.724565 	 0.718785 	 0.836513 	 1
46.3 	 0.691996 	 0.7771 	 0.875589 	 1
46.4 	 0.656393 	 0.840847 	 0.914522 	 1
46.5 	 0.623778 	 0.900219 	 0.948078 	 1
46.6 	 0.600356 	 0.944203 	 0.971562 	 1
46.7 	 0.590935 	 0.963177 	 0.981372 	 1
46.8 	 0.597232 	 0.951928 	 0.975579 	 1
46.9 	 0.61726 	 0.911895 	 0.95441 	 1
47 	 0.646331 	 0.851332 	 0.920472 	 1
47.1 	 0.678832 	 0.782849 	 0.878579 	 1
47.2 	 0.709631 	 0.7193 	 0.835133 	 1
47.3 	 0.734718 	 0.670054 	 0.79711 	 1
47.4 	 0.75133 	 0.639618 	 0.770846 	 1
47.5 	 0.757858 	 0.628938 	 0.760858 	 1
47.6 	 0.753732 	 0.637896 	 0.768955 	 1
47.7 	 0.739376 	 0.666678 	 0.793854 	 1
47.8 	 0.716245 	 0.71474 	 0.831399 	 1
47.9 	 0.686948 	 0.778243 	 0.875349 	 1
48 	 0.655343 	 0.848277 	 0.918572 	 1
48.1 	 0.626466 	 0.91185 	 0.954345 	 1
48.2 	 0.605968 	 0.95562 	 0.977481 	 1
48.3 	 0.598829 	 0.97037 	 0.985045 	 1
48.4 	 0.607577 	 0.953842 	 0.976562 	 1
48.5 	 0.631109 	 0.910805 	 0.953797 	 1
48.6 	 0.665062 	 0.850848 	 0.920262 	 1
48.7 	 0.703391 	 0.785279 	 0.880635 	 1
48.8 	 0.74 	 0.724383 	 0.840217 	 1
48.9 	 0.769783 	 0.675708 	 0.804416 	 1
49 	 0.789076 	 0.643572 	 0.778216 	 1
49.1 	 0.795785 	 0.6297 	 0.765585 	 1
49.2 	 0.789361 	 0.634524 	 0.76884 	 1
49.3 	 0.770703 	 0.658278 	 0.788111 	 1
49.4 	 0.742044 	 0.700897 	 0.821055 	 1
49.5 	 0.706826 	 0.760375 	 0.863001 	 1
49.6 	 0.669544 	 0.830514 	 0.907557 	 1
49.7 	 0.635483 	 0.899973 	 0.947636 	 1
49.8 	 0.610135 	 0.954171 	 0.976683 	 1
49.9 	 0.598167 	 0.979885 	 0.989883 	 1
50 	 0.602065 	 0.970409 	 0.98506 	 1
50.1 	 0.621221 	 0.928387 	 0.963091 	 1
50.2 	 0.65215 	 0.864649 	 0.927728 	 1
50.3 	 0.689668 	 0.793748 	 0.884877 	 1
50.4 	 0.728194 	 0.72879 	 0.841475 	 1
50.5 	 0.762645 	 0.678249 	 0.804245 	 1
50.6 	 0.788904 	 0.645789 	 0.778582 	 1
50.7 	 0.804053 	 0.632139 	 0.767804 	 1
50.8 	 0.806515 	 0.637104 	 0.772863 	 1
50.9 	 0.796165 	 0.660375 	 0.792485 	 1
51 	 0.774405 	 0.700975 	 0.823577 	 1
51.1 	 0.74418 	 0.756023 	 0.861754 	 1
51.2 	 0.70988 	 0.819667 	 0.901855 	 1
51.3 	 0.676993 	 0.882849 	 0.93845 	 1
51.4 	 0.651355 	 0.93434 	 0.966377 	 1
51.5 	 0.637868 	 0.963156 	 0.981363 	 1
51.6 	 0.639034 	 0.961888 	 0.980713 	 1
51.7 	 0.654117 	 0.929681 	 0.963911 	 1
51.8 	 0.67958 	 0.873226 	 0.932966 	 1
51.9 	 0.710462 	 0.804804 	 0.892323 	 1
52 	 0.741747 	 0.738068 	 0.848262 	 1
52.1 	 0.76918 	 0.683745 	 0.807882 	 1
52.2 	 0.789567 	 0.647556 	 0.777841 	 1
52.3 	 0.800799 	 0.63108 	 0.763138 	 1
52.4 	 0.801799 	 0.634243 	 0.766192 	 1
52.5 	 0.792507 	 0.657094 	 0.786417 	 1
52.6 	 0.773917 	 0.699369 	 0.820362 	 1
52.7 	 0.748173 	 0.758278 	 0.862397 	 1
52.8 	 0.718654 	 0.826509 	 0.905757 	 1
52.9 	 0.689908 	 0.892407 	 0.943746 	 1
53 	 0.667216 	 0.942803 	 0.970827 	 1
53.1 	 0.655569 	 0.96714 	 0.983398 	 1
53.2 	 0.658158 	 0.960771 	 0.980138 	 1
53.3 	 0.675092 	 0.925974 	 0.961955 	 1
53.4 	 0.703274 	 0.870645 	 0.931638 	 1
53.5 	 0.7375 	 0.805621 	 0.893379 	 1
53.6 	 0.772 	 0.741827 	 0.852277 	 1
53.7 	 0.801608 	 0.688077 	 0.813838 	 1
53.8 	 0.822408 	 0.649974 	 0.783436 	 1
53.9 	 0.831962 	 0.630057 	 0.765671 	 1
54 	 0.829335 	 0.628985 	 0.76365 	 1
54.1 	 0.815004 	 0.646957 	 0.778318 	 1
54.2 	 0.790738 	 0.684158 	 0.808038 	 1
54.3 	 0.759457 	 0.739477 	 0.848602 	 1
54.4 	 0.725086 	 0.808073 	 0.893782 	 1
54.5 	 0.692327 	 0.879774 	 0.936358 	 1
54.6 	 0.66623 	 0.940262 	 0.969407 	 1
54.7 	 0.651389 	 0.975334 	 0.987575 	 1
54.8 	 0.650831 	 0.976253 	 0.988042 	 1
54.9 	 0.665013 	 0.94325 	 0.970987 	 1
55 	 0.691616 	 0.885209 	 0.939477 	 1
55.1 	 0.726265 	 0.815879 	 0.898829 	 1
55.2 	 0.76369 	 0.748837 	 0.855615 	 1
55.3 	 0.798732 	 0.693825 	 0.816496 	 1
55.4 	 0.826985 	 0.655796 	 0.787155 	 1
55.5 	 0.845158 	 0.636233 	 0.771501 	 1
55.6 	 0.851275 	 0.635153 	 0.771267 	 1
55.7 	 0.844803 	 0.652322 	 0.785996 	 1
55.8 	 0.826718 	 0.687152 	 0.813315 	 1
55.9 	 0.799508 	 0.737641 	 0.849365 	 1
56 	 0.767066 	 0.799139 	 0.889265 	 1
56.1 	 0.73439 	 0.863675 	 0.927608 	 1
56.2 	 0.706949 	 0.920452 	 0.958984 	 1
56.3 	 0.689657 	 0.957825 	 0.978622 	 1
56.4 	 0.685604 	 0.966565 	 0.983108 	 1
56.5 	 0.695124 	 0.943331 	 0.971094 	 1
56.6 	 0.715817 	 0.89261 	 0.94379 	 1
56.7 	 0.743502 	 0.825656 	 0.90503 	 1
56.8 	 0.773455 	 0.756551 	 0.860799 	 1
56.9 	 0.801335 	 0.697417 	 0.818242 	 1
57 	 0.823649 	 0.655441 	 0.784383 	 1
57.1 	 0.837895 	 0.633065 	 0.764818 	 1
57.2 	 0.842572 	 0.630375 	 0.762701 	 1
57.3 	 0.837182 	 0.647318 	 0.778214 	 1
57.4 	 0.82228 	 0.683881 	 0.808615 	 1
57.5 	 0.799559 	 0.738231 	 0.848822 	 1
57.6 	 0.771932 	 0.804525 	 0.892376 	 1
57.7 	 0.743485 	 0.872401 	 0.932578 	 1
57.8 	 0.71915 	 0.929003 	 0.963567 	 1
57.9 	 0.703885 	 0.962717 	 0.981138 	 1
58 	 0.701387 	 0.966767 	 0.98321 	 1
58.1 	 0.712793 	 0.941045 	 0.969911 	 1
58.2 	 0.736184 	 0.891644 	 0.943364 	 1
58.3 	 0.767246 	 0.828659 	 0.90729 	 1
58.4 	 0.800607 	 0.763309 	 0.866534 	 1
58.5 	 0.831094 	 0.705386 	 0.826562 	 1
58.6 	 0.854517 	 0.661669 	 0.792915 	 1
58.7 	 0.868033 	 0.635634 	 0.770574 	 1
58.8 	 0.870228 	 0.628381 	 0.76324 	 1
58.9 	 0.861069 	 0.640132 	 0.77261 	 1
59 	 0.841798 	 0.671122 	 0.797855 	 1
59.1 	 0.814807 	 0.720852 	 0.835485 	 1
59.2 	 0.783498 	 0.78582 	 0.879754 	 1
59.3 	 0.752097 	 0.857429 	 0.923588 	 1
59.4 	 0.725306 	 0.922269 	 0.959843 	 1
59.5 	 0.707679 	 0.965638 	 0.982624 	 1
59.6 	 0.702663 	 0.976863 	 0.988352 	 1
59.7 	 0.711603 	 0.9535 	 0.976355 	 1
59.8 	 0.733238 	 0.902083 	 0.948884 	 1
59.9 	 0.764045 	 0.835186 	 0.910601 	 1
60 	 0.799189 	 0.766641 	 0.867686 	 1
60.1 	 0.833559 	 0.707428 	 0.826759 	 1
60.2 	 0.862549 	 0.663932 	 0.793835 	 1
60.3 	 0.882536 	 0.638603 	 0.773468 	 1
60.4 	 0.891168 	 0.631821 	 0.768214 	 1
60.5 	 0.887512 	 0.643452 	 0.778441 	 1
60.6 	 0.872137 	 0.673197 	 0.802448 	 1
60.7 	 0.847107 	 0.719755 	 0.836796 	 1
60.8 	 0.815883 	 0.779449 	 0.876768 	 1
60.9 	 0.783061 	 0.845211 	 0.916892 	 1
61 	 0.753857 	 0.906669 	 0.951523 	 1
61.1 	 0.733237 	 0.951817 	 0.975511 	 1
61.2 	 0.724781 	 0.970154 	 0.984941 	 1
61.3 	 0.729693 	 0.956336 	 0.977852 	 1
61.4 	 0.746515 	 0.912693 	 0.954769 	 1
61.5 	 0.771744 	 0.848966 	 0.918871 	 1
61.6 	 0.800927 	 0.778982 	 0.87564 	 1
61.7 	 0.829648 	 0.715824 	 0.831996 	 1
61.8 	 0.854125 	 0.668176 	 0.795071 	 1
61.9 	 0.871472 	 0.639656 	 0.770894 	 1
62 	 0.879785 	 0.630773 	 0.763295 	 1
62.1 	 0.878175 	 0.641376 	 0.773278 	 1
62.2 	 0.866825 	 0.671478 	 0.798955 	 1
62.3 	 0.847063 	 0.719979 	 0.836004 	 1
62.4 	 0.821435 	 0.782521 	 0.878501 	 1
62.5 	 0.79367 	 0.850384 	 0.919934 	 1
62.6 	 0.768407 	 0.911565 	 0.954222 	 1
62.7 	 0.750516 	 0.953827 	 0.976562 	 1
62.8 	 0.743979 	 0.968342 	 0.984016 	 1
62.9 	 0.750663 	 0.952319 	 0.975781 	 1
63 	 0.769611 	 0.909604 	 0.953166 	 1
63.1 	 0.797359 	 0.849228 	 0.919335 	 1
63.2 	 0.82903 	 0.782659 	 0.878902 	 1
63.3 	 0.859563 	 0.720809 	 0.837403 	 1
63.4 	 0.884606 	 0.6718 	 0.800686 	 1
63.5 	 0.900982 	 0.640127 	 0.774193 	 1
63.6 	 0.906852 	 0.627351 	 0.762178 	 1
63.7 	 0.901708 	 0.633711 	 0.766959 	 1
63.8 	 0.886292 	 0.659409 	 0.788335 	 1
63.9 	 0.862498 	 0.704326 	 0.823394 	 1
64 	 0.833263 	 0.76599 	 0.866812 	 1
64.1 	 0.802416 	 0.837204 	 0.911701 	 1
64.2 	 0.774404 	 0.905605 	 0.950815 	 1
64.3 	 0.753769 	 0.956442 	 0.977887 	 1
64.4 	 0.744318 	 0.977633 	 0.988743 	 1
64.5 	 0.748136 	 0.964374 	 0.981978 	 1
64.6 	 0.76488 	 0.92077 	 0.95907 	 1
64.7 	 0.791815 	 0.85779 	 0.923966 	 1
64.8 	 0.824557 	 0.788963 	 0.882303 	 1
64.9 	 0.858096 	 0.726141 	 0.840434 	 1
65 	 0.887684 	 0.677109 	 0.804456 	 1
65.1 	 0.909427 	 0.645509 	 0.779382 	 1
65.2 	 0.920632 	 0.632314 	 0.76853 	 1
65.3 	 0.919998 	 0.637524 	 0.773189 	 1
65.4 	 0.907702 	 0.661009 	 0.792543 	 1
65.5 	 0.885399 	 0.702071 	 0.823833 	 1
65.6 	 0.856136 	 0.758114 	 0.862718 	 1
65.7 	 0.824119 	 0.82325 	 0.903778 	 1
65.8 	 0.794278 	 0.887861 	 0.941144 	 1
65.9 	 0.771536 	 0.939805 	 0.969229 	 1
66 	 0.759807 	 0.96737 	 0.98352 	 1
66.1 	 0.761008 	 0.963161 	 0.981364 	 1
66.2 	 0.774561 	 0.927241 	 0.962574 	 1
66.3 	 0.797689 	 0.867699 	 0.929695 	 1
66.4 	 0.826318 	 0.797919 	 0.887752 	 1
66.5 	 0.856044 	 0.73176 	 0.843477 	 1
66.6 	 0.882841 	 0.679297 	 0.804113 	 1
66.7 	 0.903439 	 0.645354 	 0.776079 	 1
66.8 	 0.9155 	 0.630998 	 0.763803 	 1
66.9 	 0.917711 	 0.636087 	 0.768992 	 1
67 	 0.909858 	 0.66061 	 0.790463 	 1
67.1 	 0.892907 	 0.703914 	 0.824523 	 1
67.2 	 0.869067 	 0.762738 	 0.865731 	 1
67.3 	 0.841747 	 0.82981 	 0.907846 	 1
67.4 	 0.815329 	 0.894241 	 0.944774 	 1
67.5 	 0.794586 	 0.943838 	 0.971372 	 1
67.6 	 0.783709 	 0.968424 	 0.984059 	 1
67.7 	 0.785149 	 0.962827 	 0.981198 	 1
67.8 	 0.798795 	 0.92839 	 0.96324 	 1
67.9 	 0.822009 	 0.872468 	 0.93264 	 1
68 	 0.850478 	 0.806147 	 0.893562 	 1
68.1 	 0.879375 	 0.741112 	 0.851395 	 1
68.2 	 0.904305 	 0.686827 	 0.812109 	 1
68.3 	 0.921873 	 0.649052 	 0.781503 	 1
68.4 	 0.929921 	 0.630089 	 0.764381 	 1
68.5 	 0.927565 	 0.630325 	 0.763746 	 1
68.6 	 0.915145 	 0.649857 	 0.780165 	 1
68.7 	 0.894129 	 0.688778 	 0.811467 	 1
68.8 	 0.867023 	 0.745562 	 0.852921 	 1
68.9 	 0.837243 	 0.814552 	 0.897948 	 1
69 	 0.808905 	 0.884753 	 0.939262 	 1
69.1 	 0.786418 	 0.941698 	 0.970198 	 1
69.2 	 0.773778 	 0.972099 	 0.985931 	 1
69.3 	 0.77364 	 0.968865 	 0.984281 	 1
69.4 	 0.786496 	 0.933663 	 0.965964 	 1
69.5 	 0.810436 	 0.875764 	 0.934285 	 1
69.6 	 0.841633 	 0.808171 	 0.894412 	 1
69.7 	 0.875288 	 0.743277 	 0.85245 	 1
69.8 	 0.906565 	 0.690002 	 0.814503 	 1
69.9 	 0.93129 	 0.653123 	 0.785868 	 1
70 	 0.946391 	 0.634325 	 0.770406 	 1
70.1 	 0.95013 	 0.633856 	 0.770131 	 1
70.2 	 0.942225 	 0.651685 	 0.78501 	 1
70.3 	 0.923861 	 0.68749 	 0.812983 	 1
70.4 	 0.897617 	 0.739533 	 0.850202 	 1
70.5 	 0.867265 	 0.803102 	 0.891471 	 1
70.6 	 0.837396 	 0.869589 	 0.930877 	 1
70.7 	 0.812801 	 0.927173 	 0.962548 	 1
70.8 	 0.797608 	 0.963419 	 0.981498 	 1
70.9 	 0.794337 	 0.969169 	 0.984439 	 1
71 	 0.80327 	 0.942123 	 0.970449 	 1
71.1 	 0.822458 	 0.888226 	 0.941309 	 1
71.2 	 0.848367 	 0.81979 	 0.901385 	 1
71.3 	 0.876783 	 0.751051 	 0.856999 	 1
71.4 	 0.903583 	 0.693497 	 0.815347 	 1
71.5 	 0.925229 	 0.653474 	 0.783195 	 1
71.6 	 0.939041 	 0.632906 	 0.765641 	 1
71.7 	 0.943338 	 0.631771 	 0.765245 	 1
71.8 	 0.937535 	 0.649976 	 0.781693 	 1
71.9 	 0.922237 	 0.68722 	 0.812035 	 1
72 	 0.899292 	 0.741279 	 0.851341 	 1
72.1 	 0.87178 	 0.806294 	 0.893604 	 1
72.2 	 0.843832 	 0.872529 	 0.932669 	 1
72.3 	 0.820155 	 0.928039 	 0.963055 	 1
72.4 	 0.805184 	 0.961685 	 0.980613 	 1
72.5 	 0.801973 	 0.966313 	 0.982983 	 1
72.6 	 0.811254 	 0.940922 	 0.969849 	 1
72.7 	 0.831184 	 0.89098 	 0.942981 	 1
72.8 	 0.857964 	 0.826753 	 0.906047 	 1
72.9 	 0.886918 	 0.760251 	 0.864195 	 1
73 	 0.91352 	 0.702022 	 0.823412 	 1
73.1 	 0.93406 	 0.659054 	 0.789733 	 1
73.2 	 0.945981 	 0.634529 	 0.768373 	 1
73.3 	 0.947967 	 0.629173 	 0.762895 	 1
73.4 	 0.939922 	 0.64306 	 0.774545 	 1
73.5 	 0.92289 	 0.676372 	 0.801892 	 1
73.6 	 0.89897 	 0.728281 	 0.840895 	 1
73.7 	 0.871205 	 0.794545 	 0.885469 	 1
73.8 	 0.843411 	 0.865756 	 0.928492 	 1
73.9 	 0.819835 	 0.928218 	 0.963066 	 1
74 	 0.804551 	 0.967856 	 0.983767 	 1
74.1 	 0.800613 	 0.975316 	 0.987567 	 1
74.2 	 0.809196 	 0.949447 	 0.974263 	 1
74.3 	 0.829167 	 0.897319 	 0.946339 	 1
74.4 	 0.857339 	 0.831103 	 0.908373 	 1
74.5 	 0.889268 	 0.76373 	 0.866194 	 1
74.6 	 0.920195 	 0.705456 	 0.825959 	 1
74.7 	 0.94581 	 0.662446 	 0.793323 	 1
74.8 	 0.962763 	 0.637294 	 0.772757 	 1
74.9 	 0.968958 	 0.630575 	 0.767044 	 1
75 	 0.96369 	 0.642299 	 0.776963 	 1
75.1 	 0.947688 	 0.67237 	 0.801168 	 1
75.2 	 0.923056 	 0.719758 	 0.83631 	 1
75.3 	 0.893121 	 0.78086 	 0.877417 	 1
75.4 	 0.862142 	 0.848142 	 0.91852 	 1
75.5 	 0.834803 	 0.910279 	 0.953472 	 1
75.6 	 0.815481 	 0.954391 	 0.976846 	 1
75.7 	 0.807332 	 0.96989 	 0.984808 	 1
75.8 	 0.811516 	 0.952372 	 0.975798 	 1
75.9 	 0.826929 	 0.905625 	 0.950919 	 1
76 	 0.850591 	 0.840518 	 0.913886 	 1
76.1 	 0.878468 	 0.771081 	 0.870514 	 1
76.2 	 0.906305 	 0.709771 	 0.82776 	 1
76.3 	 0.93025 	 0.66439 	 0.79251 	 1
76.4 	 0.947219 	 0.637973 	 0.770351 	 1
76.5 	 0.95511 	 0.63089 	 0.764607 	 1
76.6 	 0.952926 	 0.64302 	 0.77586 	 1
76.7 	 0.940874 	 0.67426 	 0.802007 	 1
76.8 	 0.920429 	 0.723233 	 0.838779 	 1
76.9 	 0.894328 	 0.785458 	 0.880548 	 1
77 	 0.866426 	 0.852527 	 0.921213 	 1
77.1 	 0.841301 	 0.913063 	 0.955031 	 1
77.2 	 0.823521 	 0.955261 	 0.977304 	 1
77.3 	 0.816613 	 0.970117 	 0.984924 	 1
77.4 	 0.822054 	 0.954174 	 0.976743 	 1
77.5 	 0.838795 	 0.910728 	 0.953761 	 1
77.6 	 0.863624 	 0.848907 	 0.919069 	 1
77.7 	 0.892121 	 0.780884 	 0.877514 	 1
77.8 	 0.919704 	 0.718331 	 0.835086 	 1
77.9 	 0.942403 	 0.669642 	 0.798097 	 1
78 	 0.957274 	 0.639053 	 0.77224 	 1
78.1 	 0.962562 	 0.627724 	 0.761681 	 1
78.2 	 0.957715 	 0.635696 	 0.768328 	 1
78.3 	 0.943333 	 0.663111 	 0.79142 	 1
78.4 	 0.921108 	 0.709599 	 0.827534 	 1
78.5 	 0.893741 	 0.772094 	 0.871064 	 1
78.6 	 0.864813 	 0.84276 	 0.91513 	 1
78.7 	 0.838517 	 0.909047 	 0.952746 	 1
78.8 	 0.819134 	 0.956738 	 0.978051 	 1
78.9 	 0.810232 	 0.974794 	 0.987303 	 1
79 	 0.81374 	 0.959438 	 0.979444 	 1
79.1 	 0.829308 	 0.91526 	 0.956133 	 1
79.2 	 0.854337 	 0.853004 	 0.921288 	 1
79.3 	 0.884665 	 0.785524 	 0.880322 	 1
79.4 	 0.915525 	 0.724019 	 0.839265 	 1
79.5 	 0.942414 	 0.675979 	 0.803926 	 1
79.6 	 0.961684 	 0.645104 	 0.779201 	 1
79.7 	 0.970885 	 0.632548 	 0.768515 	 1
79.8 	 0.968931 	 0.638467 	 0.773418 	 1
79.9 	 0.956143 	 0.662874 	 0.793342 	 1
80 	 0.934215 	 0.705238 	 0.825594 	 1
80.1 	 0.906083 	 0.762966 	 0.865616 	 1
80.2 	 0.875695 	 0.829732 	 0.907554 	 1
80.3 	 0.847587 	 0.895006 	 0.945081 	 1
80.4 	 0.826241 	 0.945757 	 0.972349 	 1
80.5 	 0.81523 	 0.970147 	 0.984939 	 1
80.6 	 0.816372 	 0.961728 	 0.980628 	 1
80.7 	 0.829264 	 0.922112 	 0.959831 	 1
80.8 	 0.851443 	 0.860595 	 0.925627 	 1
80.9 	 0.879097 	 0.790782 	 0.883323 	 1
81 	 0.907918 	 0.725887 	 0.83961 	 1
81.1 	 0.933817 	 0.675108 	 0.801429 	 1
81.2 	 0.953382 	 0.642708 	 0.774781 	 1
81.3 	 0.964149 	 0.629601 	 0.763705 	 1
81.4 	 0.964763 	 0.635659 	 0.769648 	 1
81.5 	 0.955077 	 0.660828 	 0.791351 	 1
81.6 	 0.936223 	 0.704337 	 0.825207 	 1
81.7 	 0.910618 	 0.762906 	 0.865979 	 1
81.8 	 0.881854 	 0.829461 	 0.907663 	 1
81.9 	 0.854383 	 0.893464 	 0.944341 	 1
82 	 0.832894 	 0.942962 	 0.970912 	 1
82.1 	 0.821357 	 0.967664 	 0.983673 	 1
82.2 	 0.821978 	 0.961974 	 0.980761 	 1
82.3 	 0.83452 	 0.926868 	 0.962422 	 1
82.4 	 0.856407 	 0.869789 	 0.931069 	 1
82.5 	 0.883533 	 0.802415 	 0.891072 	 1
82.6 	 0.911322 	 0.737112 	 0.848224 	 1
82.7 	 0.935586 	 0.683616 	 0.808941 	 1
82.8 	 0.953042 	 0.647419 	 0.779281 	 1
82.9 	 0.961537 	 0.630371 	 0.763972 	 1
83 	 0.960101 	 0.632624 	 0.765597 	 1
83.1 	 0.948927 	 0.65425 	 0.784111 	 1
83.2 	 0.929316 	 0.695167 	 0.816777 	 1
83.3 	 0.90362 	 0.753294 	 0.858548 	 1
83.4 	 0.875144 	 0.822295 	 0.902875 	 1
83.5 	 0.847928 	 0.890942 	 0.942789 	 1
83.6 	 0.826311 	 0.945263 	 0.972084 	 1
83.7 	 0.814188 	 0.972938 	 0.98636 	 1
83.8 	 0.814069 	 0.967722 	 0.9837 	 1
83.9 	 0.826296 	 0.931584 	 0.964879 	 1
84 	 0.848865 	 0.873555 	 0.933089 	 1
84.1 	 0.877961 	 0.806177 	 0.893291 	 1
84.2 	 0.908897 	 0.741501 	 0.851388 	 1
84.3 	 0.937042 	 0.688364 	 0.813367 	 1
84.4 	 0.958488 	 0.651644 	 0.784539 	 1
84.5 	 0.970449 	 0.633153 	 0.768921 	 1
84.6 	 0.971454 	 0.633219 	 0.768766 	 1
84.7 	 0.961416 	 0.651889 	 0.784241 	 1
84.8 	 0.941616 	 0.688972 	 0.813318 	 1
84.9 	 0.914607 	 0.742777 	 0.851926 	 1
85 	 0.884034 	 0.808258 	 0.89443 	 1
85.1 	 0.854291 	 0.875974 	 0.93442 	 1
85.2 	 0.829967 	 0.933124 	 0.965694 	 1
85.3 	 0.815049 	 0.966892 	 0.983276 	 1
85.4 	 0.81203 	 0.968821 	 0.984262 	 1
85.5 	 0.821261 	 0.938123 	 0.968339 	 1
85.6 	 0.840881 	 0.882134 	 0.93789 	 1
85.7 	 0.867382 	 0.813613 	 0.897643 	 1
85.8 	 0.896467 	 0.74623 	 0.853924 	 1
85.9 	 0.92385 	 0.690523 	 0.813612 	 1
86 	 0.945815 	 0.652177 	 0.783001 	 1
86.1 	 0.959546 	 0.63294 	 0.766754 	 1
86.2 	 0.963316 	 0.632847 	 0.767169 	 1
86.3 	 0.956602 	 0.651814 	 0.783886 	 1
86.4 	 0.940161 	 0.689467 	 0.814074 	 1
86.5 	 0.916055 	 0.74355 	 0.853005 	 1
86.6 	 0.88758 	 0.808315 	 0.894864 	 1
86.7 	 0.859017 	 0.874229 	 0.933621 	 1
86.8 	 0.835098 	 0.929479 	 0.963814 	 1
86.9 	 0.82014 	 0.962824 	 0.981197 	 1
87 	 0.816984 	 0.966796 	 0.983229 	 1
87.1 	 0.826155 	 0.940109 	 0.969419 	 1
87.2 	 0.845721 	 0.888319 	 0.941483 	 1
87.3 	 0.871927 	 0.822253 	 0.903241 	 1
87.4 	 0.900235 	 0.754663 	 0.860199 	 1
87.5 	 0.926263 	 0.696518 	 0.818793 	 1
87.6 	 0.946399 	 0.654657 	 0.785406 	 1
87.7 	 0.958095 	 0.63177 	 0.765321 	 1
87.8 	 0.959964 	 0.628209 	 0.761811 	 1
87.9 	 0.951791 	 0.643955 	 0.775563 	 1
88 	 0.934497 	 0.679096 	 0.804525 	 1
88.1 	 0.910102 	 0.732385 	 0.84423 	 1
88.2 	 0.881653 	 0.79895 	 0.888507 	 1
88.3 	 0.853049 	 0.869065 	 0.93049 	 1
88.4 	 0.828678 	 0.929423 	 0.963735 	 1
88.5 	 0.812735 	 0.966853 	 0.983257 	 1
88.6 	 0.808298 	 0.972838 	 0.986309 	 1
88.7 	 0.816422 	 0.946536 	 0.972756 	 1
88.8 	 0.835754 	 0.894795 	 0.944982 	 1
88.9 	 0.862894 	 0.829343 	 0.907392 	 1
89 	 0.893295 	 0.762764 	 0.86565 	 1
89.1 	 0.922237 	 0.705186 	 0.825812 	 1
89.2 	 0.945578 	 0.662819 	 0.793516 	 1
89.3 	 0.960207 	 0.638355 	 0.773297 	 1
89.4 	 0.964281 	 0.632455 	 0.768043 	 1
89.5 	 0.957311 	 0.64519 	 0.778627 	 1
89.6 	 0.940167 	 0.676519 	 0.803713 	 1
89.7 	 0.915009 	 0.725405 	 0.839825 	 1
89.8 	 0.885141 	 0.787999 	 0.88172 	 1
89.9 	 0.854743 	 0.856161 	 0.923083 	 1
90 	 0.828411 	 0.917761 	 0.957489 	 1
90.1 	 0.810433 	 0.959447 	 0.979455 	 1
90.2 	 0.803898 	 0.971027 	 0.985388 	 1
90.3 	 0.809888 	 0.949357 	 0.974227 	 1
90.4 	 0.82719 	 0.89966 	 0.94764 	 1
90.5 	 0.852679 	 0.833543 	 0.90976 	 1
90.6 	 0.882135 	 0.764768 	 0.866506 	 1
90.7 	 0.911118 	 0.704943 	 0.824628 	 1
90.8 	 0.935615 	 0.66113 	 0.790613 	 1
90.9 	 0.952444 	 0.636067 	 0.769645 	 1
91 	 0.959492 	 0.630117 	 0.764793 	 1
91.1 	 0.955848 	 0.643184 	 0.776576 	 1
91.2 	 0.941891 	 0.67514 	 0.802967 	 1
91.3 	 0.919322 	 0.724593 	 0.83982 	 1
91.4 	 0.891126 	 0.787092 	 0.881593 	 1
91.5 	 0.861379 	 0.854246 	 0.922204 	 1
91.6 	 0.834814 	 0.914619 	 0.95587 	 1
91.7 	 0.81605 	 0.956287 	 0.977835 	 1
91.8 	 0.808551 	 0.970157 	 0.984944 	 1
91.9 	 0.813647 	 0.952812 	 0.976039 	 1
92 	 0.83014 	 0.907794 	 0.952172 	 1
92.1 	 0.854716 	 0.844669 	 0.916574 	 1
92.2 	 0.882925 	 0.776084 	 0.874325 	 1
92.3 	 0.910202 	 0.713952 	 0.831696 	 1
92.4 	 0.932591 	 0.666513 	 0.795219 	 1
92.5 	 0.947139 	 0.637587 	 0.77062 	 1
92.6 	 0.952053 	 0.627986 	 0.76184 	 1
92.7 	 0.946726 	 0.637644 	 0.770337 	 1
92.8 	 0.931725 	 0.666656 	 0.794831 	 1
92.9 	 0.908765 	 0.714351 	 0.831514 	 1
93 	 0.880649 	 0.777117 	 0.874676 	 1
93.1 	 0.851141 	 0.846746 	 0.917637 	 1
93.2 	 0.824642 	 0.910905 	 0.95381 	 1
93.3 	 0.805591 	 0.956117 	 0.97774 	 1
93.4 	 0.797551 	 0.97211 	 0.985939 	 1
93.5 	 0.802232 	 0.955442 	 0.977391 	 1
93.6 	 0.818916 	 0.91059 	 0.953646 	 1
93.7 	 0.844628 	 0.848061 	 0.918484 	 1
93.8 	 0.87497 	 0.780606 	 0.877257 	 1
93.9 	 0.90514 	 0.719455 	 0.836043 	 1
94 	 0.930762 	 0.672123 	 0.800772 	 1
94.1 	 0.948412 	 0.642253 	 0.776457 	 1
94.2 	 0.955884 	 0.630917 	 0.766579 	 1
94.3 	 0.952297 	 0.638244 	 0.772654 	 1
94.4 	 0.938114 	 0.664287 	 0.793988 	 1
94.5 	 0.915096 	 0.708518 	 0.827672 	 1
94.6 	 0.886192 	 0.768151 	 0.868874 	 1
94.7 	 0.85533 	 0.83636 	 0.911458 	 1
94.8 	 0.827039 	 0.901946 	 0.948893 	 1
94.9 	 0.805827 	 0.951428 	 0.975304 	 1
95 	 0.795315 	 0.973164 	 0.986476 	 1
95.1 	 0.797338 	 0.961639 	 0.980583 	 1
95.2 	 0.811418 	 0.919661 	 0.958513 	 1
95.3 	 0.834922 	 0.85727 	 0.923717 	 1
95.4 	 0.8638 	 0.787977 	 0.881626 	 1
95.5 	 0.893506 	 0.724308 	 0.83876 	 1
95.6 	 0.919754 	 0.674776 	 0.801692 	 1
95.7 	 0.939011 	 0.643354 	 0.776029 	 1
95.8 	 0.948782 	 0.630982 	 0.76556 	 1
95.9 	 0.947768 	 0.637614 	 0.771704 	 1
96 	 0.935968 	 0.663201 	 0.793347 	 1
96.1 	 0.914722 	 0.70699 	 0.827076 	 1
96.2 	 0.886698 	 0.765764 	 0.867764 	 1
96.3 	 0.855755 	 0.83245 	 0.909387 	 1
96.4 	 0.826597 	 0.896335 	 0.945901 	 1
96.5 	 0.804109 	 0.945159 	 0.972056 	 1
96.6 	 0.792357 	 0.968419 	 0.984059 	 1
96.7 	 0.7935 	 0.960615 	 0.980062 	 1
96.8 	 0.807123 	 0.923176 	 0.96044 	 1
96.9 	 0.830415 	 0.864187 	 0.927831 	 1
97 	 0.859053 	 0.795884 	 0.886876 	 1
97.1 	 0.888294 	 0.730839 	 0.843639 	 1
97.2 	 0.913821 	 0.678558 	 0.804716 	 1
97.3 	 0.932237 	 0.644054 	 0.776188 	 1
97.4 	 0.941277 	 0.628768 	 0.762584 	 1
97.5 	 0.939884 	 0.632714 	 0.766094 	 1
97.6 	 0.928212 	 0.655961 	 0.786189 	 1
97.7 	 0.907614 	 0.698246 	 0.819729 	 1
97.8 	 0.880601 	 0.757034 	 0.861501 	 1
97.9 	 0.850743 	 0.825589 	 0.905089 	 1
98 	 0.822417 	 0.892766 	 0.943881 	 1
98.1 	 0.800282 	 0.945237 	 0.972089 	 1
98.2 	 0.788406 	 0.971439 	 0.985597 	 1
98.3 	 0.789215 	 0.965481 	 0.982557 	 1
98.4 	 0.802709 	 0.929157 	 0.963617 	 1
98.5 	 0.826415 	 0.87112 	 0.931769 	 1
98.6 	 0.856114 	 0.803718 	 0.891846 	 1
98.7 	 0.886908 	 0.739082 	 0.849758 	 1
98.8 	 0.914158 	 0.686217 	 0.811629 	 1
98.9 	 0.934094 	 0.650072 	 0.782941 	 1
99 	 0.944143 	 0.632418 	 0.767827 	 1
99.1 	 0.943056 	 0.63353 	 0.768532 	 1
99.2 	 0.930939 	 0.653447 	 0.785097 	 1
99.3 	 0.90922 	 0.69195 	 0.815281 	 1
99.4 	 0.880564 	 0.747173 	 0.854769 	 1
99.5 	 0.848715 	 0.813671 	 0.897697 	 1
99.6 	 0.818183 	 0.881449 	 0.937486 	 1
99.7 	 0.793707 	 0.937276 	 0.967885 	 1
99.8 	 0.779417 	 0.968374 	 0.984034 	 1
99.9 	 0.777856 	 0.966996 	 0.983329 	 1
100 	 0.789243 	 0.933485 	 0.965881 	 1
