time = tau * tau_parallel
rms: rms distance of hole to its origin
rms std: estimated standard error on the mean of rms from 100 samples
IPR: inverse participation ratio, IPR(tau) = sum_i (n_h(i,tau))^2, with hole density n_h(i,tau) at site i at time tau.
IPR std: estimated standard error on the mean of IPR from 100 samples
return prob: probability of the hole to return to its origin, n_h(0,tau).
return prob std: estimated standard error on the mean of return prob from 100 samples
leg imbalance: difference between the occupation in the two legs of the ladder (see Eq. (15) in the manuscript).
leg imbalance std: estimated standard error on the mean of leg imbalance from 100 samples


time, rms, rms std, IPR, IPR std, return prob, return prob std, leg imbalance, leg imbalance std
0 	 3.42027e-07 	 0 	 1 	 0 	 1 	 0 	 1 	 2.50997e-16
0.1 	 0.0999147 	 1.92613e-06 	 0.980378 	 2.37841e-06 	 0.990091 	 1.21322e-06 	 1 	 6.96291e-16
0.2 	 0.193518 	 4.82526e-05 	 0.92977 	 0.000104577 	 0.96357 	 5.63671e-05 	 1 	 7.61131e-16
0.3 	 0.275643 	 0.000169867 	 0.866713 	 0.000464482 	 0.928317 	 0.000270651 	 1 	 5.66105e-16
0.4 	 0.34263 	 0.000382842 	 0.808786 	 0.00113366 	 0.893381 	 0.000717992 	 1 	 9.74217e-16
0.5 	 0.392723 	 0.00069353 	 0.766258 	 0.00209429 	 0.865962 	 0.00142381 	 1 	 1.0636e-15
0.6 	 0.426643 	 0.00108061 	 0.741914 	 0.00328453 	 0.849691 	 0.00233859 	 1 	 8.35746e-16
0.7 	 0.447601 	 0.00149334 	 0.733644 	 0.00456834 	 0.844421 	 0.00331665 	 1 	 1.46589e-15
0.8 	 0.46058 	 0.0018745 	 0.736551 	 0.0057245 	 0.847037 	 0.00415205 	 1 	 1.65337e-15
0.9 	 0.471003 	 0.00218468 	 0.744079 	 0.00652355 	 0.852771 	 0.00467705 	 1 	 1.16676e-15
1 	 0.483094 	 0.00241271 	 0.749418 	 0.00689933 	 0.856841 	 0.00488201 	 1 	 2.0428e-15
1.1 	 0.498982 	 0.00256278 	 0.74734 	 0.00700696 	 0.855784 	 0.00491851 	 1 	 2.05383e-15
1.2 	 0.519001 	 0.00263768 	 0.735477 	 0.00701041 	 0.847971 	 0.00493794 	 1 	 1.52001e-15
1.3 	 0.542416 	 0.00264088 	 0.71453 	 0.0068275 	 0.833516 	 0.00491883 	 1 	 1.54415e-15
1.4 	 0.567997 	 0.00259088 	 0.68745 	 0.00623503 	 0.813873 	 0.00471342 	 1 	 1.45604e-15
1.5 	 0.594459 	 0.00252538 	 0.658158 	 0.00521295 	 0.791356 	 0.0042646 	 1 	 1.52181e-15
1.6 	 0.62077 	 0.00248589 	 0.630337 	 0.00408834 	 0.768665 	 0.00373645 	 1 	 1.76475e-15
1.7 	 0.646337 	 0.00250283 	 0.606485 	 0.00347507 	 0.74826 	 0.00350622 	 1 	 1.70756e-15
1.8 	 0.670887 	 0.00260704 	 0.587583 	 0.00388724 	 0.731758 	 0.00396419 	 1 	 1.67436e-15
1.9 	 0.694129 	 0.00283225 	 0.57344 	 0.00508306 	 0.71963 	 0.00511616 	 1 	 1.74877e-15
2 	 0.715668 	 0.0031879 	 0.563149 	 0.00657053 	 0.711217 	 0.0066494 	 1 	 1.1946e-15
2.1 	 0.735278 	 0.00364889 	 0.555423 	 0.00802834 	 0.705118 	 0.00823798 	 1 	 2.07374e-15
2.2 	 0.753196 	 0.00416713 	 0.54894 	 0.00924923 	 0.699829 	 0.00966215 	 1 	 1.56354e-15
2.3 	 0.770145 	 0.00468198 	 0.542668 	 0.0101404 	 0.694276 	 0.0108477 	 1 	 1.21956e-15
2.4 	 0.787072 	 0.00513344 	 0.536036 	 0.0107084 	 0.688021 	 0.0118113 	 1 	 1.79553e-15
2.5 	 0.804659 	 0.00548381 	 0.528923 	 0.0109923 	 0.681166 	 0.0125449 	 1 	 1.88883e-15
2.6 	 0.822923 	 0.00572958 	 0.521542 	 0.0110336 	 0.67411 	 0.0129721 	 1 	 2.33704e-15
2.7 	 0.841145 	 0.00589207 	 0.514333 	 0.0108891 	 0.667373 	 0.0130112 	 1 	 1.11392e-15
2.8 	 0.858218 	 0.00599997 	 0.507844 	 0.0106126 	 0.661475 	 0.0126309 	 1 	 1.13944e-15
2.9 	 0.873187 	 0.00607396 	 0.502572 	 0.0102135 	 0.65683 	 0.0118527 	 1 	 2.08953e-15
3 	 0.885695 	 0.00611612 	 0.49887 	 0.00966136 	 0.653723 	 0.0107648 	 1 	 2.29744e-15
3.1 	 0.896117 	 0.00611131 	 0.496886 	 0.00894927 	 0.652312 	 0.00956312 	 1 	 1.06553e-15
3.2 	 0.905351 	 0.00604312 	 0.496514 	 0.00815656 	 0.652613 	 0.00853681 	 1 	 1.93539e-15
3.3 	 0.914364 	 0.00591168 	 0.497434 	 0.00743744 	 0.65449 	 0.00791761 	 1 	 1.80958e-15
3.4 	 0.923775 	 0.00574276 	 0.499245 	 0.0069353 	 0.657666 	 0.00770203 	 1 	 1.60674e-15
3.5 	 0.933621 	 0.00558515 	 0.501636 	 0.00671536 	 0.661779 	 0.00769772 	 1 	 1.56966e-15
3.6 	 0.943415 	 0.00549337 	 0.504518 	 0.00676205 	 0.666528 	 0.00773036 	 1 	 1.51369e-15
3.7 	 0.952497 	 0.00550671 	 0.508005 	 0.0070314 	 0.671755 	 0.00776273 	 1 	 1.44566e-15
3.8 	 0.960463 	 0.0056396 	 0.512263 	 0.00753392 	 0.677407 	 0.00790056 	 1 	 1.28996e-15
3.9 	 0.967354 	 0.00587884 	 0.517377 	 0.00833468 	 0.683473 	 0.00830746 	 1 	 2.02833e-15
4 	 0.973564 	 0.00618412 	 0.5232 	 0.00943661 	 0.689825 	 0.00905297 	 1 	 1.44044e-15
4.1 	 0.979629 	 0.00650118 	 0.529196 	 0.0107161 	 0.696022 	 0.010036 	 1 	 1.57575e-15
4.2 	 0.986027 	 0.00678411 	 0.534516 	 0.0119803 	 0.701369 	 0.0110485 	 1 	 1.78405e-15
4.3 	 0.992943 	 0.00701045 	 0.538456 	 0.0130484 	 0.705327 	 0.0118836 	 1 	 1.62243e-15
4.4 	 1.00015 	 0.00717896 	 0.541009 	 0.013786 	 0.707961 	 0.0123994 	 1 	 1.6342e-15
4.5 	 1.00714 	 0.00729908 	 0.543053 	 0.0140994 	 0.710101 	 0.0125134 	 1 	 2.48253e-15
4.6 	 1.01339 	 0.00738401 	 0.546043 	 0.0139296 	 0.713095 	 0.0121736 	 1 	 1.89064e-15
4.7 	 1.01857 	 0.00744753 	 0.551457 	 0.0132815 	 0.718301 	 0.0113837 	 1 	 1.1133e-15
4.8 	 1.02257 	 0.00750488 	 0.56028 	 0.0122967 	 0.726472 	 0.0103 	 1 	 1.35419e-15
4.9 	 1.02565 	 0.00757379 	 0.572555 	 0.0113486 	 0.737279 	 0.00930431 	 1 	 2.41741e-15
5 	 1.0284 	 0.00766988 	 0.58693 	 0.0109627 	 0.749172 	 0.00883899 	 1 	 1.28731e-15
5.1 	 1.0316 	 0.00779969 	 0.600509 	 0.0113233 	 0.759735 	 0.008977 	 1 	 1.28358e-15
5.2 	 1.03596 	 0.00795917 	 0.6097 	 0.0120597 	 0.766558 	 0.00940494 	 1 	 1.66081e-15
5.3 	 1.04186 	 0.00813972 	 0.612054 	 0.0129151 	 0.768259 	 0.00996716 	 1 	 3.3148e-15
5.4 	 1.04933 	 0.00833433 	 0.607723 	 0.0140943 	 0.765074 	 0.0108448 	 1 	 2.39321e-15
5.5 	 1.05797 	 0.00854247 	 0.599324 	 0.015702 	 0.758755 	 0.0121509 	 1 	 2.23826e-15
5.6 	 1.0671 	 0.00876608 	 0.590528 	 0.0173351 	 0.751927 	 0.0135916 	 1 	 1.72908e-15
5.7 	 1.076 	 0.00899845 	 0.58454 	 0.0184262 	 0.747195 	 0.0146487 	 1 	 1.37526e-15
5.8 	 1.08415 	 0.00921848 	 0.583257 	 0.0186533 	 0.746284 	 0.0149583 	 1 	 1.61312e-15
5.9 	 1.09135 	 0.00939851 	 0.587079 	 0.0180689 	 0.74953 	 0.014534 	 1 	 1.82128e-15
6 	 1.09768 	 0.00951793 	 0.595035 	 0.0171111 	 0.755894 	 0.013783 	 1 	 1.75503e-15
6.1 	 1.10339 	 0.00957205 	 0.604972 	 0.0164765 	 0.763418 	 0.0132803 	 1 	 1.39798e-15
6.2 	 1.10879 	 0.00957467 	 0.613937 	 0.0165909 	 0.769845 	 0.0133061 	 1 	 1.85518e-15
6.3 	 1.11421 	 0.00955233 	 0.618883 	 0.0170889 	 0.773188 	 0.0135927 	 1 	 1.98913e-15
6.4 	 1.11989 	 0.00953114 	 0.61758 	 0.0172504 	 0.772139 	 0.0136868 	 1 	 1.44897e-15
6.5 	 1.12597 	 0.00952703 	 0.609431 	 0.0168864 	 0.766314 	 0.0134606 	 1 	 2.27979e-15
6.6 	 1.13247 	 0.00954704 	 0.595833 	 0.0165758 	 0.756393 	 0.013271 	 1 	 2.24346e-15
6.7 	 1.13935 	 0.0095954 	 0.579726 	 0.0169572 	 0.744054 	 0.0136252 	 1 	 1.9544e-15
6.8 	 1.14653 	 0.00967826 	 0.564385 	 0.0178951 	 0.731559 	 0.0145595 	 1 	 1.5999e-15
6.9 	 1.15392 	 0.00980332 	 0.55224 	 0.0187323 	 0.721103 	 0.0155384 	 1 	 1.17553e-15
7 	 1.16146 	 0.00997238 	 0.544433 	 0.0189794 	 0.714199 	 0.0159764 	 1 	 1.72035e-15
7.1 	 1.16923 	 0.0101757 	 0.540945 	 0.0185206 	 0.711262 	 0.0156522 	 1 	 9.48575e-16
7.2 	 1.17734 	 0.0103975 	 0.540857 	 0.0175412 	 0.711528 	 0.0147711 	 1 	 2.25563e-15
7.3 	 1.18589 	 0.0106244 	 0.542533 	 0.0164015 	 0.713336 	 0.0137676 	 1 	 2.44277e-15
7.4 	 1.19483 	 0.01085 	 0.543863 	 0.0153943 	 0.714678 	 0.0129511 	 1 	 1.71237e-15
7.5 	 1.20407 	 0.0110704 	 0.542796 	 0.0144914 	 0.71382 	 0.0122636 	 1 	 1.39209e-15
7.6 	 1.21341 	 0.0112824 	 0.538124 	 0.0134692 	 0.709812 	 0.0114516 	 1 	 1.78712e-15
7.7 	 1.22254 	 0.0114838 	 0.53002 	 0.01234 	 0.702735 	 0.0104705 	 1 	 2.5519e-15
7.8 	 1.23114 	 0.0116728 	 0.519913 	 0.0114959 	 0.693591 	 0.0096779 	 1 	 1.57662e-15
7.9 	 1.23893 	 0.0118436 	 0.509747 	 0.0113199 	 0.68389 	 0.00956916 	 1 	 1.3374e-15
8 	 1.24572 	 0.0119903 	 0.501179 	 0.011737 	 0.675147 	 0.0102083 	 1 	 1.93751e-15
8.1 	 1.25144 	 0.0121154 	 0.495145 	 0.012341 	 0.6685 	 0.0111482 	 1 	 2.12527e-15
8.2 	 1.25623 	 0.0122337 	 0.491839 	 0.0127932 	 0.66451 	 0.0119059 	 1 	 2.58019e-15
8.3 	 1.26036 	 0.0123638 	 0.490935 	 0.0129588 	 0.663144 	 0.0122399 	 1 	 1.71836e-15
8.4 	 1.2642 	 0.0125129 	 0.491802 	 0.01286 	 0.66386 	 0.0121577 	 1 	 2.0658e-15
8.5 	 1.26818 	 0.0126718 	 0.493648 	 0.0126137 	 0.66577 	 0.0118342 	 1 	 2.96591e-15
8.6 	 1.27269 	 0.0128213 	 0.495637 	 0.0123463 	 0.667885 	 0.0114666 	 1 	 1.59733e-15
8.7 	 1.27796 	 0.0129403 	 0.497093 	 0.012092 	 0.669443 	 0.0111381 	 1 	 1.21337e-15
8.8 	 1.28396 	 0.0130141 	 0.497728 	 0.0117944 	 0.670147 	 0.0108122 	 1 	 1.47752e-15
8.9 	 1.29048 	 0.0130477 	 0.497755 	 0.0114318 	 0.670222 	 0.0104522 	 1 	 2.13972e-15
9 	 1.29716 	 0.0130669 	 0.49777 	 0.0111026 	 0.670266 	 0.0101176 	 1 	 1.54326e-15
9.1 	 1.30357 	 0.0131013 	 0.498422 	 0.0109684 	 0.670921 	 0.00994249 	 1 	 2.08625e-15
9.2 	 1.30946 	 0.0131667 	 0.500051 	 0.0111309 	 0.67253 	 0.0100428 	 1 	 1.63378e-15
9.3 	 1.31478 	 0.0132612 	 0.502557 	 0.0115584 	 0.674977 	 0.0104254 	 1 	 1.74367e-15
9.4 	 1.31964 	 0.0133703 	 0.505549 	 0.0121184 	 0.677849 	 0.0109706 	 1 	 2.1528e-15
9.5 	 1.32415 	 0.0134755 	 0.508645 	 0.012687 	 0.680758 	 0.0115275 	 1 	 1.53882e-15
9.6 	 1.32834 	 0.013562 	 0.511747 	 0.0132118 	 0.683602 	 0.0119984 	 1 	 1.86988e-15
9.7 	 1.33216 	 0.0136243 	 0.515163 	 0.0136711 	 0.686667 	 0.0123326 	 1 	 2.47729e-15
9.8 	 1.33552 	 0.0136671 	 0.519512 	 0.0140196 	 0.690531 	 0.012498 	 1 	 2.54519e-15
9.9 	 1.3384 	 0.0137059 	 0.525436 	 0.014222 	 0.695804 	 0.0124988 	 1 	 1.37676e-15
10 	 1.3409 	 0.0137622 	 0.533262 	 0.0143494 	 0.702777 	 0.0124254 	 1 	 1.29579e-15
10.1 	 1.34335 	 0.0138526 	 0.542731 	 0.0146015 	 0.711123 	 0.0124593 	 1 	 1.61863e-15
10.2 	 1.34618 	 0.013974 	 0.552838 	 0.0151543 	 0.719811 	 0.0127502 	 1 	 1.29208e-15
10.3 	 1.34982 	 0.0141026 	 0.561952 	 0.0159555 	 0.727416 	 0.0132599 	 1 	 2.1426e-15
10.4 	 1.35452 	 0.0142108 	 0.568414 	 0.0167341 	 0.732722 	 0.0137931 	 1 	 2.01648e-15
10.5 	 1.36024 	 0.0142877 	 0.571409 	 0.0172363 	 0.735269 	 0.0141826 	 1 	 1.46869e-15
10.6 	 1.36663 	 0.0143448 	 0.571489 	 0.0174258 	 0.735569 	 0.0144092 	 1 	 1.76786e-15
10.7 	 1.37322 	 0.0144068 	 0.570326 	 0.0174943 	 0.734899 	 0.0145942 	 1 	 1.1825e-15
10.8 	 1.37957 	 0.014493 	 0.56994 	 0.0177034 	 0.734801 	 0.0148928 	 1 	 1.87719e-15
10.9 	 1.38544 	 0.0146046 	 0.571899 	 0.0182024 	 0.736501 	 0.0153757 	 1 	 2.03877e-15
11 	 1.39083 	 0.0147269 	 0.576863 	 0.0190281 	 0.740487 	 0.0160467 	 1 	 1.42851e-15
11.1 	 1.39596 	 0.0148423 	 0.584478 	 0.0202214 	 0.746374 	 0.0169256 	 1 	 1.904e-15
11.2 	 1.40113 	 0.0149375 	 0.593519 	 0.0217815 	 0.753106 	 0.0179973 	 1 	 1.70756e-15
11.3 	 1.40662 	 0.0150058 	 0.602276 	 0.0234978 	 0.759379 	 0.0191002 	 1 	 1.01146e-15
11.4 	 1.41258 	 0.0150482 	 0.609105 	 0.0249641 	 0.764092 	 0.0199685 	 1 	 1.97843e-15
11.5 	 1.41907 	 0.0150724 	 0.612907 	 0.0258073 	 0.766617 	 0.0203949 	 1 	 1.55123e-15
11.6 	 1.42607 	 0.0150887 	 0.613261 	 0.0258805 	 0.766801 	 0.0203316 	 1 	 2.35048e-15
11.7 	 1.43355 	 0.0151076 	 0.610321 	 0.0252837 	 0.764815 	 0.0198729 	 1 	 2.30131e-15
11.8 	 1.44153 	 0.0151369 	 0.604721 	 0.0242664 	 0.761083 	 0.0191776 	 1 	 1.61439e-15
11.9 	 1.45 	 0.0151806 	 0.597521 	 0.0231179 	 0.756259 	 0.0184095 	 1 	 1.49594e-15
12 	 1.45897 	 0.0152413 	 0.59004 	 0.0220958 	 0.751192 	 0.0177143 	 1 	 1.9586e-15
12.1 	 1.46834 	 0.0153216 	 0.583607 	 0.0213917 	 0.746793 	 0.0172169 	 1 	 1.71357e-15
12.2 	 1.47788 	 0.0154253 	 0.579265 	 0.02113 	 0.743835 	 0.017022 	 1 	 1.82728e-15
12.3 	 1.48722 	 0.0155516 	 0.577473 	 0.0213886 	 0.742669 	 0.0172163 	 1 	 1.22068e-15
12.4 	 1.49605 	 0.0156873 	 0.57786 	 0.0221916 	 0.742985 	 0.0178455 	 1 	 1.83588e-15
12.5 	 1.50431 	 0.0158071 	 0.579147 	 0.0234135 	 0.743793 	 0.0188324 	 1 	 2.28219e-15
12.6 	 1.51223 	 0.0158872 	 0.579391 	 0.0246711 	 0.743708 	 0.0199067 	 1 	 5.16781e-16
12.7 	 1.52027 	 0.0159187 	 0.576637 	 0.0254071 	 0.741429 	 0.0206724 	 1 	 1.99737e-15
12.8 	 1.52892 	 0.0159065 	 0.569714 	 0.0251707 	 0.736194 	 0.020786 	 1 	 1.48722e-15
12.9 	 1.53858 	 0.0158605 	 0.558741 	 0.0238627 	 0.72802 	 0.0201074 	 1 	 1.38914e-15
13 	 1.54938 	 0.0157892 	 0.545106 	 0.0217856 	 0.717711 	 0.0187608 	 1 	 1.58009e-15
13.1 	 1.56108 	 0.0157019 	 0.530978 	 0.0195001 	 0.706695 	 0.0171045 	 1 	 1.01281e-15
13.2 	 1.57311 	 0.015608 	 0.518541 	 0.0175517 	 0.69666 	 0.0155785 	 1 	 2.16738e-15
13.3 	 1.58485 	 0.0155132 	 0.509296 	 0.0162086 	 0.689031 	 0.0144657 	 1 	 1.85481e-15
13.4 	 1.59578 	 0.0154232 	 0.503768 	 0.0154291 	 0.68452 	 0.0137849 	 1 	 1.92545e-15
13.5 	 1.60558 	 0.0153493 	 0.501562 	 0.0150884 	 0.682931 	 0.0134556 	 1 	 1.9322e-15
13.6 	 1.61423 	 0.0153072 	 0.501543 	 0.0151777 	 0.683239 	 0.0134919 	 1 	 2.32618e-15
13.7 	 1.62199 	 0.0153093 	 0.502054 	 0.0157155 	 0.683906 	 0.0139352 	 1 	 1.22125e-15
13.8 	 1.62927 	 0.0153536 	 0.501304 	 0.0164783 	 0.683351 	 0.0146243 	 1 	 1.41985e-15
13.9 	 1.63649 	 0.015423 	 0.497898 	 0.0169706 	 0.680413 	 0.0151637 	 1 	 1.98396e-15
14 	 1.64391 	 0.0154972 	 0.491378 	 0.0167746 	 0.674705 	 0.0151818 	 1 	 1.88084e-15
14.1 	 1.65167 	 0.0155676 	 0.482496 	 0.015874 	 0.666764 	 0.0145805 	 1 	 1.89498e-15
14.2 	 1.65979 	 0.0156411 	 0.472928 	 0.0146107 	 0.657917 	 0.0135628 	 1 	 1.79591e-15
14.3 	 1.66829 	 0.0157271 	 0.464482 	 0.0133834 	 0.649784 	 0.012474 	 1 	 1.97427e-15
14.4 	 1.67729 	 0.015823 	 0.458315 	 0.0124101 	 0.643662 	 0.0115842 	 1 	 2.08362e-15
14.5 	 1.68697 	 0.0159145 	 0.454694 	 0.0117127 	 0.640124 	 0.01096 	 1 	 2.15725e-15
14.6 	 1.69733 	 0.0159899 	 0.453221 	 0.0112263 	 0.638973 	 0.0105214 	 1 	 1.29155e-15
14.7 	 1.70808 	 0.0160542 	 0.453196 	 0.0109182 	 0.639469 	 0.0102182 	 1 	 1.83065e-15
14.8 	 1.71866 	 0.0161283 	 0.453927 	 0.0108587 	 0.640741 	 0.0101402 	 1 	 1.6182e-15
14.9 	 1.72842 	 0.0162334 	 0.454982 	 0.0111571 	 0.642197 	 0.0104297 	 1 	 1.12675e-15
15 	 1.73683 	 0.0163735 	 0.456308 	 0.0117913 	 0.643722 	 0.0110615 	 1 	 2.45647e-15
15.1 	 1.74361 	 0.0165344 	 0.458129 	 0.0125537 	 0.645568 	 0.0117903 	 1 	 1.97323e-15
15.2 	 1.74885 	 0.0166955 	 0.460664 	 0.013182 	 0.64804 	 0.012335 	 1 	 2.51814e-15
15.3 	 1.75302 	 0.0168438 	 0.463856 	 0.0134928 	 0.651177 	 0.0125358 	 1 	 2.30429e-15
15.4 	 1.75687 	 0.0169756 	 0.467295 	 0.0134343 	 0.654626 	 0.0123837 	 1 	 1.64589e-15
15.5 	 1.76121 	 0.0170916 	 0.470405 	 0.013111 	 0.657829 	 0.0120135 	 1 	 1.18424e-15
15.6 	 1.76658 	 0.0171958 	 0.472725 	 0.0127764 	 0.66031 	 0.0116743 	 1 	 1.19231e-15
15.7 	 1.77313 	 0.0172937 	 0.474112 	 0.0127093 	 0.661892 	 0.0116079 	 1 	 1.74367e-15
15.8 	 1.78055 	 0.0173878 	 0.474824 	 0.0130132 	 0.662772 	 0.0118815 	 1 	 1.69468e-15
15.9 	 1.78834 	 0.0174737 	 0.475485 	 0.0135626 	 0.663502 	 0.0123581 	 1 	 1.90004e-15
16 	 1.79599 	 0.0175455 	 0.476896 	 0.0141438 	 0.664834 	 0.0128273 	 1 	 1.72194e-15
16.1 	 1.80311 	 0.0176037 	 0.479755 	 0.0145945 	 0.667451 	 0.0131307 	 1 	 2.21983e-15
16.2 	 1.80946 	 0.017658 	 0.484414 	 0.0148555 	 0.671681 	 0.0132163 	 1 	 1.98396e-15
16.3 	 1.81498 	 0.0177232 	 0.490804 	 0.0149685 	 0.677408 	 0.013143 	 1 	 1.14424e-15
16.4 	 1.81982 	 0.0178113 	 0.498513 	 0.0150328 	 0.684172 	 0.0130296 	 1 	 2.34582e-15
16.5 	 1.82423 	 0.0179243 	 0.506932 	 0.0151413 	 0.691376 	 0.012974 	 1 	 1.93927e-15
16.6 	 1.82858 	 0.0180526 	 0.515381 	 0.0153422 	 0.698427 	 0.0130164 	 1 	 1.84741e-15
16.7 	 1.83327 	 0.0181809 	 0.523155 	 0.0156325 	 0.704769 	 0.0131517 	 1 	 1.92261e-15
16.8 	 1.83872 	 0.0182992 	 0.529531 	 0.0159779 	 0.709866 	 0.0133574 	 1 	 2.0124e-15
16.9 	 1.84513 	 0.0184114 	 0.533877 	 0.0163497 	 0.713288 	 0.0136242 	 1 	 1.68252e-15
17 	 1.85246 	 0.0185289 	 0.535878 	 0.0167405 	 0.71485 	 0.0139597 	 1 	 1.62917e-15
17.1 	 1.86038 	 0.018658 	 0.535726 	 0.0171343 	 0.714732 	 0.0143506 	 1 	 9.36222e-16
17.2 	 1.86834 	 0.0187948 	 0.534147 	 0.0174878 	 0.713483 	 0.0147432 	 1 	 1.40726e-15
17.3 	 1.87576 	 0.0189289 	 0.532233 	 0.0177615 	 0.711936 	 0.0150786 	 1 	 1.16441e-15
17.4 	 1.88223 	 0.0190482 	 0.531161 	 0.0179542 	 0.711011 	 0.0153364 	 1 	 2.09705e-15
17.5 	 1.88765 	 0.0191426 	 0.531833 	 0.0181146 	 0.711439 	 0.0155496 	 1 	 1.20317e-15
17.6 	 1.89233 	 0.0192055 	 0.534528 	 0.0183566 	 0.713445 	 0.0158086 	 1 	 1.4092e-15
17.7 	 1.89675 	 0.019236 	 0.538772 	 0.0188174 	 0.716629 	 0.0162223 	 1 	 2.25259e-15
17.8 	 1.90146 	 0.0192415 	 0.543473 	 0.0195171 	 0.720115 	 0.0168107 	 1 	 1.58917e-15
17.9 	 1.9069 	 0.0192374 	 0.547201 	 0.0202696 	 0.722827 	 0.0174443 	 1 	 9.33292e-16
18 	 1.91336 	 0.0192418 	 0.548562 	 0.0207911 	 0.723784 	 0.017925 	 1 	 1.14544e-15
18.1 	 1.92084 	 0.0192674 	 0.54665 	 0.0209236 	 0.722357 	 0.0181347 	 1 	 2.23183e-15
18.2 	 1.92914 	 0.0193172 	 0.541431 	 0.0207596 	 0.718474 	 0.01811 	 1 	 2.29118e-15
18.3 	 1.93784 	 0.019384 	 0.53381 	 0.0205402 	 0.712676 	 0.0179853 	 1 	 1.90436e-15
18.4 	 1.94644 	 0.0194531 	 0.525304 	 0.0204118 	 0.705986 	 0.0178584 	 1 	 1.64922e-15
18.5 	 1.95448 	 0.0195073 	 0.517471 	 0.020305 	 0.69959 	 0.0177118 	 1 	 2.27859e-15
18.6 	 1.96174 	 0.0195322 	 0.511445 	 0.0200795 	 0.694482 	 0.0174862 	 1 	 1.70997e-15
18.7 	 1.96819 	 0.019523 	 0.507754 	 0.0197394 	 0.691222 	 0.0172257 	 1 	 2.21303e-15
18.8 	 1.97405 	 0.0194914 	 0.506269 	 0.0194863 	 0.689798 	 0.0171141 	 1 	 1.42226e-15
18.9 	 1.97969 	 0.0194627 	 0.50612 	 0.0195505 	 0.689536 	 0.0173209 	 1 	 2.05016e-15
19 	 1.9856 	 0.0194592 	 0.505793 	 0.01993 	 0.68922 	 0.0177927 	 1 	 2.55002e-15
19.1 	 1.99217 	 0.0194858 	 0.503625 	 0.0203365 	 0.687513 	 0.018251 	 1 	 1.64423e-15
19.2 	 1.99955 	 0.0195307 	 0.498604 	 0.0204766 	 0.68353 	 0.0184382 	 1 	 1.87719e-15
19.3 	 2.00751 	 0.0195765 	 0.490938 	 0.020334 	 0.677239 	 0.0183313 	 1 	 1.92225e-15
19.4 	 2.01566 	 0.019607 	 0.481944 	 0.0200956 	 0.669479 	 0.0180993 	 1 	 2.3347e-15
19.5 	 2.02351 	 0.0196115 	 0.473345 	 0.0198612 	 0.661622 	 0.0178804 	 1 	 1.65088e-15
19.6 	 2.03067 	 0.0195885 	 0.46656 	 0.0195554 	 0.655079 	 0.0176443 	 1 	 2.18501e-15
19.7 	 2.03692 	 0.0195462 	 0.462348 	 0.0190873 	 0.650834 	 0.0172872 	 1 	 2.02597e-15
19.8 	 2.04236 	 0.0194983 	 0.460759 	 0.0184899 	 0.649145 	 0.0168113 	 1 	 1.02022e-15
19.9 	 2.04732 	 0.0194571 	 0.461202 	 0.017919 	 0.649509 	 0.0163682 	 1 	 1.30211e-15
20 	 2.05229 	 0.0194298 	 0.462642 	 0.0175372 	 0.650928 	 0.0161161 	 1 	 1.97288e-15
