time = tau * tau_parallel
rms: rms distance of hole to its origin
rms std: estimated standard error on the mean of rms from 100 samples
IPR: inverse participation ratio, IPR(tau) = sum_i (n_h(i,tau))^2, with hole density n_h(i,tau) at site i at time tau.
IPR std: estimated standard error on the mean of IPR from 100 samples
return prob: probability of the hole to return to its origin, n_h(0,tau).
return prob std: estimated standard error on the mean of return prob from 100 samples
leg imbalance: difference between the occupation in the two legs of the ladder (see Eq. (15) in the manuscript).
leg imbalance std: estimated standard error on the mean of leg imbalance from 100 samples


time, rms, rms std, IPR, IPR std, return prob, return prob std, leg imbalance, leg imbalance std
0 	 0 	 0 	 1 	 0 	 1 	 0 	 1 	 6.19253e-16
0.1 	 0.100155 	 6.36006e-08 	 0.980285 	 8.3074e-08 	 0.990044 	 4.23924e-08 	 1 	 5.0742e-16
0.2 	 0.198304 	 0.00014366 	 0.926492 	 0.000325294 	 0.961801 	 0.00017611 	 1 	 6.53682e-16
0.3 	 0.292383 	 0.000570864 	 0.852171 	 0.00168121 	 0.919779 	 0.00100231 	 1 	 5.3501e-16
0.4 	 0.38024 	 0.00141428 	 0.773258 	 0.00457755 	 0.870361 	 0.00310454 	 1 	 6.74308e-16
0.5 	 0.459699 	 0.00279616 	 0.702662 	 0.00893926 	 0.820485 	 0.00707404 	 1 	 8.56784e-16
0.6 	 0.528676 	 0.00482377 	 0.647898 	 0.0141866 	 0.776369 	 0.0132948 	 1 	 8.30815e-16
0.7 	 0.585387 	 0.00758056 	 0.611829 	 0.0196594 	 0.742582 	 0.021828 	 1 	 6.89372e-16
0.8 	 0.628589 	 0.0111142 	 0.594706 	 0.0250265 	 0.721613 	 0.032375 	 1 	 5.97873e-16
0.9 	 0.657818 	 0.0154196 	 0.595717 	 0.0304048 	 0.713885 	 0.0443211 	 1 	 9.57914e-16
1 	 0.673566 	 0.0204192 	 0.613391 	 0.0361695 	 0.718103 	 0.0568402 	 1 	 8.93559e-16
1.1 	 0.677384 	 0.0259379 	 0.645223 	 0.0426396 	 0.731742 	 0.069027 	 1 	 8.23363e-16
1.2 	 0.671862 	 0.0316758 	 0.687183 	 0.0498636 	 0.751532 	 0.0800134 	 1 	 8.04007e-16
1.3 	 0.660437 	 0.0371898 	 0.733567 	 0.0575662 	 0.773874 	 0.0890423 	 1 	 8.67112e-16
1.4 	 0.647006 	 0.0419144 	 0.777311 	 0.065127 	 0.795177 	 0.095492 	 1 	 1.25389e-15
1.5 	 0.635336 	 0.0452587 	 0.810834 	 0.0715276 	 0.812175 	 0.0988731 	 1 	 8.94325e-16
1.6 	 0.628348 	 0.0467929 	 0.827398 	 0.0754462 	 0.82226 	 0.0988314 	 1 	 6.69211e-16
1.7 	 0.627512 	 0.0464525 	 0.822874 	 0.0756723 	 0.823835 	 0.0951834 	 1 	 4.63702e-16
1.8 	 0.632611 	 0.0446261 	 0.797411 	 0.0716962 	 0.816659 	 0.0879895 	 1 	 1.07767e-15
1.9 	 0.642021 	 0.0420464 	 0.756156 	 0.0640716 	 0.802063 	 0.0776416 	 1 	 8.34926e-16
2 	 0.65332 	 0.0395465 	 0.708218 	 0.0542362 	 0.782942 	 0.0649249 	 1 	 1.0209e-15
2.1 	 0.663918 	 0.0378068 	 0.663909 	 0.0438239 	 0.763395 	 0.0510201 	 1 	 6.013e-16
2.2 	 0.671508 	 0.0371838 	 0.631484 	 0.0339134 	 0.748033 	 0.0374566 	 1 	 7.49343e-16
2.3 	 0.674279 	 0.0376812 	 0.615228 	 0.0248896 	 0.741035 	 0.0261213 	 1 	 1.01754e-15
2.4 	 0.670992 	 0.0390684 	 0.615841 	 0.0174268 	 0.745195 	 0.0193553 	 1 	 8.50366e-16
2.5 	 0.661007 	 0.0410494 	 0.632298 	 0.0144857 	 0.761209 	 0.0185946 	 1 	 7.71851e-16
2.6 	 0.644349 	 0.0433733 	 0.663184 	 0.0185273 	 0.78744 	 0.0216743 	 1 	 7.51169e-16
2.7 	 0.621849 	 0.0458492 	 0.706271 	 0.0258164 	 0.820232 	 0.0258705 	 1 	 1.03157e-15
2.8 	 0.595345 	 0.0482935 	 0.756999 	 0.0333865 	 0.854693 	 0.0301268 	 1 	 9.57199e-16
2.9 	 0.567872 	 0.0504366 	 0.807759 	 0.0403585 	 0.885688 	 0.0340071 	 1 	 7.97165e-16
3 	 0.543656 	 0.0518327 	 0.84917 	 0.0462544 	 0.908803 	 0.0370646 	 1 	 8.39832e-16
3.1 	 0.52762 	 0.051874 	 0.872855 	 0.0503573 	 0.921011 	 0.0388518 	 1 	 8.87407e-16
3.2 	 0.524155 	 0.050036 	 0.874093 	 0.0519615 	 0.920971 	 0.0391228 	 1 	 7.67402e-16
3.3 	 0.535414 	 0.0462896 	 0.853032 	 0.05087 	 0.908971 	 0.0379983 	 1 	 4.33161e-16
3.4 	 0.560218 	 0.0412642 	 0.814179 	 0.0475983 	 0.886641 	 0.0360346 	 1 	 9.56483e-16
3.5 	 0.594458 	 0.0359206 	 0.764772 	 0.043211 	 0.85658 	 0.0341677 	 1 	 1.38815e-15
3.6 	 0.632599 	 0.0311014 	 0.712837 	 0.0389634 	 0.82201 	 0.0334398 	 1 	 1.03885e-15
3.7 	 0.669168 	 0.0273385 	 0.665526 	 0.0358677 	 0.786487 	 0.0344746 	 1 	 8.75756e-16
3.8 	 0.699645 	 0.0248829 	 0.62804 	 0.034279 	 0.75366 	 0.0371217 	 1 	 1.50961e-15
3.9 	 0.720851 	 0.0237806 	 0.603292 	 0.0338099 	 0.727013 	 0.0407418 	 1 	 1.14185e-15
4 	 0.731023 	 0.0239312 	 0.592274 	 0.0337943 	 0.709543 	 0.0447703 	 1 	 1.00875e-15
4.1 	 0.729749 	 0.0251473 	 0.594937 	 0.0339475 	 0.703365 	 0.0490041 	 1 	 9.81918e-16
4.2 	 0.717825 	 0.0272096 	 0.611062 	 0.0347998 	 0.709288 	 0.0535366 	 1 	 1.05585e-15
4.3 	 0.697087 	 0.0298936 	 0.640416 	 0.0376273 	 0.726488 	 0.0584742 	 1 	 6.57859e-16
4.4 	 0.670202 	 0.0329581 	 0.681774 	 0.0435174 	 0.75241 	 0.063616 	 1 	 1.21393e-15
4.5 	 0.640474 	 0.0361139 	 0.731193 	 0.0521279 	 0.783013 	 0.068308 	 1 	 9.65745e-16
4.6 	 0.611616 	 0.0389932 	 0.780909 	 0.0615266 	 0.813392 	 0.0715642 	 1 	 1.09782e-15
4.7 	 0.587439 	 0.0411518 	 0.82039 	 0.0690127 	 0.838681 	 0.0723634 	 1 	 1.18539e-15
4.8 	 0.571374 	 0.0421462 	 0.839833 	 0.0721292 	 0.855029 	 0.0699663 	 1 	 1.16559e-15
4.9 	 0.565807 	 0.0417001 	 0.834412 	 0.0695556 	 0.860395 	 0.0641461 	 1 	 8.54383e-16
5 	 0.571424 	 0.0398773 	 0.806611 	 0.0615766 	 0.854932 	 0.0552861 	 1 	 8.87407e-16
5.1 	 0.586937 	 0.0371072 	 0.765044 	 0.049901 	 0.840847 	 0.0443513 	 1 	 7.17601e-16
5.2 	 0.609388 	 0.0340116 	 0.720543 	 0.0370266 	 0.821806 	 0.0327828 	 1 	 6.43121e-16
5.3 	 0.634868 	 0.0311654 	 0.682059 	 0.0257008 	 0.802061 	 0.0224394 	 1 	 8.08255e-16
5.4 	 0.659297 	 0.0289433 	 0.654561 	 0.0187991 	 0.785571 	 0.0156629 	 1 	 9.14016e-16
5.5 	 0.679035 	 0.0274972 	 0.639371 	 0.017751 	 0.775335 	 0.0140313 	 1 	 7.87659e-16
5.6 	 0.691311 	 0.026827 	 0.635833 	 0.0196756 	 0.77305 	 0.0151906 	 1 	 1.28784e-15
5.7 	 0.694504 	 0.0268858 	 0.642861 	 0.021246 	 0.779078 	 0.0160911 	 1 	 8.32462e-16
5.8 	 0.688327 	 0.0276586 	 0.659608 	 0.0215679 	 0.792618 	 0.0161874 	 1 	 8.02302e-16
5.9 	 0.673915 	 0.02917 	 0.685241 	 0.0218392 	 0.81195 	 0.0167567 	 1 	 1.19116e-15
6 	 0.653813 	 0.0314132 	 0.718213 	 0.0247638 	 0.834663 	 0.0195614 	 1 	 6.37775e-16
6.1 	 0.631779 	 0.0342368 	 0.755498 	 0.0319587 	 0.857849 	 0.0249408 	 1 	 1.28731e-15
6.2 	 0.612316 	 0.0372573 	 0.79217 	 0.0421038 	 0.878308 	 0.0317724 	 1 	 8.31639e-16
6.3 	 0.599835 	 0.0398872 	 0.821694 	 0.0526399 	 0.892821 	 0.0387282 	 1 	 1.07831e-15
6.4 	 0.597534 	 0.041524 	 0.837159 	 0.0611513 	 0.898538 	 0.0447687 	 1 	 1.27877e-15
6.5 	 0.606447 	 0.0418276 	 0.833335 	 0.0658758 	 0.893465 	 0.0492102 	 1 	 1.11453e-15
6.6 	 0.625221 	 0.0408703 	 0.808856 	 0.0660915 	 0.876947 	 0.0517517 	 1 	 7.06057e-16
6.7 	 0.650774 	 0.0390413 	 0.767404 	 0.0623028 	 0.85004 	 0.0524872 	 1 	 1.18076e-15
6.8 	 0.679337 	 0.0368248 	 0.716957 	 0.0559802 	 0.815598 	 0.0518585 	 1 	 1.07322e-15
6.9 	 0.707325 	 0.0346355 	 0.667147 	 0.0488635 	 0.777992 	 0.0505247 	 1 	 7.59329e-16
7 	 0.731787 	 0.0327642 	 0.62604 	 0.0422334 	 0.742459 	 0.0491665 	 1 	 9.31088e-16
7.1 	 0.750545 	 0.0313907 	 0.598162 	 0.0367028 	 0.714169 	 0.0483075 	 1 	 1.06874e-15
7.2 	 0.762174 	 0.0306134 	 0.584733 	 0.0326169 	 0.697245 	 0.0482466 	 1 	 1.47659e-15
7.3 	 0.765952 	 0.0304737 	 0.585417 	 0.0305338 	 0.693953 	 0.0491006 	 1 	 6.55773e-16
7.4 	 0.761853 	 0.030968 	 0.59978 	 0.0312335 	 0.704287 	 0.0508325 	 1 	 7.29901e-16
7.5 	 0.750584 	 0.0320469 	 0.627158 	 0.035155 	 0.726052 	 0.0531873 	 1 	 1.28358e-15
7.6 	 0.733658 	 0.0336035 	 0.665265 	 0.0418324 	 0.755386 	 0.0556357 	 1 	 1.30946e-15
7.7 	 0.713428 	 0.0354524 	 0.709082 	 0.0498817 	 0.787595 	 0.0574555 	 1 	 9.72106e-16
7.8 	 0.692994 	 0.037312 	 0.75131 	 0.0573727 	 0.818029 	 0.0579328 	 1 	 1.28677e-15
7.9 	 0.67586 	 0.0388165 	 0.784297 	 0.062371 	 0.842816 	 0.0565628 	 1 	 1.28251e-15
8 	 0.665288 	 0.0395908 	 0.802301 	 0.0635032 	 0.859311 	 0.0531616 	 1 	 6.86386e-16
8.1 	 0.663433 	 0.0393915 	 0.802932 	 0.0603193 	 0.866245 	 0.0478775 	 1 	 1.30264e-15
8.2 	 0.67062 	 0.0382343 	 0.787355 	 0.0533404 	 0.863657 	 0.0411383 	 1 	 6.47366e-16
8.3 	 0.685174 	 0.0364035 	 0.759545 	 0.0438617 	 0.852716 	 0.0335822 	 1 	 1.20431e-15
8.4 	 0.703915 	 0.0343235 	 0.725117 	 0.0336592 	 0.835525 	 0.0260162 	 1 	 7.73624e-16
8.5 	 0.723061 	 0.0323934 	 0.690069 	 0.0246951 	 0.814922 	 0.0194128 	 1 	 5.73317e-16
8.6 	 0.739086 	 0.0308895 	 0.659659 	 0.0186856 	 0.79424 	 0.0148379 	 1 	 9.54333e-16
8.7 	 0.749315 	 0.029958 	 0.637617 	 0.0160575 	 0.776979 	 0.0128395 	 1 	 1.12858e-15
8.8 	 0.752221 	 0.0296612 	 0.625939 	 0.0153807 	 0.766345 	 0.0125591 	 1 	 1.26855e-15
8.9 	 0.747485 	 0.030031 	 0.625347 	 0.01536 	 0.764703 	 0.0127641 	 1 	 7.90263e-16
9 	 0.735907 	 0.0310914 	 0.636094 	 0.016479 	 0.773035 	 0.0135522 	 1 	 1.08211e-15
9.1 	 0.719238 	 0.0328399 	 0.658342 	 0.0203744 	 0.790564 	 0.0162364 	 1 	 1.20715e-15
9.2 	 0.699937 	 0.0351984 	 0.691468 	 0.0278276 	 0.814682 	 0.0215011 	 1 	 1.18482e-15
9.3 	 0.680911 	 0.037962 	 0.73251 	 0.0380045 	 0.841271 	 0.0285347 	 1 	 1.00262e-15
9.4 	 0.66519 	 0.0407807 	 0.774957 	 0.049114 	 0.8654 	 0.0359842 	 1 	 5.68519e-16
9.5 	 0.655551 	 0.0431986 	 0.809391 	 0.0589051 	 0.882271 	 0.0426144 	 1 	 1.219e-15
9.6 	 0.654081 	 0.0447619 	 0.826398 	 0.0652366 	 0.888207 	 0.0475145 	 1 	 8.10792e-16
9.7 	 0.661787 	 0.0451636 	 0.820451 	 0.0668157 	 0.881433 	 0.0502009 	 1 	 1.16617e-15
9.8 	 0.678343 	 0.044355 	 0.792428 	 0.0636919 	 0.862456 	 0.0506617 	 1 	 1.28304e-15
9.9 	 0.70212 	 0.0425508 	 0.749151 	 0.0571625 	 0.833939 	 0.0493174 	 1 	 9.72106e-16
10 	 0.730474 	 0.0401367 	 0.700325 	 0.0491496 	 0.80011 	 0.0468902 	 1 	 6.04706e-16
10.1 	 0.760185 	 0.0375449 	 0.654849 	 0.0414445 	 0.765887 	 0.0441944 	 1 	 1.48768e-15
10.2 	 0.787928 	 0.0351595 	 0.618546 	 0.0352258 	 0.73596 	 0.0418952 	 1 	 9.03467e-16
10.3 	 0.810679 	 0.0332712 	 0.59397 	 0.0309856 	 0.714057 	 0.0403292 	 1 	 1.10031e-15
10.4 	 0.826053 	 0.0320691 	 0.581571 	 0.0287241 	 0.70253 	 0.0394925 	 1 	 1.46355e-15
10.5 	 0.832565 	 0.0316532 	 0.581036 	 0.0282208 	 0.702257 	 0.0391999 	 1 	 1.36426e-15
10.6 	 0.829803 	 0.0320508 	 0.592016 	 0.0292763 	 0.712788 	 0.0392825 	 1 	 1.18828e-15
10.7 	 0.81852 	 0.033223 	 0.614119 	 0.0318355 	 0.732581 	 0.0396849 	 1 	 1.07831e-15
10.8 	 0.800596 	 0.0350573 	 0.646366 	 0.0358975 	 0.75923 	 0.0404206 	 1 	 8.77318e-16
10.9 	 0.778869 	 0.0373508 	 0.686431 	 0.0412463 	 0.789654 	 0.0414392 	 1 	 1.15378e-15
11 	 0.756792 	 0.0398054 	 0.729986 	 0.0472049 	 0.820288 	 0.0425057 	 1 	 1.12979e-15
11.1 	 0.73791 	 0.0420552 	 0.770606 	 0.0526025 	 0.847364 	 0.0431849 	 1 	 9.97829e-16
11.2 	 0.725211 	 0.0437434 	 0.80069 	 0.0560051 	 0.867337 	 0.0429447 	 1 	 1.16029e-15
11.3 	 0.720512 	 0.0446304 	 0.813479 	 0.0561595 	 0.877442 	 0.0413245 	 1 	 9.58628e-16
11.4 	 0.724113 	 0.0446764 	 0.805572 	 0.0525132 	 0.876255 	 0.0381006 	 1 	 1.43663e-15
11.5 	 0.734877 	 0.044038 	 0.77867 	 0.0455659 	 0.864105 	 0.0334092 	 1 	 9.11014e-16
11.6 	 0.750684 	 0.0429852 	 0.739342 	 0.0368126 	 0.843177 	 0.0278029 	 1 	 1.08464e-15
11.7 	 0.768993 	 0.0417993 	 0.696653 	 0.0282406 	 0.817231 	 0.0222186 	 1 	 1.14902e-15
11.8 	 0.787305 	 0.0407083 	 0.658885 	 0.0216201 	 0.790954 	 0.0177893 	 1 	 9.42055e-16
11.9 	 0.803434 	 0.039872 	 0.631217 	 0.0179182 	 0.769069 	 0.0153356 	 1 	 1.78942e-15
12 	 0.815645 	 0.0393962 	 0.615539 	 0.0170887 	 0.755394 	 0.014789 	 1 	 1.14604e-15
12.1 	 0.822726 	 0.0393514 	 0.611925 	 0.0185422 	 0.752086 	 0.0157201 	 1 	 9.05738e-16
12.2 	 0.824062 	 0.0397793 	 0.620158 	 0.0219334 	 0.759246 	 0.0183426 	 1 	 1.29473e-15
12.3 	 0.819722 	 0.0406851 	 0.639912 	 0.0273308 	 0.774994 	 0.0230751 	 1 	 1.04934e-15
12.4 	 0.810551 	 0.0420143 	 0.669625 	 0.0347371 	 0.795967 	 0.0296138 	 1 	 1.23574e-15
12.5 	 0.798205 	 0.0436245 	 0.705348 	 0.0435579 	 0.818087 	 0.0370219 	 1 	 9.11766e-16
12.6 	 0.785069 	 0.0452676 	 0.74082 	 0.0525276 	 0.837385 	 0.0442383 	 1 	 1.03687e-15
12.7 	 0.773968 	 0.0466073 	 0.768976 	 0.0601078 	 0.850672 	 0.0503709 	 1 	 1.01011e-15
12.8 	 0.767634 	 0.0472869 	 0.78402 	 0.0650135 	 0.855937 	 0.0548037 	 1 	 8.6869e-16
12.9 	 0.768027 	 0.0470474 	 0.782956 	 0.0665653 	 0.852438 	 0.057214 	 1 	 1.1877e-15
13 	 0.775727 	 0.0458398 	 0.766077 	 0.0647716 	 0.840599 	 0.0575468 	 1 	 8.62361e-16
13.1 	 0.789711 	 0.0438581 	 0.736554 	 0.0602166 	 0.821795 	 0.0559812 	 1 	 7.13774e-16
13.2 	 0.807608 	 0.0414671 	 0.699542 	 0.0538667 	 0.79817 	 0.0529057 	 1 	 1.20089e-15
13.3 	 0.826312 	 0.0390751 	 0.661094 	 0.0468496 	 0.772482 	 0.0488956 	 1 	 1.29367e-15
13.4 	 0.842677 	 0.0370272 	 0.627003 	 0.0402109 	 0.747942 	 0.0446585 	 1 	 1.04411e-15
13.5 	 0.854085 	 0.0355563 	 0.601754 	 0.0346797 	 0.727943 	 0.0409049 	 1 	 1.43425e-15
13.6 	 0.858786 	 0.0347821 	 0.587956 	 0.0305693 	 0.715657 	 0.0381436 	 1 	 7.87659e-16
13.7 	 0.856051 	 0.0347351 	 0.586524 	 0.0279253 	 0.713495 	 0.036524 	 1 	 9.60056e-16
13.8 	 0.846162 	 0.0353811 	 0.597478 	 0.0268426 	 0.722575 	 0.0359007 	 1 	 1.22181e-15
13.9 	 0.830302 	 0.0366351 	 0.620603 	 0.0276818 	 0.742332 	 0.0360793 	 1 	 9.25926e-16
14 	 0.810403 	 0.0383614 	 0.65517 	 0.0309172 	 0.770414 	 0.0369549 	 1 	 8.25025e-16
14.1 	 0.788951 	 0.0403669 	 0.698651 	 0.0365964 	 0.802949 	 0.0383925 	 1 	 9.99201e-16
14.2 	 0.768764 	 0.0423974 	 0.745432 	 0.0438542 	 0.835155 	 0.0400267 	 1 	 7.81549e-16
14.3 	 0.752707 	 0.0441524 	 0.786971 	 0.0509497 	 0.862194 	 0.0412418 	 1 	 1.02491e-15
14.4 	 0.743308 	 0.0453311 	 0.814052 	 0.0558373 	 0.880067 	 0.0413716 	 1 	 1.33996e-15
14.5 	 0.742316 	 0.0457109 	 0.820223 	 0.0569857 	 0.88636 	 0.0399585 	 1 	 9.99201e-16
14.6 	 0.750309 	 0.0452275 	 0.804479 	 0.0540248 	 0.880643 	 0.0369308 	 1 	 1.32763e-15
14.7 	 0.766499 	 0.044008 	 0.771537 	 0.0478679 	 0.864458 	 0.0326588 	 1 	 1.3235e-15
14.8 	 0.788845 	 0.0423304 	 0.729625 	 0.0402949 	 0.840909 	 0.0279145 	 1 	 1.42419e-15
14.9 	 0.814435 	 0.0405366 	 0.687234 	 0.0333035 	 0.813982 	 0.0237644 	 1 	 1.06102e-15
15 	 0.840001 	 0.0389489 	 0.650664 	 0.0285026 	 0.787767 	 0.0213273 	 1 	 1.18943e-15
15.1 	 0.862421 	 0.0378194 	 0.623314 	 0.0265545 	 0.765795 	 0.0212342 	 1 	 1.37874e-15
15.2 	 0.879139 	 0.037315 	 0.606369 	 0.0269837 	 0.750607 	 0.0232329 	 1 	 1.02224e-15
15.3 	 0.888468 	 0.0375181 	 0.599953 	 0.0289039 	 0.743597 	 0.0266745 	 1 	 1.37874e-15
15.4 	 0.88977 	 0.0384336 	 0.603925 	 0.0318814 	 0.745065 	 0.0311181 	 1 	 9.79824e-16
15.5 	 0.883531 	 0.0399883 	 0.618059 	 0.0360755 	 0.754359 	 0.0363515 	 1 	 8.57583e-16
15.6 	 0.871309 	 0.0420274 	 0.641693 	 0.0418651 	 0.770001 	 0.0421672 	 1 	 8.04007e-16
15.7 	 0.855534 	 0.0443117 	 0.673093 	 0.0493443 	 0.789777 	 0.0482047 	 1 	 1.10775e-15
15.8 	 0.839159 	 0.0465309 	 0.708793 	 0.0579748 	 0.810853 	 0.0539121 	 1 	 1.28304e-15
15.9 	 0.82517 	 0.048346 	 0.743347 	 0.066522 	 0.829996 	 0.0586027 	 1 	 1.29896e-15
16 	 0.816029 	 0.0494625 	 0.76993 	 0.0732664 	 0.843965 	 0.0615761 	 1 	 9.53615e-16
16.1 	 0.813216 	 0.0497141 	 0.78204 	 0.0764656 	 0.850049 	 0.0622798 	 1 	 1.4964e-15
16.2 	 0.81698 	 0.049116 	 0.775867 	 0.0749757 	 0.846651 	 0.0604754 	 1 	 1.42755e-15
16.3 	 0.826424 	 0.0478504 	 0.752193 	 0.0687716 	 0.833746 	 0.0563688 	 1 	 9.83312e-16
16.4 	 0.839833 	 0.0461985 	 0.716549 	 0.0590554 	 0.813061 	 0.050665 	 1 	 9.17008e-16
16.5 	 0.855101 	 0.0444571 	 0.677252 	 0.0478435 	 0.78788 	 0.0445044 	 1 	 9.0951e-16
16.6 	 0.870106 	 0.0428787 	 0.642324 	 0.0372645 	 0.76248 	 0.0392059 	 1 	 1.02758e-15
16.7 	 0.882956 	 0.0416457 	 0.617044 	 0.0289725 	 0.741327 	 0.0357345 	 1 	 8.67112e-16
16.8 	 0.89213 	 0.0408704 	 0.603412 	 0.0238402 	 0.728202 	 0.0341402 	 1 	 1.34098e-15
16.9 	 0.896558 	 0.0406073 	 0.601338 	 0.0217783 	 0.725468 	 0.033663 	 1 	 1.02022e-15
17 	 0.895702 	 0.0408676 	 0.610208 	 0.021983 	 0.733644 	 0.0335206 	 1 	 1.76592e-15
17.1 	 0.889642 	 0.0416288 	 0.629478 	 0.0239407 	 0.751362 	 0.033469 	 1 	 1.06296e-15
17.2 	 0.87917 	 0.0428313 	 0.657969 	 0.0279728 	 0.775706 	 0.0337465 	 1 	 9.62905e-16
17.3 	 0.865821 	 0.0443633 	 0.69277 	 0.034394 	 0.802848 	 0.0346611 	 1 	 7.71851e-16
17.4 	 0.851792 	 0.0460434 	 0.728899 	 0.04247 	 0.828774 	 0.0362166 	 1 	 8.4633e-16
17.5 	 0.839673 	 0.0476173 	 0.760193 	 0.050566 	 0.849946 	 0.0380699 	 1 	 1.01552e-15
17.6 	 0.831987 	 0.0487945 	 0.780945 	 0.0569497 	 0.863747 	 0.0397594 	 1 	 1.36527e-15
17.7 	 0.830605 	 0.0493261 	 0.787391 	 0.0604046 	 0.868676 	 0.0409294 	 1 	 1.56573e-15
17.8 	 0.836217 	 0.0490966 	 0.778502 	 0.0604875 	 0.864362 	 0.0414189 	 1 	 1.28784e-15
17.9 	 0.848096 	 0.0481734 	 0.756007 	 0.0575273 	 0.851471 	 0.0412535 	 1 	 1.1133e-15
18 	 0.864285 	 0.0467802 	 0.723891 	 0.0524706 	 0.831605 	 0.0406032 	 1 	 1.11576e-15
18.1 	 0.882091 	 0.0452154 	 0.687532 	 0.0466207 	 0.807202 	 0.0397316 	 1 	 1.09093e-15
18.2 	 0.898709 	 0.0437671 	 0.652596 	 0.0412632 	 0.781389 	 0.0389253 	 1 	 1.14304e-15
18.3 	 0.911727 	 0.0426601 	 0.623863 	 0.0372517 	 0.757719 	 0.0384055 	 1 	 1.27447e-15
18.4 	 0.919471 	 0.0420397 	 0.604425 	 0.0348297 	 0.739735 	 0.0382738 	 1 	 1.06102e-15
18.5 	 0.921137 	 0.0419755 	 0.595653 	 0.0339105 	 0.730395 	 0.0385523 	 1 	 1.08021e-15
18.6 	 0.916789 	 0.0424708 	 0.59793 	 0.0345414 	 0.731463 	 0.0392987 	 1 	 2.12301e-15
18.7 	 0.907254 	 0.0434693 	 0.611438 	 0.037092 	 0.743044 	 0.0406661 	 1 	 1.18018e-15
18.8 	 0.893966 	 0.0448574 	 0.636112 	 0.0420091 	 0.763418 	 0.042793 	 1 	 9.72106e-16
18.9 	 0.878788 	 0.0464656 	 0.670514 	 0.0492761 	 0.789259 	 0.0455788 	 1 	 9.31088e-16
19 	 0.863828 	 0.0480746 	 0.710473 	 0.0579497 	 0.816206 	 0.0485668 	 1 	 1.41308e-15
19.1 	 0.851241 	 0.049432 	 0.748867 	 0.0661646 	 0.839673 	 0.0510652 	 1 	 1.26693e-15
19.2 	 0.842989 	 0.050288 	 0.777304 	 0.0716853 	 0.855714 	 0.0524112 	 1 	 1.32712e-15
19.3 	 0.840569 	 0.0504473 	 0.789104 	 0.0727559 	 0.861754 	 0.0522115 	 1 	 1.24842e-15
19.4 	 0.844726 	 0.0498259 	 0.781907 	 0.0688219 	 0.857022 	 0.0504726 	 1 	 1.37775e-15
19.5 	 0.855257 	 0.0484851 	 0.758405 	 0.060744 	 0.842612 	 0.0475992 	 1 	 1.06425e-15
19.6 	 0.870962 	 0.0466245 	 0.724875 	 0.0504212 	 0.821155 	 0.0442611 	 1 	 8.67901e-16
19.7 	 0.889809 	 0.0445314 	 0.688546 	 0.0400672 	 0.796242 	 0.0411416 	 1 	 1.6258e-15
19.8 	 0.909256 	 0.0425106 	 0.655324 	 0.0314951 	 0.771724 	 0.0386462 	 1 	 9.65036e-16
19.9 	 0.926658 	 0.0408282 	 0.62884 	 0.0256344 	 0.751083 	 0.0367513 	 1 	 1.23074e-15
20 	 0.939668 	 0.0396821 	 0.610763 	 0.0224612 	 0.736993 	 0.0351443 	 1 	 1.43616e-15
20.1 	 0.946581 	 0.0391971 	 0.601707 	 0.0215665 	 0.731096 	 0.0335698 	 1 	 6.32383e-16
20.2 	 0.946555 	 0.0394311 	 0.602008 	 0.0229174 	 0.733965 	 0.0321554 	 1 	 9.12517e-16
20.3 	 0.939729 	 0.0403754 	 0.612023 	 0.0268428 	 0.745162 	 0.0315522 	 1 	 5.88639e-16
20.4 	 0.927196 	 0.0419454 	 0.63187 	 0.0334201 	 0.763321 	 0.0327067 	 1 	 2.19969e-15
20.5 	 0.91087 	 0.0439682 	 0.66076 	 0.0422048 	 0.786224 	 0.0361701 	 1 	 1.03356e-15
20.6 	 0.893206 	 0.0461811 	 0.696175 	 0.0522875 	 0.810931 	 0.0415521 	 1 	 1.07258e-15
20.7 	 0.876837 	 0.0482584 	 0.733316 	 0.0623062 	 0.834017 	 0.0477558 	 1 	 8.69478e-16
20.8 	 0.864137 	 0.0498685 	 0.765406 	 0.0705157 	 0.852 	 0.0535219 	 1 	 9.54333e-16
20.9 	 0.856817 	 0.0507519 	 0.785194 	 0.0751375 	 0.8619 	 0.0577754 	 1 	 1.62201e-15
21 	 0.855659 	 0.050789 	 0.787405 	 0.0749788 	 0.861859 	 0.0597986 	 1 	 1.00262e-15
21.1 	 0.860455 	 0.0500278 	 0.771004 	 0.0700278 	 0.851612 	 0.0593261 	 1 	 1.20487e-15
21.2 	 0.870149 	 0.0486573 	 0.739906 	 0.0616208 	 0.832686 	 0.0565652 	 1 	 1.36777e-15
21.3 	 0.883119 	 0.0469457 	 0.701505 	 0.0519726 	 0.808212 	 0.0521214 	 1 	 1.21506e-15
21.4 	 0.897467 	 0.045174 	 0.663808 	 0.0432574 	 0.782379 	 0.0468285 	 1 	 1.36125e-15
21.5 	 0.911284 	 0.0435892 	 0.63286 	 0.0367567 	 0.759628 	 0.0415202 	 1 	 1.08653e-15
21.6 	 0.922843 	 0.0423805 	 0.61181 	 0.0326424 	 0.7438 	 0.0368302 	 1 	 1.10775e-15
21.7 	 0.930752 	 0.0416752 	 0.601688 	 0.0305247 	 0.737411 	 0.03314 	 1 	 1.69509e-15
21.8 	 0.934105 	 0.0415415 	 0.602735 	 0.03016 	 0.741239 	 0.0307127 	 1 	 1.56878e-15
21.9 	 0.932601 	 0.0419907 	 0.615038 	 0.0316822 	 0.754278 	 0.0298417 	 1 	 1.48584e-15
22 	 0.926666 	 0.0429751 	 0.63804 	 0.0353002 	 0.774057 	 0.0307411 	 1 	 1.02491e-15
22.1 	 0.917486 	 0.0443791 	 0.669561 	 0.040806 	 0.797194 	 0.0332445 	 1 	 1.19517e-15
22.2 	 0.906938 	 0.0460113 	 0.705316 	 0.0473567 	 0.820045 	 0.0367459 	 1 	 1.0713e-15
22.3 	 0.897352 	 0.0476138 	 0.739443 	 0.0536743 	 0.839289 	 0.0404635 	 1 	 1.22516e-15
22.4 	 0.891095 	 0.0488986 	 0.765827 	 0.0584364 	 0.852343 	 0.0436991 	 1 	 7.57523e-16
22.5 	 0.890053 	 0.0496169 	 0.779568 	 0.0606324 	 0.857573 	 0.0459489 	 1 	 1.22796e-15
22.6 	 0.895142 	 0.0496373 	 0.778069 	 0.0597896 	 0.854345 	 0.0469226 	 1 	 9.84704e-16
22.7 	 0.906051 	 0.0489914 	 0.76151 	 0.0560626 	 0.84298 	 0.0465355 	 1 	 9.52178e-16
22.8 	 0.921314 	 0.0478594 	 0.732761 	 0.0502083 	 0.8247 	 0.0448983 	 1 	 1.59218e-15
22.9 	 0.938689 	 0.0465056 	 0.696763 	 0.0434489 	 0.801577 	 0.0423026 	 1 	 9.86788e-16
23 	 0.955667 	 0.0452029 	 0.659457 	 0.0371957 	 0.776426 	 0.0391874 	 1 	 1.0033e-15
23.1 	 0.969957 	 0.0441802 	 0.626441 	 0.0326292 	 0.752592 	 0.0360765 	 1 	 1.38519e-15
23.2 	 0.979815 	 0.0435983 	 0.601843 	 0.0302944 	 0.733552 	 0.0335044 	 1 	 1.04738e-15
23.3 	 0.984212 	 0.0435495 	 0.587921 	 0.0300806 	 0.722368 	 0.0319906 	 1 	 1.38469e-15
23.4 	 0.982869 	 0.0440612 	 0.585577 	 0.0316766 	 0.721085 	 0.0320736 	 1 	 1.87683e-15
23.5 	 0.976197 	 0.0451008 	 0.595189 	 0.0350097 	 0.730232 	 0.0342354 	 1 	 1.20885e-15
23.6 	 0.965199 	 0.0465778 	 0.616843 	 0.0402816 	 0.748596 	 0.0385792 	 1 	 1.14663e-15
23.7 	 0.95135 	 0.048345 	 0.64947 	 0.0476038 	 0.773344 	 0.0445668 	 1 	 7.21408e-16
23.8 	 0.936461 	 0.0502009 	 0.689501 	 0.056466 	 0.800517 	 0.0511461 	 1 	 1.34455e-15
23.9 	 0.922531 	 0.0519009 	 0.730372 	 0.0654622 	 0.82577 	 0.0570944 	 1 	 1.81185e-15
24 	 0.911548 	 0.053183 	 0.763797 	 0.0725899 	 0.845194 	 0.0613219 	 1 	 1.41357e-15
24.1 	 0.905239 	 0.0538135 	 0.782454 	 0.0760143 	 0.856023 	 0.0630757 	 1 	 1.2889e-15
24.2 	 0.904774 	 0.0536465 	 0.78264 	 0.0748409 	 0.857065 	 0.0620455 	 1 	 1.07385e-15
24.3 	 0.910491 	 0.0526765 	 0.765417 	 0.0694489 	 0.848802 	 0.058379 	 1 	 1.01619e-15
24.4 	 0.921747 	 0.051054 	 0.735763 	 0.0612318 	 0.833155 	 0.0526149 	 1 	 1.35571e-15
24.5 	 0.936984 	 0.0490546 	 0.700436 	 0.051949 	 0.813016 	 0.0455578 	 1 	 9.17755e-16
24.6 	 0.953985 	 0.0470099 	 0.665777 	 0.043077 	 0.791682 	 0.0381218 	 1 	 1.16441e-15
24.7 	 0.970284 	 0.0452355 	 0.636415 	 0.0354842 	 0.772323 	 0.0311718 	 1 	 1.24951e-15
24.8 	 0.983592 	 0.043977 	 0.615059 	 0.029529 	 0.757574 	 0.0253935 	 1 	 1.42707e-15
24.9 	 0.992162 	 0.0433877 	 0.603006 	 0.0254154 	 0.749287 	 0.0212421 	 1 	 1.46682e-15
25 	 0.995051 	 0.0435276 	 0.600799 	 0.0234746 	 0.748422 	 0.0190311 	 1 	 1.09219e-15
25.1 	 0.992239 	 0.0443729 	 0.608637 	 0.0241054 	 0.755018 	 0.0190786 	 1 	 1.24402e-15
25.2 	 0.984612 	 0.0458219 	 0.626349 	 0.0274894 	 0.768198 	 0.0215776 	 1 	 1.23961e-15
25.3 	 0.97382 	 0.0476989 	 0.652969 	 0.0334988 	 0.786205 	 0.0262568 	 1 	 1.20601e-15
25.4 	 0.962007 	 0.049761 	 0.686074 	 0.0417004 	 0.806497 	 0.0323869 	 1 	 1.02691e-15
25.5 	 0.951454 	 0.0517238 	 0.721253 	 0.0511659 	 0.825964 	 0.0390216 	 1 	 1.66369e-15
25.6 	 0.94418 	 0.0533062 	 0.75222 	 0.0603278 	 0.841308 	 0.0451739 	 1 	 1.35064e-15
25.7 	 0.941593 	 0.0542894 	 0.772006 	 0.0672174 	 0.849565 	 0.0499595 	 1 	 1.17437e-15
25.8 	 0.944267 	 0.0545649 	 0.775133 	 0.0701111 	 0.848706 	 0.0527474 	 1 	 1.53168e-15
25.9 	 0.951912 	 0.0541525 	 0.759883 	 0.0682899 	 0.838144 	 0.0532925 	 1 	 1.19403e-15
26 	 0.963507 	 0.0531826 	 0.729334 	 0.062452 	 0.818999 	 0.0518007 	 1 	 1.67722e-15
26.1 	 0.977551 	 0.0518547 	 0.69034 	 0.0544635 	 0.79401 	 0.0488888 	 1 	 5.61246e-16
26.2 	 0.992316 	 0.0503931 	 0.650928 	 0.046545 	 0.767065 	 0.0454226 	 1 	 6.87383e-16
26.3 	 1.00607 	 0.0490137 	 0.617627 	 0.0403664 	 0.742474 	 0.0422614 	 1 	 1.08274e-15
26.4 	 1.01726 	 0.0479044 	 0.594182 	 0.0365913 	 0.724145 	 0.0400091 	 1 	 1.61439e-15
26.5 	 1.02462 	 0.0472133 	 0.581967 	 0.0350915 	 0.714869 	 0.0389302 	 1 	 1.79858e-15
26.6 	 1.02737 	 0.0470429 	 0.581202 	 0.0355163 	 0.715879 	 0.0390768 	 1 	 1.24787e-15
26.7 	 1.02522 	 0.0474413 	 0.591776 	 0.0376898 	 0.726741 	 0.0404389 	 1 	 9.1999e-16
26.8 	 1.01856 	 0.0483924 	 0.61311 	 0.0416386 	 0.745561 	 0.0429264 	 1 	 8.77318e-16
26.9 	 1.00844 	 0.0498036 	 0.643425 	 0.0473349 	 0.769427 	 0.0462474 	 1 	 1.53748e-15
27 	 0.996503 	 0.0514994 	 0.679176 	 0.0543574 	 0.794942 	 0.0498782 	 1 	 1.75776e-15
27.1 	 0.984818 	 0.05323 	 0.715213 	 0.0617472 	 0.818749 	 0.0531707 	 1 	 1.22181e-15
27.2 	 0.97555 	 0.0547059 	 0.745688 	 0.0681766 	 0.837946 	 0.0554985 	 1 	 9.64326e-16
27.3 	 0.970532 	 0.055659 	 0.765344 	 0.0723017 	 0.850361 	 0.0563633 	 1 	 1.56835e-15
27.4 	 0.970858 	 0.0559158 	 0.770714 	 0.073121 	 0.854712 	 0.0554521 	 1 	 1.27125e-15
27.5 	 0.976618 	 0.0554526 	 0.760909 	 0.0702452 	 0.850673 	 0.0526693 	 1 	 1.27877e-15
27.6 	 0.986898 	 0.0544005 	 0.737852 	 0.0640321 	 0.838894 	 0.0481646 	 1 	 1.09219e-15
27.7 	 1.00003 	 0.0530008 	 0.705878 	 0.0555488 	 0.820979 	 0.0423552 	 1 	 9.41328e-16
27.8 	 1.01398 	 0.0515345 	 0.670734 	 0.0463265 	 0.799398 	 0.0359273 	 1 	 1.82503e-15
27.9 	 1.02678 	 0.0502581 	 0.638196 	 0.0379432 	 0.777263 	 0.0297821 	 1 	 1.32143e-15
28 	 1.03683 	 0.0493663 	 0.612764 	 0.0315838 	 0.757961 	 0.0248774 	 1 	 1.37676e-15
28.1 	 1.04311 	 0.0489787 	 0.597034 	 0.0278025 	 0.744624 	 0.021935 	 1 	 1.55651e-15
28.2 	 1.04521 	 0.0491441 	 0.591997 	 0.0266416 	 0.739531 	 0.021215 	 1 	 1.57184e-15
28.3 	 1.04332 	 0.0498478 	 0.597894 	 0.0280364 	 0.743593 	 0.0227326 	 1 	 1.04738e-15
28.4 	 1.03814 	 0.0510185 	 0.614692 	 0.0321491 	 0.756065 	 0.0265234 	 1 	 1.64423e-15
28.5 	 1.03075 	 0.0525325 	 0.641561 	 0.039205 	 0.774609 	 0.032348 	 1 	 1.02022e-15
28.6 	 1.02255 	 0.0542172 	 0.675672 	 0.0488499 	 0.795725 	 0.0394157 	 1 	 1.68699e-15
28.7 	 1.01504 	 0.0558619 	 0.711517 	 0.0596783 	 0.815441 	 0.0465823 	 1 	 1.21675e-15
28.8 	 1.00974 	 0.0572374 	 0.741741 	 0.0694535 	 0.83011 	 0.0527035 	 1 	 1.32402e-15
28.9 	 1.00793 	 0.0581308 	 0.759397 	 0.0759016 	 0.83709 	 0.0568992 	 1 	 1.66657e-15
29 	 1.01049 	 0.0583894 	 0.760425 	 0.07759 	 0.835179 	 0.0586994 	 1 	 1.02691e-15
29.1 	 1.01763 	 0.0579628 	 0.744959 	 0.0744153 	 0.824725 	 0.0580813 	 1 	 1.3476e-15
29.2 	 1.02882 	 0.0569239 	 0.716924 	 0.0675034 	 0.807444 	 0.0554171 	 1 	 1.19001e-15
29.3 	 1.04279 	 0.0554571 	 0.682339 	 0.0586732 	 0.786014 	 0.0513546 	 1 	 1.21619e-15
29.4 	 1.05773 	 0.0538174 	 0.647363 	 0.049789 	 0.763588 	 0.0466657 	 1 	 1.36777e-15
29.5 	 1.0716 	 0.0522771 	 0.616914 	 0.0422782 	 0.743313 	 0.04209 	 1 	 1.20146e-15
29.6 	 1.08245 	 0.0510771 	 0.594186 	 0.0369115 	 0.727931 	 0.0382063 	 1 	 1.49503e-15
29.7 	 1.08877 	 0.050396 	 0.580882 	 0.0338268 	 0.719505 	 0.0353695 	 1 	 1.75112e-15
29.8 	 1.08969 	 0.0503345 	 0.577758 	 0.0327782 	 0.71924 	 0.0337543 	 1 	 1.32505e-15
29.9 	 1.08515 	 0.0509128 	 0.585072 	 0.0335317 	 0.727399 	 0.0334775 	 1 	 8.20865e-16
30 	 1.07587 	 0.0520714 	 0.602707 	 0.0361716 	 0.74327 	 0.0346635 	 1 	 7.25195e-16
30.1 	 1.06328 	 0.0536746 	 0.629887 	 0.0410466 	 0.765176 	 0.037333 	 1 	 1.3842e-15
30.2 	 1.04927 	 0.0555199 	 0.664578 	 0.0483008 	 0.790576 	 0.0412026 	 1 	 9.69284e-16
30.3 	 1.03595 	 0.0573572 	 0.702877 	 0.0573183 	 0.81627 	 0.0456103 	 1 	 1.06425e-15
30.4 	 1.0253 	 0.0589255 	 0.738905 	 0.06653 	 0.838773 	 0.0496372 	 1 	 1.30893e-15
30.5 	 1.01885 	 0.0599982 	 0.765688 	 0.0737335 	 0.854824 	 0.0523285 	 1 	 7.50257e-16
30.6 	 1.01748 	 0.0604298 	 0.77711 	 0.0768228 	 0.861975 	 0.0529243 	 1 	 9.74919e-16
30.7 	 1.02135 	 0.0601831 	 0.770231 	 0.0746565 	 0.859108 	 0.0510504 	 1 	 9.99201e-16
30.8 	 1.0299 	 0.0593311 	 0.746695 	 0.0676176 	 0.846744 	 0.0468314 	 1 	 1.35924e-15
30.9 	 1.04203 	 0.0580316 	 0.712233 	 0.0574942 	 0.827009 	 0.0408932 	 1 	 1.52271e-15
31 	 1.05629 	 0.0564924 	 0.674436 	 0.0467211 	 0.803257 	 0.0342506 	 1 	 1.31468e-15
31.1 	 1.07106 	 0.0549345 	 0.640091 	 0.0374496 	 0.779413 	 0.028093 	 1 	 1.65047e-15
31.2 	 1.08476 	 0.0535647 	 0.613583 	 0.0309606 	 0.759209 	 0.0234919 	 1 	 1.94351e-15
31.3 	 1.09597 	 0.0525558 	 0.596902 	 0.0275865 	 0.745501 	 0.0210949 	 1 	 1.59304e-15
31.4 	 1.10364 	 0.0520335 	 0.590611 	 0.0270374 	 0.739821 	 0.0210556 	 1 	 1.47891e-15
31.5 	 1.1072 	 0.0520659 	 0.594719 	 0.0289666 	 0.742238 	 0.0233217 	 1 	 1.39258e-15
31.6 	 1.10663 	 0.0526559 	 0.608804 	 0.0333405 	 0.751515 	 0.0277633 	 1 	 1.39406e-15
31.7 	 1.10258 	 0.0537335 	 0.631524 	 0.0402243 	 0.765468 	 0.0339741 	 1 	 1.77404e-15
31.8 	 1.09625 	 0.0551539 	 0.660116 	 0.0492539 	 0.781418 	 0.0412258 	 1 	 8.51171e-16
31.9 	 1.08928 	 0.0567054 	 0.690348 	 0.0593723 	 0.796631 	 0.0486334 	 1 	 1.32505e-15
32 	 1.08348 	 0.0581363 	 0.7171 	 0.0689903 	 0.808672 	 0.0553245 	 1 	 1.44708e-15
32.1 	 1.08043 	 0.059204 	 0.735375 	 0.0763796 	 0.815657 	 0.060552 	 1 	 1.71557e-15
32.2 	 1.08119 	 0.059734 	 0.741413 	 0.0801157 	 0.816418 	 0.0637652 	 1 	 1.83812e-15
32.3 	 1.08601 	 0.0596657 	 0.733625 	 0.0794629 	 0.810591 	 0.0646589 	 1 	 1.59003e-15
32.4 	 1.09432 	 0.0590669 	 0.713071 	 0.0746196 	 0.798674 	 0.0632125 	 1 	 1.29208e-15
32.5 	 1.10485 	 0.0581061 	 0.683359 	 0.0667375 	 0.782029 	 0.0597148 	 1 	 2.14324e-15
32.6 	 1.11597 	 0.0570025 	 0.649864 	 0.0576467 	 0.76283 	 0.0547576 	 1 	 1.20941e-15
32.7 	 1.126 	 0.0559722 	 0.618415 	 0.0492834 	 0.743884 	 0.0491595 	 1 	 1.50279e-15
32.8 	 1.13352 	 0.0551914 	 0.593872 	 0.042985 	 0.728309 	 0.0437922 	 1 	 1.12979e-15
32.9 	 1.13752 	 0.0547781 	 0.579222 	 0.0390892 	 0.719053 	 0.0393455 	 1 	 1.53302e-15
33 	 1.13756 	 0.0547906 	 0.575642 	 0.0372567 	 0.718329 	 0.0361886 	 1 	 1.66287e-15
33.1 	 1.1337 	 0.0552327 	 0.583277 	 0.0372265 	 0.727092 	 0.0344965 	 1 	 1.21054e-15
33.2 	 1.12646 	 0.0560602 	 0.601927 	 0.039256 	 0.744717 	 0.0344944 	 1 	 2.07473e-15
33.3 	 1.11681 	 0.0571839 	 0.630813 	 0.0439112 	 0.769 	 0.0363761 	 1 	 1.41792e-15
33.4 	 1.10599 	 0.0584718 	 0.667527 	 0.0513175 	 0.796509 	 0.0398746 	 1 	 1.04082e-15
33.5 	 1.09547 	 0.0597541 	 0.707173 	 0.0604699 	 0.823226 	 0.0441017 	 1 	 1.51776e-15
33.6 	 1.0868 	 0.060835 	 0.742807 	 0.0692851 	 0.845304 	 0.0478881 	 1 	 1.48122e-15
33.7 	 1.0814 	 0.0615206 	 0.767322 	 0.0753759 	 0.859746 	 0.0502156 	 1 	 1.70475e-15
33.8 	 1.08038 	 0.0616584 	 0.775818 	 0.0770041 	 0.864871 	 0.0504666 	 1 	 1.99874e-15
33.9 	 1.08425 	 0.0611794 	 0.767155 	 0.0736987 	 0.860463 	 0.0484948 	 1 	 1.3235e-15
34 	 1.09281 	 0.0601271 	 0.743993 	 0.0663116 	 0.847647 	 0.0445883 	 1 	 1.20941e-15
34.1 	 1.10513 	 0.0586569 	 0.711558 	 0.0566078 	 0.828568 	 0.0393808 	 1 	 2.10748e-15
34.2 	 1.11964 	 0.0570034 	 0.675903 	 0.0466793 	 0.805975 	 0.0337553 	 1 	 1.64548e-15
34.3 	 1.13446 	 0.0554285 	 0.642446 	 0.038415 	 0.782812 	 0.0287544 	 1 	 1.31311e-15
34.4 	 1.14769 	 0.0541705 	 0.61515 	 0.0330513 	 0.761866 	 0.0254291 	 1 	 8.29165e-16
34.5 	 1.15775 	 0.0534081 	 0.59639 	 0.0308009 	 0.745488 	 0.0244816 	 1 	 1.13039e-15
34.6 	 1.16361 	 0.0532429 	 0.587257 	 0.0309984 	 0.735395 	 0.0258966 	 1 	 7.68294e-16
34.7 	 1.16492 	 0.0536959 	 0.588025 	 0.0329344 	 0.732516 	 0.0291812 	 1 	 1.33484e-15
34.8 	 1.16207 	 0.0547107 	 0.598488 	 0.0364855 	 0.736896 	 0.0339116 	 1 	 1.30264e-15
34.9 	 1.15603 	 0.0561606 	 0.617957 	 0.0420153 	 0.747642 	 0.0398283 	 1 	 1.37477e-15
35 	 1.14824 	 0.05786 	 0.644865 	 0.0498106 	 0.762953 	 0.0465974 	 1 	 1.19058e-15
35.1 	 1.1403 	 0.0595861 	 0.676167 	 0.0594766 	 0.780278 	 0.0536286 	 1 	 1.50143e-15
35.2 	 1.13374 	 0.06111 	 0.707 	 0.0696621 	 0.796622 	 0.0600825 	 1 	 8.94325e-16
35.3 	 1.12977 	 0.0622345 	 0.73119 	 0.0782657 	 0.809017 	 0.0650241 	 1 	 1.1767e-15
35.4 	 1.12915 	 0.0628263 	 0.742822 	 0.0830918 	 0.815069 	 0.0676398 	 1 	 1.397e-15
35.5 	 1.13205 	 0.0628383 	 0.738424 	 0.0827405 	 0.813479 	 0.0674478 	 1 	 1.4996e-15
35.6 	 1.13812 	 0.0623102 	 0.71861 	 0.0772941 	 0.804385 	 0.0644426 	 1 	 1.43472e-15
35.7 	 1.1466 	 0.0613553 	 0.688091 	 0.0683637 	 0.789417 	 0.0591322 	 1 	 1.60161e-15
35.8 	 1.15639 	 0.0601351 	 0.653915 	 0.0583976 	 0.771403 	 0.0524452 	 1 	 1.40092e-15
35.9 	 1.16627 	 0.0588319 	 0.622917 	 0.0496201 	 0.753807 	 0.0455171 	 1 	 1.31155e-15
36 	 1.17497 	 0.0576239 	 0.599846 	 0.0432088 	 0.740019 	 0.0393923 	 1 	 1.72829e-15
36.1 	 1.18136 	 0.056665 	 0.586957 	 0.0391947 	 0.732694 	 0.0347286 	 1 	 1.57227e-15
36.2 	 1.18459 	 0.0560722 	 0.584739 	 0.0370559 	 0.733295 	 0.0316903 	 1 	 1.3178e-15
36.3 	 1.18419 	 0.0559148 	 0.592841 	 0.0364146 	 0.741919 	 0.0301722 	 1 	 1.15081e-15
36.4 	 1.1802 	 0.0562091 	 0.610467 	 0.0373655 	 0.757406 	 0.0301436 	 1 	 8.60771e-16
36.5 	 1.17323 	 0.0569113 	 0.636157 	 0.040368 	 0.777639 	 0.0316823 	 1 	 1.39111e-15
36.6 	 1.16443 	 0.0579153 	 0.667359 	 0.0457279 	 0.799939 	 0.0346695 	 1 	 1.46027e-15
36.7 	 1.15533 	 0.0590573 	 0.70026 	 0.0529994 	 0.821457 	 0.0385836 	 1 	 1.45369e-15
36.8 	 1.14763 	 0.0601354 	 0.730092 	 0.0608709 	 0.839519 	 0.0426185 	 1 	 1.03753e-15
36.9 	 1.14288 	 0.0609464 	 0.751903 	 0.0675655 	 0.851888 	 0.0459268 	 1 	 1.62032e-15
37 	 1.14219 	 0.0613342 	 0.761592 	 0.0713986 	 0.856972 	 0.0478029 	 1 	 7.26138e-16
37.1 	 1.14595 	 0.0612325 	 0.756945 	 0.071282 	 0.85397 	 0.0478022 	 1 	 1.76669e-15
37.2 	 1.15377 	 0.0606816 	 0.73837 	 0.0670839 	 0.842989 	 0.0458286 	 1 	 1.17844e-15
37.3 	 1.16461 	 0.0598146 	 0.709022 	 0.0597551 	 0.825106 	 0.0422028 	 1 	 9.48575e-16
37.4 	 1.17701 	 0.0588172 	 0.67415 	 0.051131 	 0.802339 	 0.0376998 	 1 	 1.08148e-15
37.5 	 1.18938 	 0.0578822 	 0.639761 	 0.0433695 	 0.777496 	 0.0335027 	 1 	 8.07407e-16
37.6 	 1.2003 	 0.057173 	 0.611067 	 0.0380977 	 0.753855 	 0.0309168 	 1 	 1.0713e-15
37.7 	 1.20864 	 0.0568044 	 0.591397 	 0.0357096 	 0.734695 	 0.0307179 	 1 	 1.56178e-15
37.8 	 1.21373 	 0.0568363 	 0.582087 	 0.0356006 	 0.722734 	 0.0327125 	 1 	 1.06553e-15
37.9 	 1.21534 	 0.0572769 	 0.583227 	 0.0371483 	 0.719595 	 0.0362616 	 1 	 1.04804e-15
38 	 1.21363 	 0.0580895 	 0.594501 	 0.0403018 	 0.725443 	 0.0409782 	 1 	 1.51911e-15
38.1 	 1.20917 	 0.0591971 	 0.615283 	 0.045493 	 0.738903 	 0.0467134 	 1 	 1.02358e-15
38.2 	 1.20282 	 0.060486 	 0.643832 	 0.0530904 	 0.757321 	 0.0531542 	 1 	 8.00593e-16
38.3 	 1.19572 	 0.0618091 	 0.676373 	 0.0626489 	 0.777299 	 0.0596077 	 1 	 1.35823e-15
38.4 	 1.18913 	 0.0629957 	 0.707145 	 0.0725771 	 0.795381 	 0.0651254 	 1 	 1.79858e-15
38.5 	 1.18429 	 0.0638704 	 0.729782 	 0.0806147 	 0.808704 	 0.0687866 	 1 	 1.26477e-15
38.6 	 1.18225 	 0.0642826 	 0.73941 	 0.0847596 	 0.815459 	 0.0699434 	 1 	 1.59003e-15
38.7 	 1.18365 	 0.0641436 	 0.73428 	 0.0840348 	 0.815097 	 0.0683494 	 1 	 1.17028e-15
38.8 	 1.18853 	 0.0634545 	 0.716161 	 0.0787413 	 0.808262 	 0.0641757 	 1 	 1.7275e-15
38.9 	 1.19632 	 0.0623148 	 0.689477 	 0.070201 	 0.796549 	 0.0579506 	 1 	 1.53347e-15
39 	 1.20586 	 0.0609052 	 0.659792 	 0.0602187 	 0.78216 	 0.0504629 	 1 	 1.27447e-15
39.1 	 1.21562 	 0.0594502 	 0.632332 	 0.0505258 	 0.767549 	 0.0426536 	 1 	 8.70265e-16
39.2 	 1.224 	 0.0581736 	 0.61101 	 0.0423765 	 0.755117 	 0.0354886 	 1 	 1.21844e-15
39.3 	 1.2296 	 0.0572597 	 0.598086 	 0.0363697 	 0.746954 	 0.0297767 	 1 	 1.65295e-15
39.4 	 1.23145 	 0.0568306 	 0.594366 	 0.0325376 	 0.74462 	 0.0259346 	 1 	 1.26963e-15
39.5 	 1.22923 	 0.0569363 	 0.59972 	 0.030679 	 0.748962 	 0.0239043 	 1 	 1.39209e-15
39.6 	 1.22325 	 0.0575554 	 0.613591 	 0.030764 	 0.759956 	 0.0234921 	 1 	 1.28518e-15
39.7 	 1.21443 	 0.058601 	 0.635191 	 0.033145 	 0.776617 	 0.0247941 	 1 	 1.42178e-15
39.8 	 1.20415 	 0.0599319 	 0.663191 	 0.0383282 	 0.797019 	 0.0280148 	 1 	 1.26693e-15
39.9 	 1.19403 	 0.0613681 	 0.695052 	 0.0463088 	 0.81846 	 0.0328724 	 1 	 1.1732e-15
40 	 1.18565 	 0.0627143 	 0.726497 	 0.0560136 	 0.837794 	 0.0384603 	 1 	 1.84296e-15
40.1 	 1.18036 	 0.0637887 	 0.751748 	 0.0653693 	 0.851905 	 0.0436106 	 1 	 1.88302e-15
40.2 	 1.17907 	 0.0644529 	 0.764904 	 0.0719598 	 0.858254 	 0.047282 	 1 	 1.80428e-15
40.3 	 1.18213 	 0.0646345 	 0.762048 	 0.0739685 	 0.855398 	 0.0488183 	 1 	 1.48261e-15
40.4 	 1.18933 	 0.0643377 	 0.743035 	 0.0709749 	 0.843333 	 0.0481028 	 1 	 1.90974e-15
40.5 	 1.19995 	 0.063638 	 0.711829 	 0.0641698 	 0.823571 	 0.0456118 	 1 	 1.15733e-15
40.6 	 1.21287 	 0.0626658 	 0.675075 	 0.0558336 	 0.798894 	 0.0423468 	 1 	 9.86094e-16
40.7 	 1.22675 	 0.0615836 	 0.639707 	 0.0483293 	 0.772842 	 0.0395797 	 1 	 1.70877e-15
40.8 	 1.24016 	 0.0605611 	 0.610922 	 0.0431264 	 0.749063 	 0.0383609 	 1 	 1.47148e-15
40.9 	 1.25172 	 0.0597533 	 0.591459 	 0.0404368 	 0.730673 	 0.0390066 	 1 	 1.2979e-15
41 	 1.26034 	 0.0592842 	 0.582095 	 0.0397043 	 0.719777 	 0.0411051 	 1 	 1.57922e-15
41.1 	 1.26527 	 0.0592334 	 0.582582 	 0.0403964 	 0.717236 	 0.0440463 	 1 	 1.31102e-15
41.2 	 1.26627 	 0.0596272 	 0.592255 	 0.0424167 	 0.722682 	 0.0474295 	 1 	 1.73383e-15
41.3 	 1.26363 	 0.0604322 	 0.610066 	 0.0460616 	 0.734731 	 0.0510792 	 1 	 1.28624e-15
41.4 	 1.25821 	 0.0615518 	 0.634256 	 0.0516501 	 0.751298 	 0.0548649 	 1 	 1.11821e-15
41.5 	 1.25127 	 0.0628302 	 0.662062 	 0.0590102 	 0.769932 	 0.0585377 	 1 	 1.20998e-15
41.6 	 1.24428 	 0.0640707 	 0.689709 	 0.0671889 	 0.788105 	 0.0616774 	 1 	 1.58658e-15
41.7 	 1.23872 	 0.065067 	 0.712813 	 0.0745975 	 0.803468 	 0.0637428 	 1 	 1.67026e-15
41.8 	 1.23573 	 0.0656466 	 0.727159 	 0.0794562 	 0.814073 	 0.0641839 	 1 	 1.60631e-15
41.9 	 1.23593 	 0.0657112 	 0.729735 	 0.0803336 	 0.818585 	 0.0625733 	 1 	 1.91904e-15
42 	 1.23927 	 0.0652599 	 0.719721 	 0.0766328 	 0.816481 	 0.058734 	 1 	 8.69478e-16
42.1 	 1.24514 	 0.0643856 	 0.699025 	 0.0688697 	 0.808192 	 0.0528396 	 1 	 1.55255e-15
42.2 	 1.25248 	 0.063248 	 0.671978 	 0.0585941 	 0.795144 	 0.0454667 	 1 	 1.03621e-15
42.3 	 1.26004 	 0.0620353 	 0.644147 	 0.0479162 	 0.779637 	 0.0375728 	 1 	 1.34607e-15
42.4 	 1.26662 	 0.060927 	 0.620693 	 0.0387895 	 0.764546 	 0.0303692 	 1 	 1.07002e-15
42.5 	 1.27122 	 0.0600689 	 0.605055 	 0.032375 	 0.752847 	 0.025008 	 1 	 1.52271e-15
42.6 	 1.27321 	 0.0595612 	 0.598614 	 0.0288567 	 0.747066 	 0.0220449 	 1 	 2.24894e-15
42.7 	 1.27231 	 0.0594557 	 0.601362 	 0.027867 	 0.748742 	 0.0212063 	 1 	 1.10713e-15
42.8 	 1.26866 	 0.0597567 	 0.612844 	 0.029163 	 0.758065 	 0.0221231 	 1 	 2.16675e-15
42.9 	 1.26276 	 0.0604229 	 0.632492 	 0.0329772 	 0.773774 	 0.0249498 	 1 	 1.13944e-15
43 	 1.25545 	 0.0613681 	 0.659009 	 0.0397003 	 0.793363 	 0.0297824 	 1 	 1.44471e-15
43.1 	 1.24781 	 0.0624649 	 0.689408 	 0.04904 	 0.813555 	 0.0359965 	 1 	 1.52675e-15
43.2 	 1.24112 	 0.0635535 	 0.718741 	 0.059525 	 0.830939 	 0.042463 	 1 	 7.75392e-16
43.3 	 1.23666 	 0.0644598 	 0.74108 	 0.0688994 	 0.842612 	 0.0480558 	 1 	 1.36978e-15
43.4 	 1.23551 	 0.065026 	 0.751398 	 0.0750188 	 0.846667 	 0.0519585 	 1 	 1.20885e-15
43.5 	 1.23836 	 0.065145 	 0.747286 	 0.0766491 	 0.842441 	 0.0537849 	 1 	 1.53123e-15
43.6 	 1.24534 	 0.0647921 	 0.729623 	 0.073813 	 0.830497 	 0.0535885 	 1 	 1.15852e-15
43.7 	 1.25589 	 0.0640362 	 0.702043 	 0.0676344 	 0.812407 	 0.0518046 	 1 	 1.07194e-15
43.8 	 1.26889 	 0.063027 	 0.669644 	 0.0598606 	 0.79043 	 0.0491418 	 1 	 1.26531e-15
43.9 	 1.28279 	 0.0619622 	 0.637613 	 0.0522892 	 0.767187 	 0.0464244 	 1 	 8.40647e-16
44 	 1.29591 	 0.0610448 	 0.6102 	 0.046257 	 0.745368 	 0.0443771 	 1 	 1.33535e-15
44.1 	 1.30671 	 0.0604456 	 0.59022 	 0.0423312 	 0.727484 	 0.043394 	 1 	 1.63797e-15
44.2 	 1.31405 	 0.0602787 	 0.57905 	 0.0403897 	 0.715633 	 0.0434454 	 1 	 1.11515e-15
44.3 	 1.31732 	 0.0605906 	 0.577007 	 0.0400718 	 0.711279 	 0.0442442 	 1 	 1.54326e-15
44.4 	 1.31651 	 0.0613597 	 0.583864 	 0.0412333 	 0.715034 	 0.0455495 	 1 	 1.85776e-15
44.5 	 1.3122 	 0.0625028 	 0.599186 	 0.0441106 	 0.7265 	 0.0473507 	 1 	 9.90943e-16
44.6 	 1.30537 	 0.063886 	 0.622194 	 0.0491534 	 0.744211 	 0.049783 	 1 	 1.152e-15
44.7 	 1.29731 	 0.0653396 	 0.651128 	 0.0565384 	 0.765741 	 0.0528415 	 1 	 1.33432e-15
44.8 	 1.28936 	 0.0666807 	 0.682557 	 0.0655721 	 0.788007 	 0.0561312 	 1 	 1.47845e-15
44.9 	 1.28274 	 0.0677359 	 0.711295 	 0.0744766 	 0.807738 	 0.0588764 	 1 	 1.58053e-15
45 	 1.27843 	 0.0683671 	 0.731438 	 0.0808505 	 0.822034 	 0.0601706 	 1 	 1.26151e-15
45.1 	 1.277 	 0.0684924 	 0.738298 	 0.0826035 	 0.8289 	 0.059293 	 1 	 1.73896e-15
45.2 	 1.27863 	 0.0680986 	 0.73032 	 0.0788766 	 0.827628 	 0.0559474 	 1 	 1.39356e-15
45.3 	 1.28306 	 0.067244 	 0.70986 	 0.0704511 	 0.818946 	 0.0503741 	 1 	 1.837e-15
45.4 	 1.28967 	 0.0660477 	 0.682284 	 0.0594222 	 0.804865 	 0.0433315 	 1 	 1.09595e-15
45.5 	 1.29755 	 0.0646729 	 0.65388 	 0.0483458 	 0.788272 	 0.0359667 	 1 	 1.08211e-15
45.6 	 1.3056 	 0.0633039 	 0.62978 	 0.0393318 	 0.772342 	 0.029577 	 1 	 1.55519e-15
45.7 	 1.31271 	 0.0621202 	 0.612933 	 0.03347 	 0.759923 	 0.0252188 	 1 	 1.35014e-15
45.8 	 1.31786 	 0.0612764 	 0.604333 	 0.0307482 	 0.753039 	 0.0232313 	 1 	 1.34506e-15
45.9 	 1.32035 	 0.0608825 	 0.603882 	 0.0305321 	 0.752615 	 0.0232382 	 1 	 9.60056e-16
46 	 1.31985 	 0.0609902 	 0.6111 	 0.032322 	 0.75845 	 0.0248621 	 1 	 1.07258e-15
46.1 	 1.31656 	 0.0615858 	 0.625288 	 0.0361338 	 0.769382 	 0.0281199 	 1 	 1.0033e-15
46.2 	 1.31117 	 0.0625875 	 0.645247 	 0.0422341 	 0.783573 	 0.0330461 	 1 	 1.27394e-15
46.3 	 1.3048 	 0.0638525 	 0.668912 	 0.0505351 	 0.798809 	 0.0392796 	 1 	 1.75931e-15
46.4 	 1.29883 	 0.0651948 	 0.693181 	 0.0602037 	 0.812778 	 0.0460788 	 1 	 1.01888e-15
46.5 	 1.29463 	 0.0664158 	 0.714108 	 0.0697325 	 0.82331 	 0.0525485 	 1 	 9.42782e-16
46.6 	 1.29331 	 0.0673434 	 0.727521 	 0.0773172 	 0.828589 	 0.0578418 	 1 	 1.82841e-15
46.7 	 1.2955 	 0.0678691 	 0.730011 	 0.081364 	 0.82737 	 0.0613074 	 1 	 1.33586e-15
46.8 	 1.30122 	 0.0679703 	 0.720047 	 0.0810064 	 0.819195 	 0.062607 	 1 	 2.07407e-15
46.9 	 1.30989 	 0.0677071 	 0.698761 	 0.0764659 	 0.804557 	 0.0617979 	 1 	 1.66451e-15
47 	 1.3205 	 0.0671991 	 0.669925 	 0.0690602 	 0.784962 	 0.0593542 	 1 	 1.78482e-15
47.1 	 1.33177 	 0.0665908 	 0.63894 	 0.0607546 	 0.762818 	 0.056083 	 1 	 1.66616e-15
47.2 	 1.34241 	 0.0660203 	 0.611198 	 0.0533919 	 0.741141 	 0.0528967 	 1 	 1.34709e-15
47.3 	 1.3513 	 0.0655973 	 0.590617 	 0.0480138 	 0.723103 	 0.0504745 	 1 	 6.99235e-16
47.4 	 1.35758 	 0.0653949 	 0.579061 	 0.044759 	 0.711499 	 0.0490127 	 1 	 8.8354e-16
47.5 	 1.36078 	 0.0654493 	 0.576825 	 0.0433511 	 0.708229 	 0.048311 	 1 	 1.17553e-15
47.6 	 1.36077 	 0.0657636 	 0.583586 	 0.0436444 	 0.71392 	 0.0481394 	 1 	 1.30264e-15
47.7 	 1.35783 	 0.0663108 	 0.598962 	 0.0458483 	 0.727768 	 0.0485166 	 1 	 1.34047e-15
47.8 	 1.35253 	 0.0670342 	 0.622177 	 0.0503692 	 0.747662 	 0.0496326 	 1 	 1.04869e-15
47.9 	 1.34577 	 0.0678468 	 0.651154 	 0.0572507 	 0.770572 	 0.0515059 	 1 	 1.54015e-15
48 	 1.33864 	 0.0686335 	 0.681935 	 0.0655594 	 0.793115 	 0.0537302 	 1 	 1.10652e-15
48.1 	 1.33233 	 0.0692617 	 0.709166 	 0.0733887 	 0.812159 	 0.0555608 	 1 	 1.0513e-15
48.2 	 1.32795 	 0.0696011 	 0.727588 	 0.0785725 	 0.825328 	 0.0562242 	 1 	 1.43138e-15
48.3 	 1.32636 	 0.0695524 	 0.733752 	 0.0795619 	 0.83131 	 0.0551933 	 1 	 1.24622e-15
48.4 	 1.32799 	 0.069077 	 0.727042 	 0.075962 	 0.829926 	 0.0523182 	 1 	 1.35722e-15
48.5 	 1.33272 	 0.0682139 	 0.709604 	 0.0685696 	 0.822007 	 0.0478362 	 1 	 1.28358e-15
48.6 	 1.33991 	 0.0670814 	 0.68543 	 0.0590385 	 0.809143 	 0.0423263 	 1 	 1.67354e-15
48.7 	 1.34847 	 0.0658544 	 0.65912 	 0.0493977 	 0.793401 	 0.0366446 	 1 	 1.7982e-15
48.8 	 1.35709 	 0.0647296 	 0.634819 	 0.041548 	 0.77707 	 0.0318173 	 1 	 9.7281e-16
48.9 	 1.36448 	 0.0638877 	 0.615555 	 0.0367092 	 0.762434 	 0.028783 	 1 	 1.2793e-15
49 	 1.36961 	 0.0634647 	 0.603055 	 0.0349677 	 0.751547 	 0.0279521 	 1 	 1.55695e-15
49.1 	 1.37185 	 0.0635342 	 0.59798 	 0.0355391 	 0.746005 	 0.0290438 	 1 	 1.41017e-15
49.2 	 1.3711 	 0.0641026 	 0.600411 	 0.0376924 	 0.746697 	 0.0315936 	 1 	 1.48492e-15
49.3 	 1.36774 	 0.0651131 	 0.610249 	 0.0413357 	 0.753602 	 0.0354508 	 1 	 8.78098e-16
49.4 	 1.36258 	 0.0664534 	 0.627189 	 0.0469257 	 0.765694 	 0.0406569 	 1 	 2.04045e-15
49.5 	 1.35666 	 0.0679692 	 0.650152 	 0.0548865 	 0.781005 	 0.0470092 	 1 	 1.05325e-15
49.6 	 1.35114 	 0.0694827 	 0.676513 	 0.0648398 	 0.796886 	 0.0538414 	 1 	 1.79247e-15
49.7 	 1.3471 	 0.0708151 	 0.701808 	 0.0752265 	 0.810432 	 0.0601615 	 1 	 1.67436e-15
49.8 	 1.34537 	 0.0718106 	 0.720484 	 0.0836786 	 0.819006 	 0.0649527 	 1 	 1.38667e-15
49.9 	 1.34647 	 0.072358 	 0.727628 	 0.0879319 	 0.820748 	 0.067454 	 1 	 1.38073e-15
50 	 1.3505 	 0.0724075 	 0.720904 	 0.0867868 	 0.814959 	 0.0673523 	 1 	 1.07958e-15
