time = tau * tau_parallel
rms: rms distance of hole to its origin
IPR: inverse participation ratio, IPR(tau) = sum_i (n_h(i,tau))^2, with hole density n_h(i,tau) at site i at time tau.
return prob: probability of the hole to return to its origin, n_h(0,tau).
leg imbalance: difference between the occupation in the two legs of the ladder (see Eq. (15) in the manuscript).


time, rms, IPR, return prob, leg imbalance
0.6	0.0	0.0	1.0	1.0	1.0
0.6	0.1	0.1162215404498182	0.9734586652707727	0.993012427300113	0.9865843229249707
0.6	0.2	0.2238280571173277	0.9061198571644167	0.9733920643575444	0.9511626012314255
0.6	0.30000000000000004	0.3147693417217648	0.8258775422373639	0.9449662639761056	0.9060554443074784
0.6	0.4	0.3822325650383769	0.7591261347355933	0.9133553891121888	0.865877087384626
0.6	0.5	0.42146836220151807	0.7210973778819161	0.8847077577131978	0.842094688433888
0.6	0.6000000000000001	0.4307151277615083	0.716415017640386	0.8641268448292073	0.8397019852127787
0.6	0.7000000000000001	0.4120971225545697	0.7423346871359907	0.854415778230123	0.8566842108874504
0.6	0.8	0.3724187020356062	0.7896192858620953	0.8557190942367253	0.8855700868061025
0.6	0.9	0.3238620576083952	0.842591430213859	0.8661476414072862	0.9160511363317979
0.6	1.0	0.28384552923670914	0.8822807329232333	0.8829100985385329	0.9380248800942608
0.6	1.1	0.2696584414844929	0.8940216894723075	0.9032742688098163	0.944676182825412
0.6	1.2000000000000002	0.2846852580625881	0.8757140891299497	0.9249512155894413	0.9349543301531447
0.6	1.3	0.31470568864506643	0.8397313481327595	0.9459759989344075	0.9143663102809442
0.6	1.4000000000000001	0.3422614253724776	0.8055257768822149	0.9644669716525194	0.8931361537015892
0.6	1.5	0.3557915929206141	0.7890615147544876	0.9785789226085597	0.8819108097942832
0.6	1.6	0.350003119658338	0.7974613013585639	0.9866583172199925	0.8868155866181126
0.6	1.7000000000000002	0.3248734139548769	0.8289317450026779	0.9874094998430357	0.9064809744854294
0.6	1.8	0.28594821878838517	0.872978633519375	0.9799977453701975	0.9327269689213973
0.6	1.9000000000000001	0.24651167756505526	0.9117023026726586	0.9642632840232226	0.9544058724850973
0.6	2.0	0.22895103936546873	0.9264375815660849	0.9412088008266415	0.9621536998374515
0.6	2.1	0.2510479153885926	0.9074150571073046	0.913549204376342	0.9517534695527456
0.6	2.2	0.30377165462478356	0.8589599431353965	0.8857648873682265	0.9251547146734649
0.6	2.3000000000000003	0.3639863614979122	0.7967999914023427	0.8632447070022976	0.8895480636505575
0.6	2.4000000000000004	0.4133813531723785	0.7405359217611795	0.8507215817497368	0.855300198491278
0.6	2.5	0.4407876880155468	0.7064636404121579	0.8507601408749339	0.8332183164810936
0.6	2.6	0.44063553291533025	0.7041283418326753	0.8630585467092936	0.8313797361441966
0.6	2.7	0.4119794378870894	0.7362307183852101	0.8847969189557123	0.8521193225701644
0.6	2.8000000000000003	0.35800709007045406	0.7981693489376414	0.9116618423203124	0.8903769366446161
0.6	2.9000000000000004	0.2862677120103609	0.8752864902887346	0.9389453046571524	0.9346604363027945
0.6	3.0	0.21142358037358355	0.9428867818520922	0.9623416185806513	0.970887108959835
0.6	3.1	0.16452674095930703	0.9756628365315346	0.978464565491347	0.9877317184751311
0.6	3.2	0.1834449003479383	0.9624595412265246	0.9852891582146074	0.9809792768376008
0.6	3.3000000000000003	0.24842867190335102	0.9128251479133939	0.9825333297631104	0.9547502582831688
0.6	3.4000000000000004	0.31945724392487507	0.8492054445854887	0.9716899451177885	0.9192201067000605
0.6	3.5	0.3766172208340201	0.7935157103976301	0.955438177586806	0.8863239460885411
0.6	3.6	0.41093186802810955	0.7593697551528037	0.9366200351382946	0.8655997376438465
0.6	3.7	0.4192687483791293	0.7517825323950519	0.9174246896340207	0.8615986530408117
0.6	3.8000000000000003	0.4034983351788196	0.7691685531733442	0.8993270290124892	0.8731429974420882
0.6	3.9000000000000004	0.37074695711671163	0.8037653100795844	0.8836766444479006	0.8941182058146061
0.6	4.0	0.3335714795919873	0.8415519978090887	0.872250136610136	0.9155153457056938
0.6	4.1000000000000005	0.3081704590923928	0.865565144534996	0.8671421365441179	0.9284641598979958
0.6	4.2	0.30683536809260986	0.8639877913043515	0.8699984989762384	0.9275814828502729
0.6	4.3	0.3278428382474765	0.8379911789072108	0.8811723614283993	0.9133847746024684
0.6	4.4	0.357524513961553	0.8017490736390053	0.8994070878857957	0.8924607259192466
0.6	4.5	0.38128658185092956	0.7737873134965302	0.9221717601756387	0.8749093253618487
0.6	4.6000000000000005	0.38921813035077046	0.7675319733448535	0.9462732948470921	0.869978373003486
0.6	4.7	0.37653470757853746	0.787742936031325	0.968288204224724	0.8819059571165058
0.6	4.800000000000001	0.34320249779925677	0.8309920923803104	0.9847336407614715	0.9079955999474433
0.6	4.9	0.29451796173119077	0.8858812504915489	0.9923332324513815	0.9397467195808483
0.6	5.0	0.24371658882395936	0.9342279864878392	0.9887405414622151	0.9662402311271604
0.6	5.1000000000000005	0.21568639395431893	0.9567574972990295	0.9735749114852958	0.9780591132193169
0.6	5.2	0.23438426486455735	0.9419570617074114	0.9490829589891733	0.9702730697493501
0.6	5.300000000000001	0.29084778258003163	0.8923495629914482	0.9197763113389438	0.9438664457653024
0.6	5.4	0.35768706456687177	0.8236989778402763	0.891084461671979	0.9055680690049034
0.6	5.5	0.4149664630698026	0.7575608082946705	0.8677880786244981	0.8661438101028738
0.6	5.6000000000000005	0.4514377364288366	0.7122926748022433	0.8530774522639154	0.837326529039776
0.6	5.7	0.46174877516397356	0.698300479131198	0.8484678034572226	0.8280550689550139
0.6	5.800000000000001	0.4451819658595128	0.7183089443717419	0.8541215074033863	0.8412886789412685
0.6	5.9	0.4051933311722395	0.7681328812795284	0.8690113622251647	0.8727532735518939
0.6	6.0	0.3495301917324041	0.8352320335077998	0.8908330409989657	0.9123116923257402
0.6	6.1000000000000005	0.29134635355528293	0.8990017565498425	0.916080823899035	0.9475436687713303
0.6	6.2	0.25068293744172504	0.937791032102706	0.9406875605954634	0.968141464859239
0.6	6.300000000000001	0.2477001926539846	0.9399333861135526	0.9610964979703437	0.9693579261568611
0.6	6.4	0.28130464714854064	0.9097216652674373	0.9751201540066774	0.9531993101639158
0.6	6.5	0.32996850955064805	0.8633522147413664	0.9820028372667979	0.9271204010982209
0.6	6.6000000000000005	0.37387352370411014	0.8192799201019029	0.9817481803036261	0.901020135971722
0.6	6.7	0.4015743925598563	0.7908135417450636	0.9744168959023202	0.8837662192716547
0.6	6.800000000000001	0.40846375325135864	0.7840434407402436	0.9601077714278443	0.8803045546313203
0.6	6.9	0.3957461324463819	0.7984417820846356	0.9396595987493113	0.890096126671575
0.6	7.0	0.37033296869842586	0.8268224849665591	0.9153778301880774	0.9073926732850974
0.6	7.1000000000000005	0.34448998155089855	0.8555158728007632	0.8909990942855341	0.9234568914532135
0.6	7.2	0.33274104661345555	0.8685874211117504	0.8707483520424988	0.9300771559227886
0.6	7.300000000000001	0.3435816042119857	0.8563472487672376	0.8581036736313272	0.9230030858192002
0.6	7.4	0.372491080613704	0.8219746729135095	0.8550494022599894	0.903836335992649
0.6	7.5	0.4062837091979159	0.7800743776181335	0.862057313533188	0.8795839145260366
0.6	7.6000000000000005	0.4318663821725539	0.7484488678756307	0.8783716355460929	0.8600731131433943
0.6	7.7	0.44025724046786874	0.7401729428526579	0.902059826417333	0.8542197317742304
0.6	7.800000000000001	0.42708835241566157	0.7606471057543014	0.9298000020452564	0.866522294134946
0.6	7.9	0.39245999259671027	0.8077833973682643	0.9569299521933354	0.8950931221217135
0.6	8.0	0.3413956149250189	0.8715321922739054	0.9782653136716425	0.9320056719722403
0.6	8.1	0.2857423261221547	0.9335458407841258	0.9895718911765046	0.9658605692201858
0.6	8.200000000000001	0.24728536486414138	0.9715277354624321	0.9889231134615662	0.9856379678969326
0.6	8.3	0.25113609313880814	0.9692759323325915	0.9771193765997748	0.9844828961335109
0.6	8.4	0.29759515124956315	0.926158453446428	0.9569874633550407	0.9621274568885484
0.6	8.5	0.36204845709730044	0.8579272512287182	0.9321698690172161	0.9250789508291718
0.6	8.6	0.4222722419319741	0.7878130138582567	0.9062518445743509	0.8844406840616564
0.6	8.700000000000001	0.4652235390017588	0.7354787516886777	0.8825595888427065	0.8521451401008895
0.6	8.8	0.4846805512062126	0.7117349190884934	0.8642254906951463	0.83704530155351
0.6	8.9	0.47961191461268204	0.7193181720040832	0.853910923444089	0.8422863649892787
0.6	9.0	0.45345967584258196	0.7545751874953815	0.853097692494168	0.864700443778421
0.6	9.1	0.41380879815321436	0.807207083308753	0.8615096930190639	0.8961546006104594
0.6	9.200000000000001	0.37210386495898745	0.8605794205573877	0.8772670297225815	0.9262902364796727
0.6	9.3	0.34221352003342553	0.8964340316072131	0.8977429756084044	0.9458879316955574
0.6	9.4	0.33516351740697353	0.9034437857292856	0.9204535287837835	0.9499180244194876
0.6	9.5	0.3513159749720606	0.8835250538055502	0.9433095664509286	0.9392216294590021
0.6	9.600000000000001	0.38005251224020126	0.8501085751781471	0.9641873312359871	0.9200402817238352
0.6	9.700000000000001	0.40795140585931217	0.8197378113936264	0.9804291302062673	0.9014150076498361
0.6	9.8	0.4249218539747894	0.8042338275701192	0.9889874416144866	0.891455179513165
0.6	9.9	0.4259716543343909	0.8080758393026285	0.9873814801030382	0.8940549934951779
0.6	10.0	0.41160038866261284	0.8290063065456615	0.9749008974166864	0.9074579739346015
0.6	10.100000000000001	0.3881040575817873	0.8585214940943955	0.9532059288941248	0.9252101065829981
0.6	10.200000000000001	0.3670916190213694	0.8831391733136608	0.9259139392896061	0.9389414493054844
0.6	10.3	0.36177611564250167	0.8890831828921625	0.8975379809092511	0.9416747756133967
0.6	10.4	0.3787673458027415	0.8692185069428886	0.8725148143666233	0.9303668394195391
0.6	10.5	0.4126728207213957	0.827502260810803	0.8546975630244925	0.9069920063801447
0.6	10.600000000000001	0.4508313191719294	0.777606665512826	0.8470543747459806	0.8781089458853768
0.6	10.700000000000001	0.4809294037284662	0.7367225913625258	0.8511513116625772	0.8531013725206468
0.6	10.8	0.4944746803876331	0.7187847793599335	0.8664674935781997	0.841332348559867
0.6	10.9	0.4873299965591236	0.7309967908169034	0.8901075353989412	0.8487655414601644
0.6	11.0	0.4595976525421342	0.7734271426240487	0.9174114848672796	0.8752163095541453
0.6	11.100000000000001	0.4158308552804166	0.8381796258293044	0.9433354644176324	0.9136687708208557
0.6	11.200000000000001	0.3659508629112357	0.9079151831204076	0.9638770475629334	0.9524117449799796
0.6	11.3	0.32625951688460336	0.9591410392627384	0.9767852480935023	0.9793103428541655
0.6	11.4	0.3156961749314563	0.9728550673352262	0.9813463942487869	0.98631324415875
0.6	11.5	0.34128613327707863	0.9453430995022803	0.9777098399915605	0.9721681182210891
0.6	11.600000000000001	0.390044393009272	0.8894479590858008	0.9664560698286286	0.942329589707847
0.6	11.700000000000001	0.4422884498763918	0.8259023282771615	0.9487259898215367	0.9064813468081597
0.6	11.8	0.4832571021360435	0.7731094080081989	0.9265921831159225	0.8750605660160705
0.6	11.9	0.5050051222726375	0.7422751015226078	0.9030788750943262	0.8561933764599949
0.6	12.0	0.5055089777108693	0.7376640892299469	0.8815920632876151	0.8537611614121107
0.6	12.100000000000001	0.48772752627683547	0.7578665352478913	0.8651203931380814	0.8666469355921439
0.6	12.200000000000001	0.4587317175916387	0.7954904386996253	0.8557696606902927	0.889101620551643
0.6	12.3	0.4285285368030061	0.8367358239456525	0.8547976560330883	0.9124104483651079
0.6	12.4	0.4077657380475512	0.8648924079494203	0.8627770447267108	0.9278919772626397
0.6	12.5	0.4036046288079717	0.8688555227366437	0.879428789625628	0.9304058800758658
0.6	12.600000000000001	0.41571899905006	0.8505045977295167	0.9031228589718991	0.920677597173885
0.6	12.700000000000001	0.4366826908284148	0.8232020207010826	0.9305479949817228	0.9049503107094653
0.6	12.8	0.4564694035281666	0.8026103597275857	0.9570813482788595	0.8919390645729567
0.6	12.9	0.4666414491539739	0.7987146067486937	0.977895877279954	0.8887146377621519
0.6	13.0	0.4625484498906982	0.8138843701956783	0.989274510585825	0.8976844348676914
0.6	13.100000000000001	0.44444446391397224	0.8440930469581823	0.9894572414215905	0.9159621772945464
0.6	13.200000000000001	0.41817227974218213	0.880027425160508	0.9787322191408743	0.9369426474743654
0.6	13.3	0.3948581760541783	0.9087699886145316	0.9590185021604966	0.9529003068033229
0.6	13.4	0.3874959685510855	0.9175373356306308	0.9333912058585677	0.9574192986267707
0.6	13.5	0.40316893728525655	0.8987925951021059	0.9057414537433677	0.9471353045740046
0.6	13.600000000000001	0.43739784997947523	0.8544836661719974	0.8803798207112669	0.9228488664930502
0.6	13.700000000000001	0.47808329549827977	0.7967856093561966	0.8613269883413732	0.8899855747055201
0.6	13.8	0.5129922590817401	0.7437086572820779	0.851381268176199	0.8578587096364189
0.6	13.9	0.5334646102852239	0.711603255509284	0.8514417959000755	0.8371244801555144
0.6	14.0	0.5349790780731907	0.7099383053378805	0.8605414063741249	0.8357896902834752
0.6	14.100000000000001	0.5169061370487179	0.74055188202845	0.8765552701765357	0.8555315392776637
0.6	14.200000000000001	0.48250459326775036	0.7975089055350396	0.8970482733278171	0.8905147783721225
0.6	14.3	0.43939016014104154	0.8657868316376556	0.9196955059940437	0.9296211319142721
0.6	14.4	0.3999128293599205	0.9238491304329913	0.9421736926814387	0.9609238885858528
0.6	14.5	0.37899644382404113	0.9527886472985407	0.9619171107274139	0.9760238493517399
0.6	14.600000000000001	0.38606510617366274	0.9456402291687195	0.9762057155090579	0.9723386408763754
0.6	14.700000000000001	0.41669319099673136	0.9092606985473862	0.9826908148367038	0.9529473799770017
0.6	14.8	0.4563828603870456	0.8588289793371513	0.9800489967161514	0.924838617366534
0.6	14.9	0.490756857148466	0.8105230729623911	0.9683636374986941	0.8966447680714289
0.6	15.0	0.5107765975754036	0.7767414142000391	0.9490930746675572	0.8764124176794998
0.6	15.100000000000001	0.5134263972252472	0.7644912451137718	0.924801482876231	0.869467543810181
0.6	15.200000000000001	0.5009791317894695	0.7750570242420762	0.8988916489797645	0.8765867865874306
0.6	15.3	0.47989129884903503	0.8029304612164883	0.8753495154903953	0.8932835340180542
0.6	15.4	0.45921773517762965	0.8350001589340734	0.8582655997864249	0.9111887078965684
0.6	15.5	0.4479558804383321	0.8544518545615788	0.850971328158347	0.9215866520238913
0.6	15.600000000000001	0.4512751974479705	0.850525058096924	0.8550300073365286	0.9195901289197252
0.6	15.700000000000001	0.467757478188806	0.826316532626809	0.8696497635286335	0.9065783626664788
0.6	15.8	0.4903052940623048	0.7962070151137319	0.8919297432722914	0.8893837613733994
0.6	15.9	0.5097518405064	0.7758805252162232	0.9177943750609273	0.8767806582769445
0.6	16.0	0.5182054188204392	0.7748460169023872	0.9430429669602031	0.8754377937690563
0.6	16.1	0.5111120935994734	0.7952432982772396	0.9640330949937613	0.8874315344822977
0.6	16.2	0.48853785989148757	0.8333030728030931	0.9779604214379722	0.9100105470463544
0.6	16.3	0.45602489555817377	0.8802035752417456	0.9830100951103863	0.9369199030688424
0.6	16.400000000000002	0.4245834638524641	0.92271627160839	0.9785781299135133	0.9602483444165456
0.6	16.5	0.40804682907006595	0.9456050645798106	0.9654716428198459	0.9723274425957856
0.6	16.6	0.41589106797531145	0.9369893895178204	0.9458353724462298	0.9677740426721788
0.6	16.7	0.4461480908469176	0.895172853135572	0.9226783520378137	0.9456010430358971
0.6	16.8	0.48748814020055264	0.8319173875740006	0.8991748386604271	0.9105795308075544
0.6	16.900000000000002	0.5270615703864167	0.7677069895341959	0.8781188147006334	0.8726212304999149
0.6	17.0	0.5551861730599473	0.7217920098031618	0.8617979877471253	0.8436450184519054
0.6	17.1	0.5662748773524392	0.7053926592507409	0.8521620966701338	0.8329735554812643
0.6	17.2	0.5586138361011415	0.7212885478440912	0.8508525739114081	0.8435527043410976
0.6	17.3	0.5342650963006289	0.7649375236545928	0.8587995270557212	0.871022552789724
0.6	17.400000000000002	0.499261414514089	0.8241941736143396	0.8755905528538627	0.9059495900023917
0.6	17.5	0.4635763755972981	0.8811988347306186	0.8991490511418799	0.937706463940662
0.6	17.6	0.4393824179832252	0.9186829904621929	0.926049725642012	0.9579546034363985
0.6	17.7	0.4357959248597027	0.9270320501546648	0.9522750709369402	0.9625784521607129
0.6	17.8	0.4525444071968924	0.9075181379145311	0.9739443293800576	0.9521388360046277
0.6	17.900000000000002	0.48005745266786165	0.8705852342614788	0.9877657195999618	0.9313729053981193
0.6	18.0	0.5062054157003837	0.8308269083514791	0.9913553414347982	0.9079250795498299
0.6	18.1	0.5221110165252226	0.801432822029891	0.9836727269870145	0.8901526163889218
0.6	18.2	0.5241929095764337	0.7906810703082293	0.9655477825899768	0.8841805218111437
0.6	18.3	0.5140448308508411	0.8006190569363525	0.9399309823058003	0.8912177589802169
0.6	18.400000000000002	0.49747804222422126	0.8258719637347688	0.9114623446623605	0.9066513384829662
0.6	18.5	0.482893294066767	0.853125734464802	0.8853213264836622	0.921876440417092
0.6	18.6	0.4785076389545622	0.8657062639533173	0.8658297546391772	0.9283032539836935
0.6	18.7	0.48861023048479973	0.8535970266185855	0.8555048597101881	0.9215150215923353
0.6	18.8	0.5110862509595638	0.8205751371590267	0.8549558315795869	0.9033176498193836
0.6	18.900000000000002	0.5384883851183866	0.7812717017878611	0.8634046853842011	0.8807211304584697
0.6	19.0	0.5614924754032073	0.7518836169596442	0.8792400474565117	0.8627466250839517
0.6	19.1	0.5720751708637498	0.7433483077856886	0.900220713179523	0.8569224780270797
0.6	19.200000000000003	0.5655123232469603	0.7600321109524557	0.9234780349332091	0.8668840636809072
0.6	19.3	0.541579609352246	0.8006337215836149	0.9457344587443458	0.8914161983740051
0.6	19.400000000000002	0.5052918161015634	0.8579099505288155	0.9638901593289062	0.924682188563417
0.6	19.5	0.4669884921988009	0.9175907776861035	0.9756611939182976	0.9575080214314007
0.6	19.6	0.44054737741246647	0.960063273674627	0.9798215299919557	0.9797802191067838
0.6	19.700000000000003	0.43764254167929	0.9676807746974982	0.9759655843770696	0.9836773666083455
0.6	19.8	0.45997599555935176	0.9348617290375242	0.9641867812259802	0.9667353246598626
0.6	19.900000000000002	0.49829196561506944	0.8727446262239987	0.94514891264483	0.9333205910369943
0.6	20.0	0.5394308924119549	0.8032350964954014	0.9205939078742077	0.8934961342732558
0.6	20.1	0.5724473328441029	0.7474457790046192	0.8937832354219	0.8594588970439029
0.6	20.200000000000003	0.5905317821283647	0.7182363611321719	0.8692488841251803	0.841048945661668
0.6	20.3	0.5910253383449713	0.7197673668828515	0.851698840738878	0.8423879111965514
0.6	20.400000000000002	0.5752311759478305	0.7491805170053509	0.8445988860856543	0.8610329412831355
0.6	20.5	0.5483404261474475	0.796947445474067	0.8492329959069725	0.8895901755698443
0.6	20.6	0.5190066962532921	0.8479021770465692	0.8646645591241684	0.918616717281904
0.6	20.700000000000003	0.49750777669212704	0.8855281343430064	0.8883350991961123	0.9395599012641948
0.6	20.8	0.49162182518904335	0.8985125335461742	0.9166940087493682	0.9470784946387838
0.6	20.900000000000002	0.5020549508568369	0.8858656293016154	0.945542940228633	0.940490946675787
0.6	21.0	0.5220059508963747	0.8570070394247415	0.9703361290946216	0.9240108566246007
0.6	21.1	0.5416149890191864	0.8264323455875986	0.9868656123594005	0.905377345251624
0.6	21.200000000000003	0.5528380528216443	0.8069099708751225	0.9923461010045309	0.8929795296078203
0.6	21.3	0.551937606998201	0.805651283342021	0.9863294691220548	0.8924235288024818
0.6	21.400000000000002	0.5400150891853166	0.8234414497774503	0.9707728310520889	0.9040301503551569
0.6	21.5	0.5225134857593953	0.8538995780636185	0.9491348634484678	0.9225073266844629
0.6	21.6	0.5078193062665661	0.8833460720719104	0.9250915746820765	0.9390837716238584
0.6	21.700000000000003	0.5044409497433654	0.8951938724483054	0.90168543870571	0.945216586735717
0.6	21.8	0.5169476295916587	0.8789878922358906	0.8812662505691466	0.9362243750259719
0.6	21.900000000000002	0.5431772028333974	0.8374085664877963	0.8658810396569904	0.9132831209154648
0.6	22.0	0.5753002538286175	0.7849626027644576	0.857449425353601	0.883087439061682
0.6	22.1	0.6034743538940393	0.7399596631394483	0.8573824846428083	0.8555366454084574
0.6	22.200000000000003	0.6191451492981366	0.7168081249845968	0.8659399983048571	0.8404211841253635
0.6	22.3	0.6170246936988575	0.7231231037728416	0.8819439598952444	0.8441450754960778
0.6	22.400000000000002	0.5962012086966864	0.7600592045198932	0.9031422346805291	0.8673773170842688
0.6	22.5	0.5607840496197093	0.8217538441079117	0.9268728579265922	0.9043997667729524
0.6	22.6	0.5199990803989237	0.8933671863948505	0.9504106666374512	0.9446030316391029
0.6	22.700000000000003	0.4868986709156226	0.9524491460515409	0.9708080471003162	0.9758603182481079
0.6	22.8	0.4740004555768836	0.9774379841675298	0.9847248752791704	0.9886430981456374
0.6	22.900000000000002	0.48618346336280066	0.9592000379334914	0.9889087364173594	0.9793056846340271
0.6	23.0	0.5173517858137067	0.9062490591052207	0.9813925282940006	0.9512760682535089
0.6	23.1	0.5552622782794417	0.8391917418644576	0.9626970905021299	0.9137523963385622
0.6	23.200000000000003	0.5882936475298209	0.7796734358244348	0.9361382604345541	0.878457210229854
0.6	23.3	0.6087193602428683	0.7425156879882474	0.9069221103274503	0.8556634636388125
0.6	23.400000000000002	0.6133134345077981	0.7341214040188303	0.8805381511651367	0.8508928992248617
0.6	23.5	0.603144085819753	0.7535200490629365	0.8613458918458394	0.863379550736893
0.6	23.6	0.5831817321062854	0.7924285905685662	0.851944483503638	0.886728178112486
0.6	23.700000000000003	0.5614421307370058	0.8357365613439343	0.8532407364821574	0.9114477161061113
0.6	23.8	0.5468810420354682	0.8660830461129362	0.8646876905565988	0.928456033283475
0.6	23.900000000000002	0.5456797175797223	0.8721427392037214	0.88432638365999	0.9323503286955472
0.6	24.0	0.5577475294758364	0.8547937240628053	0.9088123132342448	0.9232693206779694
0.6	24.1	0.5767112687816464	0.8258079815836407	0.9339073991317165	0.9066217777025651
0.6	24.200000000000003	0.593585463144514	0.8004428446940907	0.9555650430293208	0.8907850382913663
0.6	24.3	0.6009016692468591	0.7903917096574782	0.9710610532740738	0.8837320542904676
0.6	24.400000000000002	0.5951347345695901	0.8011048292439594	0.979391377611023	0.8899303693933921
0.6	24.5	0.5775036498452509	0.831748042388549	0.9807095900738807	0.908596687972713
0.6	24.6	0.5537635707828635	0.8746894834353095	0.9754005131541115	0.9337867408785192
0.6	24.700000000000003	0.5330285548709587	0.9151385289158657	0.9636565081607775	0.9562502467756776
0.6	24.8	0.5249713439080824	0.934670149368307	0.9458898358856406	0.9665715177801127
0.6	24.900000000000002	0.5353407893996378	0.9199691639849674	0.9235207749306743	0.958708968444193
0.6	25.0	0.562487576016518	0.871701048533595	0.8993548430357126	0.93268869424503
0.6	25.1	0.5982522426913152	0.8056079283703222	0.8771348801948382	0.8952425432766934
0.6	25.200000000000003	0.6320443562614699	0.7440744119759268	0.8605397339209813	0.8578606742840023
0.6	25.3	0.6545145104484926	0.7055074507302609	0.8522931797560979	0.8328301868633097
0.6	25.400000000000002	0.6596024926133676	0.6995998216856995	0.8538277544906171	0.8287767157404203
0.6	25.5	0.6455779740443921	0.7282294991461422	0.8653638883216066	0.8475070631749093
0.6	25.6	0.6155983295099593	0.7860408031953133	0.8859181036948922	0.8834085932436223
0.6	25.700000000000003	0.577727783313901	0.8588958926312764	0.9130186524921138	0.925537135030435
0.6	25.8	0.5437495058100197	0.924996288577895	0.9425031730136816	0.9613967476553122
0.6	25.900000000000002	0.5255729640734911	0.9623488086948344	0.9690193199834675	0.9809010402128711
0.6	26.0	0.5293429255243534	0.9591343427977344	0.9873921554726781	0.9792810735118769
0.6	26.1	0.5516856721721316	0.919623076352828	0.9942529374530742	0.958330163116382
0.6	26.200000000000003	0.5824922935839183	0.8613156868308798	0.988996191050221	0.9257981456587465
0.6	26.3	0.6109215671446283	0.8056073550189251	0.9735792441248253	0.892944920834165
0.6	26.400000000000002	0.6293062478625407	0.7689034754208917	0.951484000390187	0.8706784272844779
0.6	26.5	0.6343435885588785	0.7591630227835019	0.9266070344794102	0.8654828118661695
0.6	26.6	0.627057013383487	0.7760796842663149	0.9026148836235933	0.8768998122229676
0.6	26.700000000000003	0.612319318863146	0.8108091256433597	0.8827182039471391	0.8979060613913147
0.6	26.8	0.597745483212174	0.8467033841691721	0.8694680428974682	0.9181369958355596
0.6	26.900000000000002	0.5912835981270315	0.8656496246873709	0.8643536985256357	0.9284288110631593
0.6	27.0	0.5975558354707677	0.8581866327229684	0.8674345826243499	0.9245491394547918
0.6	27.1	0.6150550586197867	0.8289254040652639	0.8774355521477039	0.9085566273804907
0.6	27.200000000000003	0.6367755082725213	0.7926114150543057	0.8924098369916422	0.8875194986317136
0.6	27.3	0.6537690221879774	0.765386850720659	0.910526955871341	0.8705334529291049
0.6	27.400000000000002	0.6588427635363893	0.7585642013930224	0.9303540599576614	0.8654432344119829
0.6	27.5	0.6487935013031362	0.7770975101004512	0.9504231662434743	0.8762953852992925
0.6	27.6	0.6252393246206291	0.8198112293433789	0.9685565093937077	0.9019037782750194
0.6	27.700000000000003	0.5944869850677766	0.8783575514422705	0.981713106763508	0.935674607622623
0.6	27.8	0.5664319305573088	0.9357697592923726	0.9867172330819871	0.9670180381825887
0.6	27.900000000000002	0.5518402233890535	0.9694163602563495	0.9814877319512527	0.9845599859812442
0.6	28.0	0.557738161285299	0.9614710157403583	0.9659834512236296	0.9804686644644057
0.6	28.1	0.5833970696554803	0.9110457349982832	0.9423446956097206	0.9540771039570538
0.6	28.200000000000003	0.620780668484663	0.8363267380010576	0.9143257131984102	0.9127890720176408
0.6	28.3	0.6587961698815875	0.763588183613077	0.8864874089495766	0.8695119401637739
0.6	28.400000000000002	0.6873743228347171	0.7136896617876682	0.8634902221940797	0.8377659970373876
0.6	28.5	0.6997544615858508	0.6968579067488514	0.8494584528757353	0.8268008267495766
0.6	28.6	0.6935768523257982	0.7146927466311228	0.8472322078529134	0.8387836793874264
0.6	28.700000000000003	0.6713505230431757	0.7620827391942284	0.8575524055206268	0.8688053406450725
0.6	28.8	0.6402326816929821	0.8266701676627838	0.8785778836949922	0.9070832904658239
0.6	28.900000000000002	0.6105864257788134	0.8894944652637934	0.9061935993905021	0.942144063265126
0.6	29.0	0.5926820954501714	0.9301512426824329	0.9351724269410903	0.9640244571011319
0.6	29.1	0.5920968852272855	0.9355019725174489	0.9606764835967577	0.9670288003341453
0.6	29.200000000000003	0.60689727371489	0.9068513375211965	0.979332397346666	0.9516300260738094
0.6	29.3	0.629385914231534	0.859606958756044	0.9894579603424989	0.9247277680937871
0.6	29.400000000000002	0.6505728946702035	0.814554406092036	0.9906720597662103	0.8974708090768214
0.6	29.5	0.6637084352456933	0.7877786327154931	0.9834734713426091	0.8808603664690936
0.6	29.6	0.665812111839778	0.7864523651945329	0.96912396904324	0.8809166464807721
0.6	29.700000000000003	0.6579706787829057	0.8089902101989808	0.9496644035629965	0.8959589203174796
0.6	29.8	0.6449937030340561	0.8447823140352047	0.9277125611617192	0.9175905445690442
0.6	29.900000000000002	0.6342369387060663	0.8757461540443002	0.9059838124224289	0.9348309772429155
0.6	30.0	0.6330168687377921	0.8842373088441285	0.8868392830906605	0.9390859833210138
0.6	30.1	0.6449393951871094	0.8633323329540858	0.8721755898958953	0.9275022652732048
0.6	30.200000000000003	0.6674431998875356	0.820517291760297	0.8636285506445088	0.9035639148943581
0.6	30.3	0.6928318445533282	0.7724237921860269	0.8627271053452075	0.8753770659253385
0.6	30.400000000000002	0.7119188114991708	0.7363581199709097	0.870627164474813	0.8528576923690606
0.6	30.5	0.7175918373926119	0.7247097673650958	0.8874069936606725	0.8447942314834357
0.6	30.6	0.7068791198748734	0.7435074942228628	0.9113490976233005	0.8561854269897993
0.6	30.700000000000003	0.6816188188105047	0.792384197060991	0.9387931056304508	0.88615721082994
0.6	30.8	0.6481967193602189	0.8627918278589376	0.9648296425565369	0.9272213590200042
0.6	30.900000000000002	0.6164460485583626	0.935456756040516	0.9845383350678517	0.9668764469962569
0.6	31.0	0.5971921006469607	0.9836067184513894	0.9941548275854142	0.9917605438229828
0.6	31.1	0.5980721722423651	0.98594105358462	0.9917584248719166	0.9929410619260407
0.6	31.200000000000003	0.6195094917832248	0.9408047641669938	0.9775209499121453	0.9697501552554944
0.6	31.3	0.6544736533256316	0.8674124893276257	0.9537299418655449	0.9300568289746939
0.6	31.400000000000002	0.6922494070657185	0.7928586214017488	0.924574470006197	0.8868744713702064
0.6	31.5	0.7226832050755189	0.7381883919835059	0.8954591429224933	0.8532416505472533
0.6	31.6	0.738801231856042	0.7137197175433585	0.8717754473774669	0.8378971372872636
0.6	31.700000000000003	0.7380356139634305	0.7212755834146344	0.8575023485666395	0.843241440878496
0.6	31.8	0.7225850988622677	0.7564554219849193	0.85427667115595	0.8655598452451003
0.6	31.900000000000002	0.6989021057717172	0.8085968726109691	0.8613706737834901	0.896671492061601
0.6	32.0	0.6759558645771738	0.8610026944291417	0.876474636216999	0.9263157796007478
0.6	32.1	0.6621101501160703	0.8950152318539838	0.8967250377336009	0.9450277077086668
0.6	32.2	0.661554243227235	0.898443800291674	0.9193874302368263	0.9472141535738937
0.6	32.300000000000004	0.6725597015714668	0.8732360397034135	0.9419944882400413	0.9335226959863897
0.6	32.4	0.6889772922383235	0.8349269788679572	0.9622076210669026	0.9111098942464247
0.6	32.5	0.7035438300756338	0.8030923106309352	0.9778127133051345	0.8909497978533094
0.6	32.6	0.7106732067921187	0.7914266465695441	0.9869861988725214	0.8829507965532817
0.6	32.7	0.7079428159107813	0.8044867713064059	0.9886025077385246	0.8912733347119238
0.6	32.800000000000004	0.6966486242677362	0.8382464419410575	0.98231057743584	0.912425702706565
0.6	32.9	0.6817002414336003	0.8801676474858138	0.9684194128016776	0.9370915422780587
0.6	33.0	0.6705142658201164	0.9116387986677564	0.9479020313267413	0.9544245208167277
0.6	33.1	0.6703271192060656	0.9158873682965598	0.9226903643025434	0.956433330572857
0.6	33.2	0.6844408800571147	0.8870035599805784	0.8960025471839542	0.9406557258424142
0.6	33.300000000000004	0.7098949343775037	0.8331567877161723	0.872191270676776	0.9106819351067481
0.6	33.4	0.7387080439599204	0.7722422779389373	0.8558459884883242	0.8749924695525979
0.6	33.5	0.761566121304814	0.7237430929607835	0.8504491907926804	0.8446479522276926
0.6	33.6	0.7712707592598698	0.702105397420092	0.8572759633791891	0.8301529679135605
0.6	33.7	0.7646703732554815	0.7144996637274273	0.8750858642902922	0.8379555607833858
0.6	33.800000000000004	0.743230188842493	0.7610832472695109	0.9006196374730764	0.8675997646525295
0.6	33.9	0.7126923539821818	0.8334599685082228	0.9294623213557883	0.9109567846792119
0.6	34.0	0.6819665724701047	0.9119110954525544	0.9568310126843602	0.9545206237942792
0.6	34.1	0.660950603603633	0.9689475423319748	0.9782001853240772	0.9843168452993011
0.6	34.2	0.65706998191832	0.9827468304438275	0.9899654830326403	0.9913288743464537
0.6	34.300000000000004	0.6718051784894391	0.9505641855539929	0.9902402837957079	0.9747834729262607
0.6	34.4	0.6999126619519078	0.8891123157500647	0.9794868360990946	0.9417942164904007
0.6	34.5	0.732151067775657	0.8226388811626673	0.9604683413876708	0.9039541254703188
0.6	34.6	0.7591755288899577	0.7707897225384589	0.9373125872244089	0.8729016788885748
0.6	34.7	0.7744015908282659	0.7441528079704337	0.9141135826301787	0.8567688325957731
0.6	34.800000000000004	0.7754506705308277	0.7454833399655966	0.8938765484262408	0.8583188580196108
0.6	34.9	0.7644625364769762	0.7712550534528395	0.8783356683448684	0.8746893725527336
0.6	35.0	0.7473382121310892	0.8114710845889199	0.868468022115337	0.8984940541089373
0.6	35.1	0.7317875740198797	0.850194220714776	0.8650345311274826	0.9201685414116569
0.6	35.2	0.7243790329426149	0.8705227900778599	0.8686230782717589	0.931248908472032
0.6	35.300000000000004	0.7277232763820102	0.8635371900356884	0.8792457157767684	0.9276732095625284
0.6	35.4	0.7395274115098421	0.8345177657004302	0.8959611705805979	0.9117018976573503
0.6	35.5	0.7541242394550827	0.7999309292847419	0.9168925717097021	0.8912679459677806
0.6	35.6	0.7651788873348881	0.7774655208437142	0.9395731498442388	0.8766728885301488
0.6	35.7	0.7679751432829595	0.7780167910532908	0.9612609401715112	0.8760133784133832
0.6	35.800000000000004	0.7607506479407515	0.8038705555448764	0.9790081654247927	0.8915562429775342
0.6	35.9	0.745270441889002	0.8493851354598266	0.9896944823820596	0.9187841753742894
0.6	36.0	0.7267391459312897	0.9011618309083512	0.9904714306091859	0.9483178093360085
0.6	36.1	0.7127059561053805	0.9402887557578752	0.9797774726077094	0.9695083711110812
0.6	36.2	0.7104717273762727	0.9492010411274678	0.9584445938375687	0.9740976756063495
0.6	36.300000000000004	0.723507293481322	0.9204236511384352	0.9300520614390752	0.9588549485797667
0.6	36.4	0.7491859771780807	0.861318604840373	0.9000582013668645	0.9267317625783688
0.6	36.5	0.7798720491243576	0.7910502643471948	0.8741093472979116	0.8863354885904193
0.6	36.6	0.8064121735729651	0.7315500226586316	0.8564974062320263	0.8496420948539505
0.6	36.7	0.821485087686941	0.698979786540718	0.8494898641555515	0.8282921608536014
0.6	36.800000000000004	0.8214951922492474	0.7008844831724903	0.8534817621139894	0.8295275636310742
0.6	36.9	0.8071162380424827	0.7373152688833639	0.8673918216784405	0.853333977941175
0.6	37.0	0.7829429152276352	0.8005038764921282	0.8888728313560897	0.8921492114099874
0.6	37.1	0.7564490468119459	0.8730242194766592	0.914434764020007	0.9334953401632106
0.6	37.2	0.736110103926692	0.9308592997078999	0.939876580597338	0.9645434422919118
0.6	37.300000000000004	0.7286306608151714	0.9540887776848304	0.9611946976123806	0.9766802988657429
0.6	37.4	0.7361638594735485	0.9377913448781711	0.97562127507825	0.968199629610508
0.6	37.5	0.7553611728260967	0.8936062316319006	0.982153172900143	0.9442424431094482
0.6	37.6	0.7791101032620507	0.8414306133706052	0.9812040031764947	0.9143854479244876
0.6	37.7	0.7996514882137888	0.7991685704098782	0.973692830867839	0.8890629109126572
0.6	37.800000000000004	0.8112846591525954	0.7774283576204986	0.9603714145411021	0.8760797633562447
0.6	37.9	0.8119366663760301	0.7793082818750826	0.9419653769280839	0.8781776961765055
0.6	38.0	0.8035829260856076	0.8012445001311145	0.9199106927768662	0.8923119675639002
0.6	38.1	0.7915087180757476	0.8329020732530933	0.8968683298873628	0.9109394755343901
0.6	38.2	0.7823547677114666	0.858753170709547	0.8764006845394435	0.9250042440882145
0.6	38.300000000000004	0.7813247043048608	0.8643662802305988	0.8619763920111786	0.9275685241588646
0.6	38.400000000000006	0.7897918775744072	0.8448122076996413	0.8560299618510994	0.9166483833997424
0.6	38.5	0.8047898255418704	0.8082203017726428	0.8596174157787368	0.8960947837654223
0.6	38.6	0.8206204743663699	0.7710634909354602	0.8725587075358017	0.8741728555206388
0.6	38.7	0.8313190717778787	0.7494083796423129	0.8935567196826455	0.8604068168772774
0.6	38.800000000000004	0.8326715159347494	0.7529422735924433	0.920012679945646	0.8619013021627067
0.6	38.900000000000006	0.8233753574364563	0.7837655999809169	0.947832722963115	0.8805216981733074
0.6	39.0	0.8054897664494995	0.8366911595061811	0.9718237662188801	0.9119667726495805
0.6	39.1	0.7842594327597167	0.8987199502638492	0.9869497097349992	0.9470341384986423
0.6	39.2	0.7670616082394236	0.9501420219285268	0.989987872480797	0.9745961467240554
0.6	39.300000000000004	0.7611058425390556	0.970845451854093	0.9806389108901885	0.9852898494320573
0.6	39.400000000000006	0.7702680726512231	0.950383387179803	0.9614045904142391	0.9747493698609347
0.6	39.5	0.7928899875408107	0.8946688886137146	0.936396721535467	0.9452913545942188
0.6	39.6	0.8223943564980408	0.823166525258959	0.9099390637070713	0.9053483079912397
0.6	39.7	0.8502426347068989	0.7585586540081793	0.8857595232224359	0.8667219399570976
0.6	39.800000000000004	0.8691100648252342	0.7173699993400371	0.8668698825914046	0.8406547495490887
0.6	39.900000000000006	0.8748894544943091	0.7072320944365368	0.8556171758226678	0.8342165416270362
0.6	40.0	0.8673941637967875	0.7285399567697006	0.8534359352420998	0.8482401516787771
0.6	40.1	0.8500838998462705	0.7752859175542334	0.8603945889901797	0.8773100617090115
0.6	40.2	0.8290424975483968	0.8341640777429099	0.8750514908382132	0.9116486925989399
0.6	40.300000000000004	0.8112767467303934	0.8860433611296761	0.8949459786835373	0.940336060178816
0.6	40.400000000000006	0.8024972272057532	0.9130484516287841	0.9174474615475066	0.9549575454902048
0.6	40.5	0.8050359665590853	0.9080030457980488	0.9403084102234663	0.9524748320620845
0.6	40.6	0.8169968904424828	0.87837641843598	0.9615281268364431	0.9361732773742584
0.6	40.7	0.8332430368595978	0.840903285290967	0.9788120931502369	0.9141911283845725
0.6	40.800000000000004	0.8476267550261011	0.8118476076756971	0.9893614966925066	0.8961479920489208
0.6	40.900000000000006	0.8553105499663096	0.8007486169098105	0.9904895167330557	0.8892344705349892
0.6	41.0	0.8544031503029934	0.8096225091744872	0.9808140714991641	0.8953935766430363
0.6	41.1	0.8465985647088934	0.8338341767108287	0.9612003279975642	0.9107783715228825
0.6	41.2	0.8366410253418066	0.8625456176161488	0.9347609638416617	0.9276398647466301
0.6	41.300000000000004	0.8305326790855139	0.8812296654345932	0.9059416052012507	0.9376638817278692
0.6	41.400000000000006	0.8328826361965077	0.8778948944269955	0.8793519596211671	0.9352218421411629
0.6	41.5	0.8446298419686111	0.8497050126357409	0.8589899757485238	0.9193495648408374
0.6	41.6	0.8625779438136018	0.8050749320052532	0.8479381952757247	0.8940854087100262
0.6	41.7	0.8809662816854333	0.759771253243618	0.8481216441847717	0.8673490216209758
0.6	41.800000000000004	0.8938669943424982	0.7298788908173488	0.8598170937281722	0.8486303370407268
0.6	41.900000000000006	0.8971244559229031	0.726230212257793	0.8811451020885723	0.8458533736199263
0.6	42.0	0.8894044954684468	0.7526097910639058	0.9081246438050025	0.8622435122439447
0.6	42.1	0.8725127954879214	0.8056011599220193	0.9356039229557405	0.8945091421633797
0.6	42.2	0.8511613755944709	0.873341064790347	0.9587260286169687	0.9334545189408595
0.6	42.300000000000004	0.8320759813407893	0.9356105474228972	0.9741549330143512	0.9670884682858502
0.6	42.400000000000006	0.8221465784240618	0.9702575604572792	0.9804668850612889	0.9849940070794417
0.6	42.5	0.8257602058371419	0.9644658547686134	0.9777417931367929	0.9820398761374435
0.6	42.6	0.8425927167075475	0.9218888142508492	0.9669252277342569	0.9598777838088122
0.6	42.7	0.8675673374658515	0.8594481789119104	0.9495279707539258	0.9258350641691935
0.6	42.800000000000004	0.8931478950657658	0.7975146078032904	0.927729103386371	0.890052346874707
0.6	42.900000000000006	0.9123469389154176	0.7517816633768404	0.9044543636905603	0.8622682852585604
0.6	43.0	0.9208868496595172	0.73076433163375	0.8830117666739745	0.8492895501423179
0.6	43.1	0.9180501977216263	0.7367882000048523	0.866364218013531	0.8534461757326005
0.6	43.2	0.9064412584309174	0.7666379266345981	0.8565545254968006	0.8720099214759341
0.6	43.300000000000004	0.8909812875540019	0.8105956977884804	0.8546671456840257	0.8978008011646483
0.6	43.400000000000006	0.8773720291342927	0.8526950588831669	0.8611409396744072	0.9213515589132584
0.6	43.5	0.870290868724216	0.8762600033113713	0.8758819542011435	0.9343882677039286
0.6	43.6	0.8718118056786495	0.8734292674440679	0.8978852044426102	0.9332946733954797
0.6	43.7	0.8807189561150601	0.8504034754631823	0.9246799251373521	0.9207106892917661
0.6	43.800000000000004	0.8930870501929565	0.8226358622015404	0.9522301089982129	0.9041994151831644
0.6	43.900000000000006	0.9038581251267125	0.8048434532359969	0.9756513291138115	0.8925877711816477
0.6	44.0	0.9087497942208214	0.804810726754188	0.9905119207870474	0.8919250102687051
0.6	44.1	0.9058830609145255	0.8229862694411727	0.9940706452971957	0.9030706374145331
0.6	44.2	0.8966728050281035	0.8538042164947015	0.9858661543735375	0.9217887828904081
0.6	44.300000000000004	0.8855884068776015	0.8866558617651045	0.9675327386425129	0.9407975955319132
0.6	44.400000000000006	0.8785591751717989	0.9080961074980517	0.9421863815827018	0.9524799084562603
0.6	44.5	0.8803762872568286	0.9063884665454716	0.913817780799275	0.9512244410055036
0.6	44.6	0.8923322972172975	0.8770196890104048	0.8868120673393494	0.9350909978820137
0.6	44.7	0.911584724274934	0.8262746659895406	0.8653802502971796	0.9068154930650608
0.6	44.800000000000004	0.9325569033717115	0.7698473395408919	0.8527532874855277	0.8738214273210404
0.6	44.900000000000006	0.9492338865195185	0.7261288680822648	0.8504003434623925	0.8465553983352727
0.6	45.0	0.9570708469163831	0.7087320166050479	0.8577767977172087	0.8349840981344618
0.6	45.1	0.9540599862123591	0.7234477738297841	0.8728202376848636	0.8444244373551941
0.6	45.2	0.9411126147735982	0.7684835833868007	0.8928439246211876	0.8728719975699502
0.6	45.300000000000004	0.9219539969775942	0.8336133441324016	0.9152136226547809	0.9115108751690217
0.6	45.400000000000006	0.9024624721870577	0.899973059321818	0.9374852717562353	0.9482667699206098
0.6	45.5	0.8891758904637262	0.9459394579433814	0.9572059585179741	0.9724874563523322
0.6	45.6	0.886967635993242	0.9574209014089288	0.9718444684765418	0.9784304288111659
0.6	45.7	0.8968191200548532	0.9341796459417722	0.9791320415135351	0.9663160558029062
0.6	45.800000000000004	0.9152441051775089	0.8877635478989512	0.9776742155268345	0.9412391932998864
0.6	45.900000000000006	0.9359546150138196	0.8345268311634931	0.9674245957024206	0.9110807720222287
0.6	46.0	0.952622757873849	0.7893393403746485	0.9497205841112699	0.8843550021660174
0.6	46.1	0.9611355567230092	0.7624537429148938	0.9269480951892347	0.8682115918384248
0.6	46.2	0.9605854829240349	0.7587565016739679	0.9021559122441976	0.8664838642780133
0.6	46.300000000000004	0.9530741698354184	0.7772840756203909	0.8788236144086071	0.8781334419431044
0.6	46.400000000000006	0.9427114891255065	0.8098751611343876	0.860640715736434	0.8971164676539908
0.6	46.5	0.9341865528852109	0.8414641656863386	0.850990615026939	0.9145323563945406
0.6	46.6	0.9312414984594839	0.856226613973502	0.8520863516087344	0.9225717171886474
0.6	46.7	0.9354153528381487	0.8475726537371763	0.8641440077367644	0.918254188986131
0.6	46.800000000000004	0.9454751021789038	0.8226383590129146	0.8851308390157688	0.9047327944811662
0.6	46.900000000000006	0.9578139833490564	0.7964853383990009	0.9112952536234099	0.8894449471566357
0.6	47.0	0.9677324160914499	0.7825529724072137	0.9381756428994398	0.880398255761929
0.6	47.1	0.9711657854732123	0.7876540193963061	0.9615585778443385	0.8827614146313719
0.6	47.2	0.9662896217194135	0.8121112099265555	0.9780679626641923	0.8972181073727049
0.6	47.300000000000004	0.9544724914729511	0.8510343256680415	0.9854502480570357	0.9201639169888188
0.6	47.400000000000006	0.9401525149859415	0.8947085228102434	0.9827909468459036	0.9449871197667694
0.6	47.5	0.9294212180895816	0.9292646620455676	0.9707249703608148	0.9637732953857071
0.6	47.6	0.9275910448263621	0.9398886619174709	0.9514290699313989	0.9693039286086843
0.6	47.7	0.936799577457695	0.9173866620916165	0.9281630193179315	0.9573945198115741
0.6	47.800000000000004	0.9550603186484429	0.8649976675787924	0.9044367113313417	0.9290959133676532
0.6	47.900000000000006	0.9772842155217838	0.7991289899242823	0.8832263507007904	0.891540833022873
0.6	48.0	0.9973871890786241	0.7413891268350569	0.866672840328458	0.8562349432480204
0.6	48.1	1.010233472408433	0.7083962971796666	0.8563063636572869	0.8348682832149391
0.6	48.2	1.0128579851546504	0.7076622712849192	0.8533861925314461	0.8345018604561114
0.6	48.300000000000004	1.0050477506252733	0.7387112501386254	0.8588606199144495	0.854721809494477
0.6	48.400000000000006	0.9894451344349464	0.793502226006507	0.8728492985178979	0.8882301668486384
0.6	48.5	0.9710914675954867	0.8563992929627421	0.8940604590838619	0.9242100166651139
0.6	48.6	0.9561449057827528	0.9081931669716721	0.9196760409288066	0.952398802302104
0.6	48.7	0.9497511981937145	0.9337379413319707	0.9458604678466965	0.9660394113930723
0.6	48.800000000000004	0.9538386979559234	0.9280094600977463	0.9685738108716867	0.9631209683887602
0.6	48.900000000000006	0.9662385719400441	0.8970695222931401	0.9842610994153232	0.9462940513983987
0.6	49.0	0.9818720138700666	0.8543401584538755	0.990283190269971	0.9219343711414526
0.6	49.1	0.9951923634737504	0.8147744936541016	0.9852657222988582	0.8984287027133607
0.6	49.2	1.0023860445489179	0.7899642908401058	0.9695169115229502	0.8836335866597675
0.6	49.300000000000004	1.002455310729021	0.7858352536074178	0.9453534362815627	0.8819685738268299
0.6	49.400000000000006	0.9971507462650978	0.8017083340909656	0.9169471855935685	0.8923658760878838
0.6	49.5	0.9900960216872216	0.8291367109216986	0.8894568116363009	0.9084565364365386
0.6	49.6	0.98545819383849	0.8529961686060911	0.8676713232027242	0.9213927299610971
0.6	49.7	0.9864786812193984	0.8585079169780856	0.8547980007232846	0.9240597742813645
0.6	49.800000000000004	0.9942499410495343	0.8407474966825873	0.8519937525465033	0.9144026007529723
0.6	49.900000000000006	1.0071877421748054	0.8077311747420395	0.8587218658628583	0.8961224458512708
0.6	50.0	1.0214717935625697	0.7744499193072543	0.8734325496529157	0.8767038327820933
0.6	50.1	1.0323246700274338	0.7545076944457967	0.8939674040406027	0.8642065067736489
0.6	50.2	1.0356760022576108	0.7558778719047495	0.9175705984609466	0.8644470939869393
0.6	50.300000000000004	1.0296852292562622	0.7807929469625122	0.9409215506201789	0.8793390879817615
0.6	50.400000000000006	1.0156585419475512	0.826266027092542	0.9605962732518201	0.9063282991120446
0.6	50.5	0.9979836650911417	0.8832406587268007	0.973849377295158	0.9387409955800248
0.6	50.6	0.9828800763795417	0.9358557920940738	0.979188493640664	0.9671780346089294
0.6	50.7	0.9761716872956895	0.9646182200763408	0.9763556998230157	0.9821157454159307
0.6	50.800000000000004	0.9809336479657232	0.9552006735485254	0.9658719402924425	0.9772783536236463
0.6	50.900000000000006	0.9962532231855635	0.9079486788617301	0.9486761386631165	0.9525100930674635
0.6	51.0	1.017778240700937	0.8392628617337509	0.9262400950362348	0.9145749451145171
0.6	51.1	1.039530382504993	0.7724350921462898	0.9010165221880373	0.8750634569296933
0.6	51.2	1.0558952726672601	0.7262225405631716	0.8766570427339432	0.8461090678437286
0.6	51.300000000000004	1.0631002295640448	0.7100843340181988	0.8575072784607314	0.8359000501367124
0.6	51.400000000000006	1.0600504087855667	0.7253910033633949	0.8474343504504341	0.8460511569463532
0.6	51.5	1.0485730534766555	0.7666837422743608	0.8486210287593215	0.8717244166342357
0.6	51.6	1.0330137555866132	0.8215978042202187	0.8610278894587421	0.9039154258506562
0.6	51.7	1.0190324681429128	0.8728034973105422	0.8826818108983137	0.9326093992019219
0.6	51.800000000000004	1.0116468630186117	0.9038177826201654	0.9103260296928706	0.9497483268433109
0.6	51.900000000000006	1.0131752809007757	0.9062510851709273	0.9398985652013166	0.9514598715280623
0.6	52.0	1.0222501734661282	0.8837322508412461	0.9668126409268536	0.9391625879700506
0.6	52.1	1.0346339032130762	0.8493693734104314	0.9864663726167807	0.9191039565666574
0.6	52.2	1.0453143597339127	0.8185591337411267	0.9952552125158041	0.9001410400841654
0.6	52.300000000000004	1.0506211725492518	0.8026430015303347	0.9917414035018554	0.8903041408157375
0.6	52.400000000000006	1.0494582250450164	0.8065696826958327	0.9772182272848808	0.8934559306001153
0.6	52.5	1.0434579310296657	0.8284745843272471	0.9551732350914988	0.9075717745986107
0.6	52.6	1.0362546155016343	0.8589117914973775	0.9299148143443886	0.9255577335855465
0.6	52.7	1.0321543093851662	0.8822980740740817	0.9052173292949742	0.9383339428888253
0.6	52.800000000000004	1.034529896454227	0.8837803868551896	0.8837470364470228	0.9387737565165079
0.6	52.900000000000006	1.0444348015132086	0.8581993305360771	0.867341421886334	0.9246909973776972
0.6	53.0	1.060020555544162	0.8135191219065878	0.8575324125032163	0.8996711944589568
0.6	53.1	1.0770704317930169	0.7659928353130477	0.8556227438317195	0.8716968158620266
0.6	53.2	1.0904229907076546	0.7319641174040399	0.8621900828086633	0.8503948199870318
0.6	53.300000000000004	1.0957067626441068	0.7224880979429313	0.8765345647028656	0.8439100821991244
0.6	53.400000000000006	1.0908250474625873	0.7422438857229456	0.8966585527202694	0.8561919862303011
0.6	53.5	1.0768041300350328	0.7897322768112103	0.9198222526178739	0.885370224980604
0.6	53.6	1.0577510911326269	0.8559284188074132	0.9431572414512452	0.9238648595223607
0.6	53.7	1.0397801833341223	0.9230753050008697	0.9638469636246971	0.9605032123750524
0.6	53.800000000000004	1.029019093189209	0.9685295789164239	0.9789614772460493	0.9841130672588838
0.6	53.900000000000006	1.0293123882914594	0.9748268571642023	0.9855320428289813	0.9873181519224056
0.6	54.0	1.0407189835054758	0.9395471744802977	0.9813057142321736	0.9691044692409672
0.6	54.1	1.059658388029773	0.8767258394241367	0.9659218062190738	0.9352053959901049
0.6	54.2	1.0805072656840593	0.8086623265115408	0.941675151870007	0.8961624770975815
0.6	54.300000000000004	1.097638803392486	0.7552512793592603	0.913168389512299	0.8637484250946637
0.6	54.400000000000006	1.1070476860219274	0.7283295385508677	0.8859277381282402	0.8470407749800982
0.6	54.5	1.1072788246142833	0.7316110325407461	0.8647875498638292	0.8495540522265095
0.6	54.6	1.0996882085039603	0.7616529712481119	0.8529082610967237	0.8683793706515037
0.6	54.7	1.088040457095969	0.8075478110912216	0.8516706385357609	0.8954996820893346
0.6	54.800000000000004	1.0773689447092487	0.8521756597971817	0.8609892955607147	0.9207538330050195
0.6	54.900000000000006	1.0721851450017856	0.8783106744661476	0.8794569406661984	0.9354799747502034
0.6	55.0	1.0746133864388927	0.8774562462183647	0.9042371442677587	0.9356207825056486
0.6	55.1	1.0834424435646588	0.8544656579536304	0.9311858936276777	0.9231056253831474
0.6	55.2	1.0947501854626458	0.8237039106891603	0.9556584865245629	0.9048836370090004
0.6	55.300000000000004	1.1037491706362994	0.8004969013495327	0.9738231491202132	0.8899901289431967
0.6	55.400000000000006	1.1068185382070008	0.794998619879067	0.9836990088184986	0.8858999822355168
0.6	55.5	1.1028586617856422	0.8107564646376939	0.985222730200325	0.8956039229594089
0.6	55.6	1.0936449020351808	0.8447576056346158	0.9794061401218511	0.9163859402028781
0.6	55.7	1.083217373584854	0.886601651736669	0.9673700474949827	0.9406364959499185
0.6	55.800000000000004	1.0764913303814292	0.9192339596558682	0.9500433066750273	0.9584712202888751
0.6	55.900000000000006	1.0774391613704153	0.9250347965448668	0.9286274461537034	0.9613894176161134
0.6	56.0	1.0874690476372344	0.8958357619424093	0.9052209776734425	0.9457259237054176
0.6	56.1	1.104734740805339	0.8392047293141044	0.8829007631993153	0.9145180937142093
0.6	56.2	1.124722162361763	0.7748295183415083	0.8650855967175568	0.8768882847163422
0.6	56.300000000000004	1.1417900778030103	0.7239609656288495	0.8546296109276548	0.8450140584975875
0.6	56.400000000000006	1.1509923108893347	0.7009752985368106	0.8532496906370388	0.8297805184116122
0.6	56.5	1.1496191709464811	0.7117425400887095	0.861475807469927	0.8368113854858604
0.6	56.6	1.1381141437517563	0.7549994925681071	0.8787692547516565	0.8644609759795855
0.6	56.7	1.1201253757051113	0.8217668765227721	0.9033694852306907	0.9045037372027867
0.6	56.800000000000004	1.1015319150834697	0.8943360062576035	0.9319307138993397	0.9450688944886819
0.6	56.900000000000006	1.0885321611888283	0.9499721897104271	0.9595578100462498	0.9745158130417714
0.6	57.0	1.0853725702741077	0.9700541352470643	0.9807758536471292	0.9848846808601552
0.6	57.1	1.0927583282732816	0.9491568996422703	0.9912217037467655	0.9740721030686511
0.6	57.2	1.1078158256276995	0.897614636095896	0.9891293470948693	0.9463681910659394
0.6	57.300000000000004	1.1255280395042884	0.8356895506017604	0.9757220265016007	0.9111924581785092
0.6	57.400000000000006	1.1407189081697031	0.78371512799908	0.954401143756461	0.8801052703623626
0.6	57.5	1.1496818485917468	0.7551025737325113	0.9294074270233453	0.8627916623079214
0.6	57.6	1.1510843417188519	0.7547900457602754	0.9047692272533897	0.863466896232257
0.6	57.7	1.1461633002921636	0.7796423915727293	0.8838629624859339	0.87934171022122
0.6	57.800000000000004	1.1382791017735212	0.8181159113934193	0.869331072659099	0.9019954424708249
0.6	57.900000000000006	1.1318277635145042	0.8523849060982102	0.862931084227186	0.9210924085585367
0.6	58.0	1.1306106997580443	0.8661522709546785	0.8651965695646444	0.9287118952119328
0.6	58.1	1.1361622276169847	0.8538600261698214	0.8752205645331909	0.9223515506306894
0.6	58.2	1.1469114847415034	0.8233283056514952	0.8909500924754978	0.9054761741331333
0.6	58.300000000000004	1.1587914395387506	0.7900299006629861	0.9099635551950028	0.8857558083385126
0.6	58.400000000000006	1.1670133511559442	0.7688686430845804	0.9301898632891852	0.8720648352263676
0.6	58.5	1.1680591364577055	0.7693909345521108	0.9500021018212855	0.8714260931158446
0.6	58.6	1.1610403630547057	0.7949175594424348	0.9676948281913232	0.8866227074424574
0.6	58.7	1.1480641104441178	0.8423329208514085	0.9809837074772461	0.9148501785851336
0.6	58.800000000000004	1.133619076662113	0.9004233722954876	0.9871932949877917	0.9478679794767457
0.6	58.900000000000006	1.123163113105729	0.949305583984557	0.9841758966751739	0.9741671988273244
0.6	59.0	1.1212517122544154	0.9664285534302638	0.9713464490576532	0.9830213800819841
0.6	59.1	1.1298111507422284	0.9394145619244025	0.9501386986283988	0.9690317660575766
0.6	59.2	1.1473053539082956	0.875765936491053	0.9236853348103753	0.9349454529620981
0.6	59.300000000000004	1.1692144798720683	0.7990293823977389	0.8960704021143202	0.8910767818446823
0.6	59.400000000000006	1.1895706303464235	0.7347171618468457	0.8716229910674677	0.851430663584745
0.6	59.5	1.2028749711386706	0.6993445988478818	0.8544092944343593	0.8283911410252048
0.6	59.6	1.2057737022337744	0.6990840067629159	0.8477201519684628	0.8284200659370791
0.6	59.7	1.1980895077590223	0.7325956934958827	0.8533405145259931	0.850393674705609
0.6	59.800000000000004	1.182944179197191	0.79164456591764	0.8707643342891854	0.8867175136793934
0.6	59.900000000000006	1.165824526556671	0.8603761016447101	0.8968923451410896	0.9262034863213228
0.6	60.0	1.1527090840904377	0.9177818669914741	0.9266637674655505	0.9574470950690412
0.6	60.1	1.1478510408217424	0.9449954937932118	0.9544983158290238	0.9719128579099917
0.6	60.2	1.1522329532395903	0.9342763603455374	0.9758454554042207	0.9663644262363753
0.6	60.300000000000004	1.1635087334335192	0.8935733514355486	0.9880827953446031	0.9441323414658391
0.6	60.400000000000006	1.1773356027612287	0.8421705426520504	0.9905209908891022	0.9143675979711265
0.6	60.5	1.1892102042271908	0.8001685200541705	0.9838797838280182	0.8888064632153938
0.6	60.6	1.195959764314863	0.7803486264557512	0.9697762022508878	0.876948852929741
0.6	60.7	1.1965633023603826	0.7864426576146565	0.9504525539469982	0.8819305361319867
0.6	60.800000000000004	1.1923296383862045	0.8135990703167936	0.928581597042843	0.8993618348190938
0.6	60.900000000000006	1.1864696171266211	0.8484636041093788	0.9069283778638133	0.9197463625655531
0.6	61.0	1.183023056201528	0.8729107499693264	0.887914495421579	0.93301361418933
0.6	61.1	1.185254045559021	0.8729907471449481	0.8733643775532803	0.9327403311078369
0.6	61.2	1.1940744129288654	0.8467518198984622	0.8646161137326817	0.9182722074257217
0.6	61.300000000000004	1.2073741806848495	0.8045288322154227	0.8628184169751068	0.8944127382308429
0.6	61.400000000000006	1.2207725459532603	0.7626915022547767	0.8689810681595783	0.8694775470039636
0.6	61.5	1.229418730370497	0.7365192567777535	0.8835062592809148	0.8527232635936801
0.6	61.6	1.229909694795831	0.7361809938965991	0.9054142648602516	0.8516980983524876
0.6	61.7	1.2215428354847166	0.765757569151441	0.9318553028838215	0.8697010208726427
0.6	61.800000000000004	1.206598417497752	0.8225474330127546	0.9584021850824482	0.9038337043112232
0.6	61.900000000000006	1.1897004282154349	0.894533108051183	0.9801019932612275	0.9447525835610245
0.6	62.0	1.1764581352691288	0.9589983053516203	0.9927666611777484	0.9791531568194201
0.6	62.1	1.1716985764311725	0.989388227430333	0.9939167293263153	0.9946783788320571
0.6	62.2	1.1777899650983996	0.970565992713483	0.9831580927441547	0.9851396644461807
0.6	62.300000000000004	1.1937097555152156	0.9096843648580405	0.9621579859180744	0.9532783494122834
0.6	62.400000000000006	1.2153206743626153	0.8311930700760004	0.934420885878605	0.9095705235781683
0.6	62.5	1.2367591006637173	0.7614891125635829	0.9048218634606963	0.8678795353242594
0.6	62.6	1.2523543831324546	0.717808059672509	0.8787339456644069	0.8403294984251193
0.6	62.7	1.2584081300249805	0.7069716377539269	0.8608103033978768	0.8336397594014588
0.6	62.800000000000004	1.254323265854482	0.7284057402171784	0.8538403815374331	0.8478380834461074
0.6	62.900000000000006	1.242756474168911	0.775345012094774	0.8582043956984614	0.8770049214434197
0.6	63.0	1.2286731461198477	0.8340766554318871	0.8721558894361625	0.9112857095954895
0.6	63.1	1.2175165784490738	0.8851948711346668	0.8926875666379702	0.9396822360792034
0.6	63.2	1.2131469921597182	0.9101529588151095	0.9164508168318833	0.9533555326102724
0.6	63.300000000000004	1.2164794174649454	0.9011839250917046	0.9403089087080441	0.9488049306850843
0.6	63.400000000000006	1.2254624735895858	0.8667597355048807	0.9614903802453405	0.9296058051599108
0.6	63.5	1.2362584402947583	0.8263139117668845	0.9776294834529388	0.9053341361847617
0.6	63.6	1.2448823027411395	0.7985252434852038	0.9869527773950665	0.8875162167656134
0.6	63.7	1.2485926138687653	0.7936528510565096	0.9885520190595611	0.8843370005755576
0.6	63.800000000000004	1.2467150360794326	0.8128002156532901	0.9824552415669827	0.896906052401699
0.6	63.900000000000006	1.240843421402511	0.8486451395079813	0.9693760638436697	0.919070945802518
0.6	64.0	1.2343900366497715	0.8860720945027775	0.9504129671890412	0.9406078225008591
0.6	64.10000000000001	1.2314468950454747	0.9068760769212034	0.9270853159852441	0.9517738158765842
0.6	64.2	1.2351290016812577	0.8985428489551944	0.9017213641018906	0.9469440372725243
0.6	64.3	1.2460243102339918	0.8608873214558694	0.8777353988642763	0.9261872409800691
0.6	64.4	1.2616414669389981	0.8058692739305303	0.8592797333352815	0.8949368246707463
0.6	64.5	1.2773010330318797	0.7516857332101883	0.8502106478132949	0.8624162972977845
0.6	64.60000000000001	1.2880026525754742	0.7154810639569994	0.8528439786922922	0.8392296517208281
0.6	64.7	1.2902940264763467	0.7086300005006236	0.8671436771580544	0.8342752975706142
0.6	64.8	1.2834048505778752	0.7356355407809447	0.8906978285691908	0.8514677994772479
0.6	64.9	1.2694337131188858	0.7937799713165584	0.9193655237603799	0.8874703138333507
0.6	65.0	1.2527155905127545	0.8705958568788723	0.9481914208247145	0.9319192571646387
0.6	65.10000000000001	1.2385880188175395	0.9426747549831742	0.9722591689793246	0.9707588339520561
0.6	65.2	1.2318033376514668	0.9832038697768769	0.9874439055158173	0.9915591703363965
0.6	65.3	1.2349731815941354	0.9767992417914346	0.9911768870635729	0.9883111958175655
0.6	65.4	1.2476100306521665	0.9287918327485881	0.9831427796398048	0.9633618690374003
0.6	65.5	1.2662456311316037	0.8602673967391318	0.9655092080526273	0.9258409365914081
0.6	65.60000000000001	1.2856363528794597	0.7949840386609636	0.9423076877558281	0.887827381142785
0.6	65.7	1.300556113357681	0.749781777267832	0.9180997522747846	0.8602439790405931
0.6	65.8	1.3075049150009104	0.7326064919822669	0.8966306627110333	0.8498655548521188
0.6	65.9	1.305790461127071	0.7442913984796442	0.8802037912406644	0.857831682389159
0.6	66.0	1.297658556652794	0.779357668582008	0.8699308146125735	0.8795937056389563
0.6	66.10000000000001	1.2873956717635235	0.8252504759089064	0.8663575818401278	0.9063088915421083
0.6	66.2	1.279655918240613	0.8637770865931969	0.8698059028297557	0.9276800035429983
0.6	66.3	1.27763887111888	0.8782808238645512	0.8801849201436774	0.9357069170668659
0.6	66.4	1.2819255713987092	0.8636385488536545	0.8965803781484427	0.9280304187656829
0.6	66.5	1.2904904910539539	0.830213294001883	0.9171156075228748	0.9092084552781262
0.6	66.60000000000001	1.299755008257725	0.7970267353919542	0.9392653594725803	0.8889262612859515
0.6	66.7	1.3060663856401837	0.7805649245513597	0.9603433219705207	0.8776828339045463
0.6	66.8	1.3070040772446943	0.7887321004409948	0.9777581862004635	0.8820050794387996
0.6	66.9	1.3022038759784413	0.8207871201868937	0.9889764650783667	0.9015928463534432
0.6	67.0	1.2935856080403267	0.8680635540243641	0.9915770333192391	0.9296418403688333
0.6	67.10000000000001	1.2848936068109533	0.914596353188538	0.9838136715641905	0.9557908541383557
0.6	67.2	1.280497582842033	0.9412658624843039	0.9655975237536288	0.9700305613879956
0.6	67.3	1.2836735505690249	0.9340141338843925	0.9392382523157741	0.9660438428844735
0.6	67.4	1.2950511619293545	0.8914890750379376	0.9092505489533714	0.9432110189583283
0.6	67.5	1.31211032838178	0.8266201166584144	0.8811466136554396	0.9070281926323225
0.6	67.60000000000001	1.3300981826848555	0.7605506210377705	0.8598600916293573	0.8677999772531235
0.6	67.7	1.343861027372025	0.713113237792534	0.8486368294438769	0.8376692985743965
0.6	67.8	1.3496627767301788	0.6965779338447725	0.8487512397283562	0.826636779767268
0.6	67.9	1.3463124414887366	0.7150860407433803	0.8597505717749859	0.8388954783377034
0.6	68.0	1.3353964239882892	0.7655690162989636	0.879709360993908	0.8710107843829
0.6	68.10000000000001	1.3207168216324472	0.8362580984479566	0.9053359856521539	0.9129131616756974
0.6	68.2	1.3071442442326995	0.9061467682545669	0.9322557349840256	0.9514907809174253
0.6	68.3	1.2991486741648421	0.951493968625087	0.9558322182674075	0.9753260652064619
0.6	68.4	1.299383739471267	0.9576841831833178	0.9723991399622042	0.9785541254692703
0.6	68.5	1.3078110008149457	0.9268303800399882	0.9802442709936768	0.9623475337097962
0.6	68.60000000000001	1.3217575784741173	0.8748641914836064	0.9796875040850559	0.9337949920113521
0.6	68.7	1.3369224236544766	0.8218148062102889	0.9722185289356133	0.9030407757054759
0.6	68.8	1.348924037518819	0.7833402744023623	0.9593941381915607	0.879877746822958
0.6	68.9	1.354806246885176	0.7676327609855471	0.9423592484056654	0.8707361572471495
0.6	69.0	1.3540015102407397	0.7759195605313095	0.9222564315960572	0.8767537630014631
0.6	69.10000000000001	1.348443500673075	0.8028547021276174	0.9009646867456284	0.8935085680464352
0.6	69.2	1.3417610998990293	0.8362934427576166	0.8813356103653285	0.9127003053370808
0.6	69.3	1.3377981101332324	0.8599198819249951	0.866608921654849	0.9253732912237037
0.6	69.4	1.3390303808017838	0.8607500290284137	0.8594464086873533	0.9255142284734145
0.6	69.5	1.3455825950634004	0.8371930655827277	0.8612780146785542	0.9125660208976705
0.6	69.60000000000001	1.3552792467880967	0.8005257996465823	0.8722253670714115	0.8917839826095773
0.6	69.7	1.36461731952757	0.7681740165195162	0.8912811378349399	0.8722320726959581
0.6	69.8	1.3701387993730254	0.7548083243703251	0.9163050050721147	0.8631927446041159
0.6	69.9	1.3696620014948697	0.7677033759875856	0.943827539759325	0.87042867993251
0.6	70.0	1.3630515379452832	0.8064571227144777	0.9691370912190899	0.8937730401863826
0.6	70.10000000000001	1.3523976754663511	0.8631089963504239	0.9871247308640674	0.926929805905525
0.6	70.2	1.341545063146246	0.9217445546244146	0.9938014924965594	0.9594861508789927
0.6	70.3	1.3349613636832323	0.9613079525697431	0.9877354555365357	0.980401527448455
0.6	70.4	1.3361365920832997	0.9641283331132015	0.9705098734129594	0.9818275452957664
0.6	70.5	1.3460798400640253	0.9260287118874471	0.9459136140726818	0.9619934418214516
0.6	70.60000000000001	1.3627068558200517	0.85973723456305	0.9184722098910221	0.9260830386179716
0.6	70.7	1.381555781295753	0.7879798054087053	0.8922971482504475	0.8846513019611103
0.6	70.8	1.3974779638267858	0.7320466878554848	0.8707345801381221	0.8500913128871264
0.6	70.9	1.4064465831316135	0.7047828786813686	0.8564667189920726	0.8324901966522987
0.6	71.0	1.406764986457669	0.7104190851199365	0.8514094612288091	0.8364038761486255
0.6	71.10000000000001	1.3994038694358952	0.7464404224437625	0.8562102456960893	0.8595941780919463
0.6	71.2	1.3875336618708964	0.8033503710863785	0.8698045648192878	0.893999392277282
0.6	71.3	1.3754627050085588	0.8642373195182218	0.8896066926194821	0.928524119876816
0.6	71.4	1.3672699002097572	0.9088953234235446	0.9123793213242278	0.9527443243089354
0.6	71.5	1.3655178792918714	0.9228975906961424	0.9352068159869418	0.9603365675555574
0.6	71.60000000000001	1.370481018908911	0.9053819100384156	0.9558976740415934	0.9510559156805863
0.6	71.7	1.3801829162617212	0.8687467985657759	0.972656018707678	0.9305197405182777
0.6	71.8	1.391215821217111	0.8305741364481305	0.9835320478890245	0.9078390669609747
0.6	71.9	1.400013550595074	0.8048602034598464	0.9863858714425552	0.8919880527553194
0.6	72.0	1.404132986002973	0.7983009849396174	0.9796384439754233	0.8883485894606182
0.6	72.10000000000001	1.4031327017386261	0.8106881414152177	0.9633182521569685	0.8968306402596007
0.6	72.2	1.3987366540119888	0.8356235796601732	0.9395629079174487	0.9122866513425735
0.6	72.3	1.3941531122919786	0.8612858712177582	0.9121601081468096	0.9268877814555969
0.6	72.4	1.392730358615279	0.8739115462707994	0.8854962594636604	0.9332961094370957
0.6	72.5	1.3964894321587982	0.8641252804587182	0.8636439424927137	0.9273491337492927
0.6	72.60000000000001	1.4052283095737892	0.8323101387888562	0.8499494652328747	0.9094978810467055
0.6	72.7	1.416622392693304	0.7891087523331527	0.8468472147010774	0.8848261780385097
0.6	72.8	1.4271895620702972	0.7505684308269206	0.8554386042699549	0.861708125115632
0.6	72.9	1.4335875722379894	0.7312249362781827	0.8748167069662831	0.8492376904635166
0.6	73.0	1.4337230413567172	0.7395232444340624	0.901686051895277	0.8539323702032349
0.6	73.10000000000001	1.4274082902606746	0.7767536041910291	0.9308798738832278	0.8768358901684975
0.6	73.2	1.4165089312999952	0.8366024524917237	0.9567962499662294	0.9124189508898857
0.6	73.3	1.4045690820551737	0.9038919286622884	0.975060131845116	0.9500983826703351
0.6	73.4	1.3958845324534621	0.9565449674038656	0.9835068838563407	0.9779580715585104
0.6	73.5	1.3941103540119533	0.9744360874799268	0.9820791398230291	0.9871185308436892
0.6	73.60000000000001	1.4008177502995562	0.9505124035817408	0.9720184390060045	0.9748684231288043
0.6	73.7	1.4147072702334416	0.8946795831680011	0.9551326592098328	0.9453216267759743
0.6	73.8	1.4320065451157737	0.827252268297489	0.9336056450087269	0.9075982494239512
0.6	73.9	1.447909773575363	0.7684202152560536	0.9101457358422139	0.8726017095444054
0.6	74.0	1.458332415054276	0.7316868933857874	0.8879259260861293	0.8497490525351294
0.6	74.10000000000001	1.4612193860433447	0.7230662990671276	0.8700551620917525	0.8445178923962138
0.6	74.2	1.4570114564081944	0.7424575799565384	0.8588806200290681	0.8570754888336098
0.6	74.3	1.4482658187813289	0.78358497458646	0.8556408015332919	0.882156863585205
0.6	74.4	1.4386699134741832	0.8329405057170826	0.8606409866449777	0.9105458450333461
0.6	74.5	1.4317991247017354	0.8721663909615933	0.8735880464858671	0.9322287093220165
0.6	74.60000000000001	1.4299937224087926	0.8865114739235946	0.8935829417872777	0.9403056686016473
0.6	74.7	1.4336789416101625	0.8739858479996395	0.9186909112737596	0.9338487175643988
0.6	74.8	1.4413237844351328	0.8461415562816829	0.9455658545522767	0.9180973429149504
0.6	74.9	1.450049922097771	0.8195130679466779	0.9697262088353557	0.9017855254986575
0.6	75.0	1.4567075658264994	0.8063313517434804	0.9866188195488119	0.8930201129443782
0.6	75.10000000000001	1.4590800764125136	0.8112166725745417	0.9929695199608612	0.8958352892692832
0.6	75.2	1.456800152591829	0.8321779690655438	0.9876715017277862	0.9089433009854587
0.6	75.3	1.4515945759667919	0.8618824718334154	0.9718171717041565	0.9268299398816835
0.6	75.4	1.446663955818179	0.8889214728719864	0.948101460651053	0.9421784203848967
0.6	75.5	1.4453567610871054	0.9007722997234251	0.9201478692844824	0.9483581107427018
0.6	75.60000000000001	1.4496944062114887	0.8885370046352791	0.8920792410691246	0.9413192791131408
0.6	75.7	1.4594705698439752	0.8516656066999273	0.8681748873078028	0.9208966592902805
0.6	75.8	1.47235644988171	0.79989383272775	0.85226567503371	0.8914983564894021
0.6	75.9	1.4848568983549908	0.7499873629071594	0.8468373821692379	0.8616160257819425
0.6	76.0	1.4935607966210853	0.7184611797074104	0.8522945413111845	0.8415060807141361
0.6	76.10000000000001	1.4961749866540004	0.7156248357876199	0.8669258153723287	0.8393507744656186
0.6	76.2	1.4921277347176323	0.7441658215688034	0.8876510832947443	0.8575619546186044
0.6	76.3	1.4827453748688268	0.7991768678445968	0.9110570075469865	0.8913147419917699
0.6	76.4	1.4710199410619489	0.8670540840456811	0.934097895362417	0.9302885532373583
0.6	76.5	1.4609075138700434	0.9271761695655135	0.9542337380909136	0.9627195286161911
0.6	76.60000000000001	1.4561417824510274	0.9598089019819487	0.9692755440271129	0.9796487987027631
0.6	76.7	1.458842605623273	0.955586512885867	0.9773673104845161	0.9774836681192234
0.6	76.80000000000001	1.4685643384845968	0.9190215139401343	0.9772849346243115	0.9582788417569545
0.6	76.9	1.4824052607796414	0.8645189048924506	0.96885478478313	0.9283881051160021
0.6	77.0	1.4962053312678973	0.8092993431873499	0.9531373144787285	0.8964830587887352
0.6	77.10000000000001	1.5061881049518053	0.7677498891987837	0.9322186179003497	0.8714338724532954
0.6	77.2	1.510252252940749	0.7488086633999975	0.9088037307868372	0.860019210736842
0.6	77.30000000000001	1.5084738321482791	0.755405135687642	0.8859351970847278	0.8646377573650567
0.6	77.4	1.502818427920046	0.7837067321062487	0.8669026190223486	0.8819678889329621
0.6	77.5	1.4963119654244317	0.8218577913801054	0.8550375598911197	0.9038292694871216
0.6	77.60000000000001	1.4919846091603335	0.8523145384372255	0.8530681265707817	0.9205480175688011
0.6	77.7	1.4918838558939913	0.8608025162445923	0.8621507542253147	0.9254027624175685
0.6	77.80000000000001	1.4964126158824753	0.8458363175901753	0.8811610316140046	0.917701777362191
0.6	77.9	1.5041871089999779	0.8190267724968032	0.9067851002984365	0.902738861921637
0.6	78.0	1.5124976111959805	0.7961731810219314	0.9344156800860207	0.8888355099552596
0.6	78.10000000000001	1.5182825671467173	0.7885262824677886	0.9593472266672193	0.883363362279585
0.6	78.2	1.5193299443858121	0.8001479290269079	0.9777167433382177	0.8898536245865066
0.6	78.30000000000001	1.5152712895700609	0.829113390945385	0.9869779146042865	0.9071593554905724
0.6	78.4	1.5079204469991594	0.8686072544699492	0.9860436840804705	0.9302855855066547
0.6	78.5	1.5007016623962837	0.9072808777110039	0.9753129768543648	0.9519793563361038
0.6	78.60000000000001	1.497305749177561	0.9307705655129885	0.9566283582326792	0.9645668657285782
0.6	78.7	1.5001492219080779	0.9263118285434503	0.933019314518838	0.9620717171405283
0.6	78.80000000000001	1.509386441018238	0.8898370449575621	0.9081075810984516	0.9425447460007933
0.6	78.9	1.5229228966658006	0.8306864752727551	0.8853140731390267	0.909776655909182
0.6	79.0	1.5372885576725948	0.7683141675199389	0.8672551122838572	0.8730423131023449
0.6	79.10000000000001	1.548839720803206	0.722428015859093	0.8556351783454881	0.8441685090984776
0.6	79.2	1.5548073889677487	0.705197917047925	0.8515312485363815	0.832889960953029
0.6	79.30000000000001	1.5539870063702832	0.7201936051577049	0.8556117312490282	0.8428432014157481
0.6	79.4	1.5470495847656218	0.7636938398454748	0.8679367614570543	0.8703439631693631
0.6	79.5	1.5364499718950908	0.8245325814537082	0.8874715323705055	0.9063571879810065
0.6	79.60000000000001	1.5258401579389114	0.8853635656868764	0.9118056756622133	0.9402173170758311
0.6	79.7	1.518962882845027	0.9281566942730975	0.9374364172132756	0.9630946508822626
0.6	79.80000000000001	1.5182946968010833	0.9412397107646365	0.9605061240314782	0.9700468818965047
0.6	79.9	1.52404623288227	0.9234822578502275	0.9775664015950678	0.9606796344196558
0.6	80.0	1.5341143890042497	0.8838708774143886	0.9860435013483652	0.9389193790108169
0.6	80.10000000000001	1.5450600811813042	0.8372675970203851	0.9844392503276254	0.9120769328587088
0.6	80.2	1.5535664924166035	0.7985855719001748	0.972529171691141	0.8889630256176764
0.6	80.30000000000001	1.5576499930504595	0.778301433086506	0.9516808690192543	0.8770224481236567
0.6	80.4	1.5571865299779406	0.7805879353686928	0.9250564439226229	0.8793088618712877
0.6	80.5	1.553723794358627	0.8023253988376416	0.8972830739166217	0.8928810509649899
0.6	80.60000000000001	1.5497961362443458	0.8322114193889194	0.8734341218665039	0.909926691948009
0.6	80.7	1.548013934310047	0.8537122966163132	0.8576830521042534	0.9214265598931246
0.6	80.80000000000001	1.5501647426580039	0.8539834275972861	0.8523000796434851	0.921466279775202
0.6	80.9	1.5565412639975815	0.8322881518828874	0.8574428675184337	0.9098187204397455
0.6	81.0	1.5657144870748756	0.7997443552203041	0.8716246274093402	0.8916165123709803
0.6	81.10000000000001	1.5749129770210573	0.7715495909832091	0.8923460385619438	0.8747742204456107
0.6	81.2	1.5809758251127124	0.7595680278507986	0.9164969909626225	0.8668114892012865
0.6	81.30000000000001	1.5815814682312783	0.7697141577497268	0.9405821146444595	0.8723809477157793
0.6	81.4	1.576278498817916	0.8023619738587323	0.9610897401608544	0.8918950504268338
0.6	81.5	1.5668666232079491	0.8523531326020599	0.9751309306489817	0.9211684742635482
0.6	81.60000000000001	1.5568945418776496	0.9077950423271209	0.981062919664495	0.9521309363617054
0.6	81.7	1.550394452971135	0.9504970875045353	0.9786589573961069	0.9748408610510895
0.6	81.80000000000001	1.550345096841208	0.961848431543819	0.9687039698259484	0.9806896557333272
0.6	81.9	1.5575445372537626	0.9332300102918042	0.9523969538002744	0.9658751588095854
0.6	82.0	1.5703872634988771	0.8729922787129367	0.9311185490938007	0.9335534010602208
0.6	82.10000000000001	1.5855480239399233	0.8024580843723627	0.9067580784536056	0.8932720690066279
0.6	82.2	1.5991499904538573	0.7439992683007778	0.8822024164330017	0.8575542338491481
0.6	82.30000000000001	1.60792642821549	0.7119831659072617	0.8613276446334194	0.8371389457278549
0.6	82.4	1.6100816937350617	0.7116090276874516	0.8481771562325803	0.8371829542633629
0.6	82.5	1.6057442914943685	0.7409477472755712	0.8456817694257435	0.8560349472163589
0.6	82.60000000000001	1.596950976259294	0.7914689548969035	0.8546850147480886	0.8866119366077345
0.6	82.7	1.5870888545062427	0.8484270876568618	0.8738027722519079	0.9192163500026529
0.6	82.80000000000001	1.5798130205528391	0.8942978539909974	0.8999921556317128	0.9445310569439036
0.6	82.9	1.5777220260945466	0.9152374695104817	0.9292677098945875	0.9561020536373681
0.6	83.0	1.5813596703830084	0.9071959143641055	0.9571854496201466	0.9520247401517933
0.6	83.10000000000001	1.5890914245617753	0.8775661325355713	0.979242161762549	0.9355020954483875
0.6	83.2	1.5979410057876997	0.8408731106437132	0.9915668395850862	0.9138600861250223
0.6	83.30000000000001	1.6049125069532548	0.8116239348844532	0.9919324101766375	0.8959665838135513
0.6	83.4	1.6081402442413557	0.7993102253180248	0.980575967939838	0.8887769673062005
0.6	83.5	1.6074518908529989	0.8069536646185207	0.9601988672580399	0.8944172696249653
0.6	83.60000000000001	1.6042797983404358	0.8305733763296651	0.9350069410262735	0.9092414271038469
0.6	83.7	1.6010647252785857	0.8588000431743379	0.9093246780136164	0.925452672414934
0.6	83.80000000000001	1.6003651609422738	0.8759796685425872	0.8865825744240791	0.934563248255192
0.6	83.9	1.603915902507922	0.8700399044830724	0.8691142499691312	0.9310257175277821
0.6	84.0	1.611913467684901	0.8398942931557419	0.8585258231247936	0.9144363992230929
0.6	84.10000000000001	1.6227921515267736	0.7961342724305979	0.8559892529842853	0.8896279876112352
0.6	84.2	1.633628158324718	0.7549995042026886	0.8620248444809013	0.8649590842991278
0.6	84.30000000000001	1.641089066297919	0.7310448964087373	0.8759779731073857	0.8495693967803158
0.6	84.4	1.6426310369770782	0.7331765271567273	0.8958165628748418	0.8503689630953173
0.6	84.5	1.6375264820044013	0.7641061181720177	0.9186092400842059	0.8694961862120398
0.6	84.60000000000001	1.6273180925188484	0.8199703519425048	0.9413523531297199	0.9030539057163585
0.6	84.7	1.6154544760349703	0.8884580075492791	0.9614631852772909	0.941811535325754
0.6	84.80000000000001	1.6061565024742683	0.9487955242985833	0.976654061937476	0.9739618132813045
0.6	84.9	1.6029095902762671	0.9783838978408372	0.984617948973969	0.9891206477590821
0.6	85.0	1.6072022230469014	0.9645630800918654	0.983210385149483	0.9820815807710493
0.6	85.10000000000001	1.6180517755457737	0.9125296744479593	0.9713279671252388	0.9548062048252874
0.6	85.2	1.6324681847102664	0.842170554145203	0.949941513526909	0.9158029405427419
0.6	85.30000000000001	1.6465623776583427	0.7767966474633058	0.9224515493720571	0.8771235385772866
0.6	85.4	1.6568083915413276	0.7334404781156614	0.8939546687987217	0.8501845965091055
0.6	85.5	1.661057655689484	0.720148358767663	0.8697716296593682	0.8420208679904431
0.6	85.60000000000001	1.6590943498295962	0.7373216050433244	0.8540582749919292	0.8532515815150336
0.6	85.7	1.652646959310204	0.7782009012810704	0.8491314747940238	0.8782815114093201
0.6	85.80000000000001	1.6448289386451485	0.8286077217869782	0.8554957458072943	0.9075064504820898
0.6	85.9	1.6390772974122962	0.8700487354066592	0.8720687749563448	0.9307588553559139
0.6	86.0	1.6378716830766746	0.8876496057660614	0.8962385726060136	0.9408786343029294
0.6	86.10000000000001	1.64175277276167	0.8780590263519997	0.9239460477753655	0.936156575425469
0.6	86.2	1.6491517225187462	0.8505686988667733	0.9502876428602378	0.9206913683285826
0.6	86.30000000000001	1.6571517018737438	0.8206196338641177	0.9707583715046174	0.902511097036817
0.6	86.4	1.662785056098607	0.8017470376344228	0.9825614817319771	0.8902732579307348
0.6	86.5	1.6642389871447973	0.8015426306510478	0.9851493307830919	0.8898914114353322
0.6	86.60000000000001	1.6615018440615474	0.8212513888628564	0.9796665787916219	0.9023039119793188
0.6	86.7	1.6563021472856405	0.8555675671930354	0.9678074816172064	0.9230667768986455
0.6	86.80000000000001	1.6514488656798028	0.8920971366975496	0.9510065910009338	0.943868859867788
0.6	86.9	1.6498231672376653	0.9138157314008784	0.9304959037523532	0.9555215447076041
0.6	87.0	1.6533388544663286	0.906615381958633	0.9079511944170247	0.9514630040134989
0.6	87.10000000000001	1.6621979224183303	0.8680636101846256	0.8859501708392522	0.9305169882081621
0.6	87.2	1.6746973815908799	0.8100625674133743	0.8676944144670264	0.8978035025042813
0.6	87.30000000000001	1.687681949696494	0.752622199374921	0.856146741238767	0.8633281481694901
0.6	87.4	1.6975245072591634	0.714089122083104	0.853230424839491	0.8386359376319155
0.6	87.5	1.7013320236115017	0.7054188782363389	0.8595777395764935	0.832694915985783
0.6	87.60000000000001	1.6979854992381564	0.7299818253520858	0.8747138804145703	0.8485783893841785
0.6	87.7	1.6886485774174782	0.7841990844876726	0.8971748321280226	0.8822751343308483
0.6	87.80000000000001	1.676513030857546	0.8561310480920039	0.9242987613019952	0.924054907445809
0.6	87.9	1.665783853791227	0.9254315487385055	0.9520273870956464	0.9617125139668182
0.6	88.0	1.6602143573061803	0.96912207892975	0.9753332371567306	0.9843933225948482
0.6	88.10000000000001	1.6617657635509313	0.9718861051193274	0.9894870434342631	0.9858183714407752
0.6	88.2	1.6699801291295373	0.9341820467120513	0.9916294137874428	0.966164194006871
0.6	88.30000000000001	1.682313493594087	0.871971071325712	0.9817249968886959	0.932130513011069
0.6	88.4	1.6951845941607953	0.8080085861004657	0.9623501288292018	0.8949383454244628
0.6	88.5	1.7052232092051656	0.761443411816884	0.9375769808597004	0.8665614319626846
0.6	88.60000000000001	1.7102798317554684	0.7427200219213177	0.9117450495470566	0.8553875794309644
0.6	88.7	1.7099854918415864	0.7536626535844015	0.8887346489124331	0.8630977820981083
0.6	88.80000000000001	1.7057968242011847	0.7877878806478015	0.8717375497980142	0.8842298837553546
0.6	88.9	1.7005002383930405	0.8301651792860779	0.8630901635079962	0.9087004759241093
0.6	89.0	1.6972169976784603	0.8616137440320575	0.8638738782542396	0.9261470871312354
0.6	89.10000000000001	1.698158845412439	0.8682937123907597	0.873489349441447	0.9301088009999975
0.6	89.2	1.7036424587767114	0.8495812196569031	0.8897107916126282	0.9202510972021811
0.6	89.30000000000001	1.711898810010483	0.8172243366715125	0.9094530245157809	0.9019363874542871
0.6	89.4	1.7198395363716488	0.7874886083095409	0.9298547586324106	0.8837442328413682
0.6	89.5	1.72440327757666	0.7735806931333641	0.9489262733098557	0.8742265361509752
0.6	89.60000000000001	1.723832225122665	0.7825656633934893	0.9653435652976946	0.8789896656117319
0.6	89.7	1.7183637039021142	0.8152265876693422	0.9777297167366636	0.8986724392344947
0.6	89.80000000000001	1.7101505035892706	0.8654303909262518	0.98422591279564	0.9282080163909494
0.6	89.9	1.7025123927360009	0.9185856362218361	0.9828676957006053	0.9578718230218954
0.6	90.0	1.698801505037156	0.9534263368180084	0.9725360939115126	0.9763526988594308
0.6	90.10000000000001	1.7012545098000424	0.9511447876304137	0.9537694999677442	0.9751110205445153
0.6	90.2	1.710200768235942	0.9076606287621234	0.9289021825492534	0.9522159416945168
0.6	90.30000000000001	1.7238807335934174	0.8378034853131817	0.9015638585664946	0.9136868987031548
0.6	90.4	1.7389328804582616	0.7664456313767383	0.8759567456709727	0.8714741346211378
0.6	90.5	1.751406935661523	0.7151345692710874	0.8562436634896365	0.8389543034870555
0.6	90.60000000000001	1.7580120288145848	0.6955178162040205	0.8460335911162364	0.8260569580918947
0.6	90.7	1.7572223032245193	0.7105144414988985	0.8477464069787156	0.8361176089319554
0.6	90.80000000000001	1.749854762535496	0.756455859244652	0.86181432394304	0.8654072430058244
0.6	90.9	1.7388520363989755	0.8226480929661577	0.8860879499506379	0.9049014556977053
0.6	91.0	1.7282708545749024	0.8911035803503512	0.9160150392464722	0.9431623286799401
0.6	91.10000000000001	1.7218254550727479	0.9403571479167269	0.9458165848227187	0.9694365472360873
0.6	91.2	1.7215845280407136	0.9538721636583768	0.9701907908695926	0.9765772790264249
0.6	91.30000000000001	1.7273764114096661	0.9288390239862778	0.9856559830766753	0.9633884652543934
0.6	91.4	1.7370928072204357	0.8784234731097676	0.9909295799681949	0.9354918475757792
0.6	91.5	1.747637500547424	0.824305167054011	0.986475607213588	0.9037149351171088
0.6	91.60000000000001	1.7560515310511577	0.7854308288630338	0.9738423567164538	0.879989435979427
0.6	91.7	1.7604312505864432	0.771908757980112	0.955261210845826	0.8723649434729304
0.6	91.80000000000001	1.7604545535523548	0.7848364426208548	0.9334762323768154	0.881643761977834
0.6	91.9	1.7574495546036424	0.8166407251965055	0.9114975748902704	0.9014219395226984
0.6	92.0	1.7539597340099278	0.8516504641172857	0.8921411913123671	0.9213993649945442
0.6	92.10000000000001	1.7528146456447615	0.8716081878150322	0.8775552040776619	0.9320692290407597
0.6	92.2	1.7559273955086487	0.8652785329044284	0.8690485067287639	0.9284613248745955
0.6	92.30000000000001	1.7633259803310561	0.8345763586709914	0.8673079574289623	0.9115634776375371
0.6	92.4	1.7729789037831811	0.7925419414741843	0.8727264237692809	0.8874742598825944
0.6	92.5	1.7815962864849977	0.7561066125537287	0.8854167434271896	0.865196398855779
0.6	92.60000000000001	1.7860189342249855	0.7394014625863609	0.9047516862468084	0.8539080421572255
0.6	92.7	1.7845167675866973	0.7506058153366177	0.9287595380592005	0.8600913690251552
0.6	92.80000000000001	1.7774661109874366	0.7913126651137103	0.9539590262925941	0.8848782355967492
0.6	92.9	1.767234875399785	0.8552303072849252	0.9759517435562622	0.9225492097664187
0.6	93.0	1.7574070184351174	0.9255042761868858	0.9905274232002852	0.9614800763088174
0.6	93.10000000000001	1.7516367000620974	0.976261016271959	0.9947042669738584	0.9880259381084
0.6	93.2	1.7524786495557334	0.9841373168808872	0.987302042836384	0.9920276847863593
0.6	93.30000000000001	1.7605358028100264	0.9435869540410122	0.9690753773608958	0.9712276988738993
0.6	93.4	1.7741951270578766	0.8710629859919172	0.942641755542326	0.9322322343075974
0.6	93.5	1.7900695773500541	0.793686217340563	0.9122643695849294	0.8876372217703611
0.6	93.60000000000001	1.8040441104243565	0.7343439361929919	0.8832928474260007	0.8510406155359489
0.6	93.7	1.8126053510678957	0.7052441241769681	0.8611009221408296	0.8324265362292587
0.6	93.80000000000001	1.8140081241756802	0.7095822340953742	0.8497245482377196	0.8355978739778599
0.6	93.9	1.8088554296783197	0.7442471782998241	0.8507677693854041	0.857904816203926
0.6	94.0	1.7998475056519179	0.7998897529510439	0.8631354115293884	0.8915895492092416
0.6	94.10000000000001	1.7907553510019745	0.8603174337103746	0.8837056652149279	0.9260448543619876
0.6	94.2	1.7850073680629142	0.9053700448027147	0.9085013809595257	0.9506987127339306
0.6	94.30000000000001	1.7844834340196793	0.9191202032431487	0.9337083515846489	0.9582927598784575
0.6	94.4	1.7890189261960272	0.8992395381651318	0.9561719373754974	0.9477115517022582
0.6	94.5	1.7967401025784822	0.8590534229893598	0.9734801123998952	0.924869492555632
0.6	94.60000000000001	1.8049467003436899	0.8190262954414784	0.9839680055538187	0.9005288779640772
0.6	94.7	1.8111102181037466	0.795469757016621	0.9868103718575879	0.8855746858888431
0.6	94.80000000000001	1.813678168407734	0.7956005990302517	0.9820726947179749	0.8860703465555416
0.6	94.9	1.8125495780198604	0.8180141812419832	0.970539926043602	0.9007623945095805
0.6	95.0	1.8091474459033148	0.8532756843055885	0.953396674743006	0.9221772179736392
0.6	95.10000000000001	1.8059992056673846	0.8854253498475659	0.9320744008990278	0.9403027913763483
0.6	95.2	1.8058128157872557	0.8978240919021108	0.9084709378988337	0.9467166213582261
0.6	95.30000000000001	1.810293612319898	0.8813353075480737	0.8853331457225423	0.9374389888311055
0.6	95.4	1.8192349781171562	0.8391364180580171	0.8662899423617461	0.9139667568991036
0.6	95.5	1.8304186197923253	0.7851697570629405	0.8551811363239309	0.8827802851949843
0.6	95.60000000000001	1.840447019976658	0.7378232233023148	0.8548606652998418	0.8537027805723042
0.6	95.7	1.8460961281442592	0.7129282577647211	0.8661055639757702	0.8372388892487246
0.6	95.80000000000001	1.8455474708987962	0.7198077879500117	0.8872371960934697	0.8411052675754209
0.6	95.9	1.839030961968346	0.7605992951111559	0.9145880248832958	0.8668421954959347
0.6	96.0	1.8287424207581604	0.8291237460890383	0.943443382851805	0.908131521205952
0.6	96.10000000000001	1.8181537625040125	0.9079223776503247	0.9689634240067472	0.9522756032976455
0.6	96.2	1.8109543505745824	0.969895256250765	0.9868766284521432	0.9847982517556986
0.6	96.30000000000001	1.8099117533368936	0.9903634365197368	0.9940792033583427	0.9951686541329485
0.6	96.4	1.8159692289022056	0.9621162341478187	0.9892893875313264	0.9807942172613191
0.6	96.5	1.8278817231189353	0.8991477268912553	0.9735724419550617	0.9474596687131872
0.6	96.60000000000001	1.8425677240768947	0.826333700680323	0.9502759853799336	0.9064794828037178
0.6	96.7	1.8561121170590638	0.7660056074074884	0.9241150994959154	0.87036566688377
0.6	96.80000000000001	1.8650921768506674	0.7314109605816501	0.899744899306225	0.8489160823121765
0.6	96.9	1.8677476340837602	0.7271859501732267	0.8805855030227798	0.8467434463293054
0.6	97.0	1.8645475841071237	0.7513743277864058	0.8684644992559634	0.8624131196086651
0.6	97.10000000000001	1.857918793169077	0.7954212712071951	0.8639914191548523	0.8890865775862785
0.6	97.2	1.8512318978029587	0.8436800538138176	0.8670927015135246	0.9166314776557182
0.6	97.30000000000001	1.8474691677584425	0.8770098016652297	0.8772157434881935	0.9349910442028494
0.6	97.4	1.8481452938257321	0.8819745409829443	0.8931869014409634	0.9379715729679616
0.6	97.5	1.8529077186553398	0.8595421995916176	0.9130859901384427	0.9259093478157795
0.6	97.60000000000001	1.8598859641512928	0.8245827130204202	0.9344513655650136	0.9056882185159567
0.6	97.7	1.8665311156654683	0.7960077602770026	0.954752142374783	0.8877155325027082
0.6	97.80000000000001	1.870571902608127	0.786974083068935	0.9717532639548532	0.8811876652589105
0.6	97.9	1.8707922851285548	0.8018168771774967	0.983493466549469	0.8900371422962741
0.6	98.0	1.8674628394187751	0.836951140964661	0.9880503549572226	0.91148774530935
0.6	98.10000000000001	1.8623325335548762	0.8814962192859181	0.9836254343294557	0.9375400302826531
0.6	98.2	1.8581256297418476	0.9188708769035157	0.9692841331364905	0.9582392397502463
0.6	98.30000000000001	1.8575888634303217	0.9321382950135705	0.9460069134501072	0.965171188554349
0.6	98.4	1.8623558285597928	0.9118165512242691	0.9172046370256911	0.9541369566190404
0.6	98.5	1.872123780120089	0.8614256272447174	0.8881007822565824	0.9265730059628257
0.6	98.60000000000001	1.88461228014551	0.7966711392896614	0.8642099265524744	0.8895082284402782
0.6	98.7	1.896385417562433	0.7383017298196538	0.8497758477128691	0.8538737511093804
0.6	98.80000000000001	1.9041379885076974	0.7035447345732763	0.8469268500131207	0.8312668265257419
0.6	98.9	1.9058563767512813	0.701795224679753	0.8556588152083763	0.8299436738014576
0.6	99.0	1.901440215938142	0.7348472330336593	0.8742189288066678	0.8514993014160377
0.6	99.10000000000001	1.8926747173965397	0.7968128620098063	0.899466301078382	0.8898007020732274
0.6	99.2	1.8826543018129198	0.8720244021209844	0.9271934601167766	0.9329434969377107
0.6	99.30000000000001	1.8748469815181348	0.9365348397451257	0.9527098996852059	0.9675723199257465
0.6	99.4	1.8720375605838229	0.9677149948438225	0.9718499856567648	0.9836838429700323
0.6	99.5	1.8754413468880744	0.9563734886305397	0.9820792420946141	0.9778580310638855
0.6	99.60000000000001	1.8842907719737603	0.9110775847159901	0.9830376860671721	0.9538274024872969
0.6	99.7	1.8960871771988617	0.8516936344907928	0.9761086135351486	0.9206159372186089
0.6	99.80000000000001	1.9074744069844662	0.7986424558931414	0.9633197012559523	0.889270976459442
0.6	99.9	1.9154335995739704	0.7657180624558892	0.9464233431382645	0.8692894693762087
0.6	100.0	1.9183539971480792	0.7586661714268018	0.9268056852246401	0.8656576460682327
