time = tau * tau_parallel
rms: rms distance of hole to its origin
IPR: inverse participation ratio, IPR(tau) = sum_i (n_h(i,tau))^2, with hole density n_h(i,tau) at site i at time tau.
return prob: probability of the hole to return to its origin, n_h(0,tau).
leg imbalance: difference between the occupation in the two legs of the ladder (see Eq. (15) in the manuscript).


time, rms, IPR, return prob, leg imbalance
0.8	0.0	0.0	1.0	1.0	1.0
0.8	0.1	0.12734579798614948	0.968171792256048	0.9875892701471576	0.983888214332373
0.8	0.2	0.24556689303594706	0.8875183437399535	0.9528749672030179	0.941149080831156
0.8	0.30000000000000004	0.3462209889086878	0.7914064436987183	0.9030026532870462	0.8860677855695683
0.8	0.4	0.4222962015964379	0.7106882863163839	0.8483696934101913	0.8356215495139117
0.8	0.5	0.46904613731864414	0.6622533235893164	0.8001849654766363	0.8033021571534394
0.8	0.6000000000000001	0.4848514423507855	0.6505381800745859	0.767514682870935	0.7954266509408628
0.8	0.7000000000000001	0.47197641461649786	0.6725078085421881	0.7549991201646564	0.8105638458090786
0.8	0.8	0.43708774962957436	0.7193795329180475	0.7622869043961762	0.8411598659871399
0.8	0.9	0.3913929961230375	0.7762108967678603	0.785283223574247	0.876239797613477
0.8	1.0	0.34977011940801117	0.8239590049227021	0.8182860861442609	0.9046032200872558
0.8	1.1	0.32670963270108944	0.8465596214529335	0.8557777691247552	0.9181964415614298
0.8	1.2000000000000002	0.3277727262572373	0.8397697413655585	0.8931878727797423	0.9149373238554586
0.8	1.3	0.34507461279799284	0.8140221888331076	0.9268089796942329	0.8997023843704434
0.8	1.4000000000000001	0.3646494378557081	0.7873873423446354	0.9535232598424707	0.8823824973381955
0.8	1.5	0.37532159516944474	0.7748350304695182	0.9708029472598776	0.87329642263858
0.8	1.6	0.37164609099573537	0.7826970666216715	0.9769130340517631	0.8780821261488853
0.8	1.7000000000000002	0.3540341190319754	0.8085625640453179	0.9709891162950222	0.8949221208323811
0.8	1.8	0.3289487318383451	0.8419527561872063	0.952954009814119	0.915673128263804
0.8	1.9000000000000001	0.30910073025090334	0.8666237855291834	0.9236602022716606	0.9300018822082626
0.8	2.0	0.30993707685580185	0.8674386018649684	0.885547669839605	0.929973458039071
0.8	2.1	0.33867708319281836	0.8384330056698683	0.8434195162104993	0.9128913761814027
0.8	2.2	0.3871538353958819	0.7859167948245603	0.8043885735706571	0.881832306341646
0.8	2.3000000000000003	0.43938879440006073	0.7252398579259872	0.7763790259849146	0.8445822351763861
0.8	2.4000000000000004	0.4807940818016409	0.6743844480481346	0.7656385282042105	0.8117192844656533
0.8	2.5	0.5012762156785032	0.6481269141816804	0.7745760094876578	0.7939938954359883
0.8	2.6	0.4955331687566148	0.6551890970613357	0.8010928423002401	0.7990345930500236
0.8	2.7	0.46286626304398376	0.6979396839828803	0.8395644371098155	0.828119487097241
0.8	2.8000000000000003	0.4071499972169586	0.7710501396907509	0.8826489780442736	0.8745727164945707
0.8	2.9000000000000004	0.3375998399073313	0.8578938118147856	0.9229185221172207	0.9252044529668939
0.8	3.0	0.2716247213340204	0.9311267028773262	0.9539060425902632	0.9647912407696618
0.8	3.1	0.23814149280316296	0.9639032151170286	0.970843450110581	0.9817477000188282
0.8	3.2	0.2598411351429418	0.9455119030301682	0.971450159955967	0.9722730225000736
0.8	3.3000000000000003	0.3206722135672582	0.887077774982737	0.956598657522862	0.9411109488449666
0.8	3.4000000000000004	0.39016392095014063	0.8127329491716763	0.930203872293196	0.8990180730652455
0.8	3.5	0.448849278091033	0.7459252694316438	0.8979491812240951	0.8586134743092106
0.8	3.6	0.48684885514582144	0.7015866353364241	0.8653799092083715	0.8304797968923112
0.8	3.7	0.5005421142097115	0.6857645455596478	0.8365452706946679	0.8205184449007187
0.8	3.8000000000000003	0.49149595527365475	0.697802268970642	0.8139624972480445	0.828739874963078
0.8	3.9000000000000004	0.4661683190413407	0.7308397198103885	0.7995088347599811	0.8495304559665056
0.8	4.0	0.4352307019606066	0.7713195103920146	0.7950690876496612	0.8735755941111195
0.8	4.1000000000000005	0.41124110489867727	0.802015945816955	0.8021503581985887	0.8912761885626276
0.8	4.2	0.4035420988605118	0.8104710431955338	0.820794500780919	0.8965933337698613
0.8	4.3	0.41270162740382416	0.7969803022273182	0.8488410032584549	0.8895746597527978
0.8	4.4	0.43060802259796754	0.7740428747003104	0.8822603938155311	0.8761698779338152
0.8	4.5	0.44633030765667897	0.7575998317464776	0.9162946398317628	0.8653049321305408
0.8	4.6000000000000005	0.45135027687109985	0.7584943600246424	0.9464858223267556	0.8646626542149566
0.8	4.7	0.4417192905933052	0.7796876553084805	0.9689482210111191	0.8772282470204039
0.8	4.800000000000001	0.41870033609970714	0.8170055928333189	0.9801382857809685	0.9000781912232703
0.8	4.9	0.3892186146579496	0.8598864861515022	0.9769918032924239	0.9256163658772001
0.8	5.0	0.36580756288455524	0.8928563536185786	0.9579575799594054	0.9443754027050824
0.8	5.1000000000000005	0.3631319938135216	0.9001691737037737	0.9244217664402117	0.9482003430501429
0.8	5.2	0.3885483217095291	0.8731208150194046	0.8813172283942415	0.9329684164991506
0.8	5.300000000000001	0.4354861022108007	0.8158935442933719	0.8361394415410431	0.9003273692512082
0.8	5.4	0.4891704327501813	0.7450900895347248	0.7968118619694965	0.8579183171802951
0.8	5.5	0.5352648478342604	0.6821382980915615	0.769684539675966	0.8175858649723238
0.8	5.6000000000000005	0.5635168434051558	0.6441416736916452	0.7586199617699466	0.7917194442267158
0.8	5.7	0.5683847409867128	0.6399541343281951	0.7650345110129497	0.7889379522796043
0.8	5.800000000000001	0.5489793433005954	0.6713900222661487	0.7880610489161268	0.810938800808527
0.8	5.9	0.5090121050300518	0.7338057401101247	0.8243378657816155	0.8518548988218624
0.8	6.0	0.4569522578056481	0.8139512070750826	0.8678523990492688	0.9002397659913521
0.8	6.1000000000000005	0.4062944992302675	0.8898660930654985	0.9107117031277434	0.942736012441946
0.8	6.2	0.3742166030976366	0.9375193628813824	0.9451087317931528	0.9681054069766588
0.8	6.300000000000001	0.37416435690251926	0.9419669110424055	0.9656285791795303	0.9704540288306547
0.8	6.4	0.4048103979052655	0.905135188065246	0.9705149469238931	0.95081877777816
0.8	6.5	0.45143613666070825	0.8440679458548525	0.9611977454424067	0.916675156213069
0.8	6.6000000000000005	0.49775141172070675	0.7811920400943839	0.9407047506245059	0.8794221869548348
0.8	6.7	0.532482013551617	0.7343345380803835	0.9123225179514505	0.8504937687656149
0.8	6.800000000000001	0.5502572927742164	0.7125709139865337	0.8793622623024797	0.8373416099894508
0.8	6.9	0.5511431509748136	0.71676190495684	0.8456785068866446	0.8408738435953987
0.8	7.0	0.5400038403708748	0.7402025746467957	0.8158814016183349	0.8555873063746456
0.8	7.1000000000000005	0.5252190474375684	0.7693528430926877	0.7946068110172463	0.8724315909888785
0.8	7.2	0.51593202794137	0.7885793309000576	0.7852458416155937	0.8829888488294504
0.8	7.300000000000001	0.5178896942187907	0.7883805333542561	0.7891140588639537	0.8829176387846407
0.8	7.4	0.5302865228005477	0.7706810917576861	0.8056023414109049	0.8732795103610502
0.8	7.5	0.5465488313495321	0.746943002894018	0.8328750939972733	0.8596722560360534
0.8	7.6000000000000005	0.5582328100571072	0.7314737750370852	0.8681993824613663	0.8499358850228425
0.8	7.7	0.5587215335734521	0.7351040126470789	0.9075383315949436	0.8512406583114674
0.8	7.800000000000001	0.545228616594153	0.7621424332146243	0.9450707864091095	0.8672017308457782
0.8	7.9	0.5196172781667547	0.8096908425326568	0.9736967472348989	0.8958240234446813
0.8	8.0	0.4887175220775137	0.8669245966687801	0.9868591483394973	0.9292878305814299
0.8	8.1	0.4638590556468703	0.9151318772043598	0.9808218037941923	0.9561903737909004
0.8	8.200000000000001	0.45777545554428345	0.9330202420786241	0.9560344145495427	0.9657466817435296
0.8	8.3	0.47762624919253643	0.9080847101126865	0.9168564102842622	0.9522658111380555
0.8	8.4	0.5194504092135256	0.8457490018236169	0.8700735479685332	0.9178016999684919
0.8	8.5	0.570959436796249	0.7669332222021619	0.8232704197651634	0.8716449934110395
0.8	8.6	0.6185183474366905	0.6959583685081002	0.7837532603084654	0.8269278016182897
0.8	8.700000000000001	0.651572163201751	0.6499725840775635	0.7578553972193123	0.7960623177774109
0.8	8.8	0.6641439457756515	0.6367133936274773	0.7500391795995314	0.787040418727812
0.8	8.9	0.6550774300514248	0.6573682199551362	0.7616763062347144	0.8016793584463505
0.8	9.0	0.6278297760075328	0.7082553648405494	0.7902206833815731	0.8356606044153347
0.8	9.1	0.5899783363349212	0.7793056148637388	0.8296876482852343	0.879752267432188
0.8	9.200000000000001	0.5522229148119433	0.8524736363953946	0.8725299990753129	0.9219967401218115
0.8	9.3	0.5261494429457074	0.9052368861834874	0.9118932850661792	0.9509313662160918
0.8	9.4	0.5200934215218372	0.9207218981827165	0.9429612869606896	0.9593293776351294
0.8	9.5	0.5348913449974775	0.8977859086102199	0.9629392068094578	0.9469498896024959
0.8	9.600000000000001	0.563711815060591	0.8512318097079404	0.9703220850137579	0.9206058588948085
0.8	9.700000000000001	0.5963383867882649	0.801530445562797	0.9644507195057145	0.8911090966120427
0.8	9.8	0.6236852134595495	0.7641445718963342	0.9457838624622242	0.8685396424287636
0.8	9.9	0.6402394359906224	0.7460086896608065	0.9164764039378063	0.858320245197674
0.8	10.0	0.6449287711043341	0.746811750131353	0.8805244998451532	0.8599433117588556
0.8	10.100000000000001	0.640997061583255	0.7604910272484408	0.8431439603827049	0.8684502555701821
0.8	10.200000000000001	0.6347507868227888	0.7769160402882356	0.8097421843152535	0.8772761258143366
0.8	10.3	0.6329455379349342	0.7852853634351833	0.785130712422959	0.880852360825117
0.8	10.4	0.6394871978959993	0.7785955524439037	0.7732120170882684	0.876241949243187
0.8	10.5	0.6533786245381596	0.757285025615046	0.7767211452026561	0.8639854767173588
0.8	10.600000000000001	0.6694470044838645	0.7301215958731635	0.7965061613768661	0.8483702544500161
0.8	10.700000000000001	0.6810865913724091	0.7108887870376405	0.8305080278732812	0.836700086904344
0.8	10.8	0.6830207499757769	0.7120961790052436	0.8733231750474403	0.8369203071980768
0.8	10.9	0.6730157367280598	0.7399365322428916	0.9171074744367467	0.8538820865968574
0.8	11.0	0.6526306177201532	0.7924500316410373	0.9536223847085132	0.8860169684481419
0.8	11.100000000000001	0.6273305533088536	0.8583894946632858	0.9763708547185337	0.9247075087399629
0.8	11.200000000000001	0.6058285499501879	0.9171819470707142	0.9818226794696778	0.9572938246926773
0.8	11.3	0.5978417312589235	0.9454991071264547	0.9695298518120439	0.972306350976956
0.8	11.4	0.6098147022657199	0.9298760670477664	0.9416619295730313	0.9640770317233598
0.8	11.5	0.6408896967925937	0.8748243329992799	0.9025463935238135	0.9344903303654805
0.8	11.600000000000001	0.6830029750714286	0.7991428817061931	0.8582886611056406	0.8916229583350831
0.8	11.700000000000001	0.7249802996941098	0.7252048581523584	0.8160821020563557	0.8466860373067476
0.8	11.8	0.7568882300585454	0.6703917248049837	0.7829153284233928	0.8109043149123981
0.8	11.9	0.7725292450765194	0.6445157636214913	0.7639758693226164	0.7930498075245432
0.8	12.0	0.7702674377501026	0.6511445751398786	0.7615282589843297	0.797497770226002
0.8	12.100000000000001	0.7528291595428571	0.688798279429024	0.7748557683160723	0.8227633704244748
0.8	12.200000000000001	0.7264458222424071	0.7494739070651882	0.801103337243199	0.8612329481571919
0.8	12.3	0.6994246364738269	0.8165543866883113	0.8362597501386394	0.9010945996826126
0.8	12.4	0.6800667005055533	0.8683270285367087	0.8756638506483538	0.9304901258527386
0.8	12.5	0.6740810150210016	0.8889351580693768	0.9141301629171313	0.9421823973272114
0.8	12.600000000000001	0.682482054300448	0.8777540350648698	0.9462816058129059	0.9361570193169744
0.8	12.700000000000001	0.7014243869578632	0.8474558637140233	0.967426944024421	0.9186573183234567
0.8	12.8	0.7242136836827082	0.81383543284134	0.9746327185392364	0.8984780750674297
0.8	12.9	0.7441264247737324	0.7879393481104006	0.9672871189102193	0.8829474041590799
0.8	13.0	0.756674821169311	0.7745971159372353	0.9468313873065877	0.8756582439225225
0.8	13.100000000000001	0.7608354490282173	0.773929260907218	0.9160548693934986	0.8763237741563995
0.8	13.200000000000001	0.7591650711541656	0.782379698234591	0.8786543499010921	0.8818052683236414
0.8	13.3	0.7567029339691779	0.7929556783731821	0.8393046294698255	0.8873508625266068
0.8	13.4	0.7587272878763809	0.7963024092064519	0.8037369232563168	0.8879039564626714
0.8	13.5	0.7681351400308785	0.784380502486189	0.7780940185673604	0.8798331522839644
0.8	13.600000000000001	0.7839227782911995	0.7561399867989196	0.7674274933863194	0.862978953161886
0.8	13.700000000000001	0.801750084140586	0.7206888350492752	0.7740573060588759	0.8419607500688028
0.8	13.8	0.8159979078196422	0.6935993036589568	0.7967853779859333	0.8253432062354803
0.8	13.9	0.8219207037355903	0.688794551635793	0.8313801429329458	0.8222506330357136
0.8	14.0	0.8170872536764361	0.7130273907329391	0.8718710418769888	0.8378538306422247
0.8	14.100000000000001	0.8021129491235202	0.764705209351875	0.9118063336811176	0.8703183798207725
0.8	14.200000000000001	0.7808854490697565	0.8333719245843512	0.9450265824079399	0.911093126071664
0.8	14.3	0.7601697142208065	0.9001062604582453	0.9662067326952569	0.9482689953279424
0.8	14.4	0.748076368591325	0.9428915347649326	0.9716502341165929	0.9709567806659148
0.8	14.5	0.7510793655947542	0.9460446756440242	0.9603256318322015	0.9725883524995175
0.8	14.600000000000001	0.770709915338982	0.90749234671995	0.9344785860137605	0.9523460303705348
0.8	14.700000000000001	0.8024299312742033	0.8394422396033465	0.8991278729142964	0.9150754765937816
0.8	14.8	0.8377671539912033	0.7627012791022463	0.8605212737055442	0.8701569250851211
0.8	14.9	0.8679169953445162	0.6981042776084321	0.8244667450737629	0.8293563618887024
0.8	15.0	0.8865759121762424	0.6598947449820564	0.7954911852993255	0.8036292174261199
0.8	15.100000000000001	0.8912628727208948	0.6540833571546908	0.7769447231318669	0.7995342270407788
0.8	15.200000000000001	0.883386266382955	0.67968440759279	0.7713102873857259	0.8167221730805276
0.8	15.3	0.8674584180898874	0.7286016693121194	0.7799510605013488	0.8479786382690657
0.8	15.4	0.8497194550524394	0.7851740308076635	0.8023050204060962	0.8821719517489908
0.8	15.5	0.8363458259314318	0.8307060396593062	0.8352981447171725	0.9088020999279207
0.8	15.600000000000001	0.8315609306661725	0.8526743619411344	0.8737363031371207	0.9218606041065085
0.8	15.700000000000001	0.8362974323222254	0.8506198559990784	0.91164858577897	0.9212095969668448
0.8	15.8	0.848111973938939	0.8336122411105673	0.9437342611657005	0.9113115027413846
0.8	15.9	0.8624438752504355	0.8131520319029266	0.966024942590358	0.8985842784767766
0.8	16.0	0.8745561530896703	0.7979454161458213	0.975694353577893	0.88887846583286
0.8	16.1	0.8813322079742011	0.7924872743146724	0.9708134507150175	0.885771580793222
0.8	16.2	0.8823891888200234	0.7973895265180113	0.950827594597627	0.8896350376019584
0.8	16.3	0.8802108830449568	0.809247305072755	0.9175978799989734	0.8974351292681106
0.8	16.400000000000002	0.8791507893981705	0.8201858637122604	0.875980079995004	0.9035945879601845
0.8	16.5	0.8834872975907453	0.8196155798304327	0.8330698278961466	0.9021354839492303
0.8	16.6	0.8953100818294366	0.7998466460118666	0.7963081206568985	0.8895400912505942
0.8	16.7	0.9133881873580555	0.7623481577902831	0.7715536771621738	0.8669754287749997
0.8	16.8	0.9336519276540317	0.718618062723741	0.7621240861478522	0.8405562790931215
0.8	16.900000000000002	0.950834496389895	0.6843113160956315	0.7688856147620455	0.8193049463412138
0.8	17.0	0.960293939581478	0.672036002942782	0.7906828675156746	0.8117203060425824
0.8	17.1	0.9593681939422957	0.6880150826609557	0.8244494657215112	0.8225250937373503
0.8	17.2	0.9481260802210935	0.7320161215324149	0.8650788858555081	0.8508823521956586
0.8	17.3	0.9295753351231415	0.7971503499294467	0.9057664193597296	0.8905238871923369
0.8	17.400000000000002	0.909290586903672	0.8689979284231875	0.9393540708268023	0.9314694306714545
0.8	17.5	0.8942337917749839	0.9270832205825622	0.9602920925892552	0.9627188973869139
0.8	17.6	0.8906006926683337	0.9513531819484384	0.9660634854387512	0.9753292953363779
0.8	17.7	0.9012387571793209	0.931869707612905	0.9571768684741361	0.9652327083317987
0.8	17.8	0.9241487920044589	0.8751408661744732	0.9359880692972363	0.9348988756975521
0.8	17.900000000000002	0.953296710654709	0.801121203572217	0.905536972378071	0.8929204972696696
0.8	18.0	0.9811969309836226	0.7326569816121168	0.8693341780748784	0.8512777635961534
0.8	18.1	1.001607049741903	0.6860523587016983	0.8318762992028519	0.8212279241358754
0.8	18.2	1.0112017686754426	0.6685124772955595	0.798818803266951	0.8095938144276758
0.8	18.3	1.0100471439537695	0.6798939419172859	0.776041532290607	0.8169846740260278
0.8	18.400000000000002	1.001128861962444	0.7139130585014	0.7679426889507798	0.8383800316979856
0.8	18.5	0.9892115455120986	0.7585943637985392	0.7760721737699359	0.8654302684677599
0.8	18.6	0.979283402603786	0.7989470260369581	0.7989486982514091	0.8894204671622189
0.8	18.7	0.974955250480285	0.8227419090713268	0.8329213875179934	0.9039976662852799
0.8	18.8	0.9773523472988034	0.8262096371456372	0.8731965187197048	0.9070073423556009
0.8	18.900000000000002	0.98497094194692	0.8152420662617396	0.9143230485214341	0.9009351505740937
0.8	19.0	0.9945429799304063	0.8009702553097073	0.9502858039642686	0.8916880347032323
0.8	19.1	1.002484719462261	0.793370913250582	0.9749788346555541	0.8859601748935698
0.8	19.200000000000003	1.0063591131227345	0.7974587745134398	0.9835237173085998	0.8881184891835496
0.8	19.3	1.0058929667818215	0.8126674557627301	0.9739276164428686	0.8980187655460167
0.8	19.400000000000002	1.0032180454291988	0.8330427585505913	0.9479548253914982	0.9109432056586256
0.8	19.5	1.002131274841619	0.8481098989517616	0.9105133434032979	0.9197956227572831
0.8	19.6	1.006466611273095	0.8467028478792076	0.8679720099336677	0.9183882285638044
0.8	19.700000000000003	1.0182029652345248	0.8230294786231945	0.8265614564294558	0.9041030960244645
0.8	19.8	1.0363251650967287	0.7804370320918131	0.7916838003908623	0.8788545198230697
0.8	19.900000000000002	1.0571135067176947	0.7301171930569113	0.7679298016002086	0.8484483047800755
0.8	20.0	1.0755884075915918	0.6864071743724942	0.7589328502327922	0.8210407193900962
0.8	20.1	1.0872271115736787	0.6619619725100814	0.7665451631946505	0.8051447965851697
0.8	20.200000000000003	1.0892593530127186	0.6649382584882408	0.789794405068287	0.8072510023258013
0.8	20.3	1.0813519320375413	0.6981985904553731	0.8246152078522453	0.829367947964513
0.8	20.400000000000002	1.0657695596314563	0.7584081876404257	0.8648583070902113	0.8674422445168172
0.8	20.5	1.0470643899024292	0.8336843613135183	0.9040377835809832	0.9118104875558406
0.8	20.6	1.0311792992790247	0.9031700901606228	0.9367213990874942	0.9500645655841149
0.8	20.700000000000003	1.0238318106703195	0.9436886861775451	0.9589288395507526	0.9713706858626594
0.8	20.8	1.0284535106213955	0.9416290971427544	0.9678790674564333	0.9703095770127673
0.8	20.900000000000002	1.0446470053346701	0.900335837364272	0.9619393537544922	0.9484523644300946
0.8	21.0	1.0682346387826906	0.8366101523477397	0.9412121078227348	0.9131514500583066
0.8	21.1	1.092989604054698	0.770746349998806	0.9083213281853175	0.874540519686875
0.8	21.200000000000003	1.1130171619970584	0.7187034544033837	0.8685145360900837	0.8423741870951341
0.8	21.3	1.124619722520848	0.6897306796531563	0.8286279370673956	0.8237417891697025
0.8	21.400000000000002	1.1270945092931977	0.6870247724935042	0.7953755080201508	0.8216903863004534
0.8	21.5	1.12249132364667	0.7081040459983938	0.773936022442976	0.8345142077132094
0.8	21.6	1.1146227318566044	0.7440584063854521	0.7674209775457201	0.8560246784722279
0.8	21.700000000000003	1.1076873474620572	0.7802704511004184	0.7769406788503255	0.8774670720649973
0.8	21.8	1.10488935545062	0.8020872632121091	0.8015833966671537	0.8910016025801656
0.8	21.900000000000002	1.1074510947027203	0.8036031775604822	0.8380898372927155	0.8932652321275703
0.8	22.0	1.1143411173231412	0.7914109895568529	0.880759690114729	0.8868926077012377
0.8	22.1	1.122813420322779	0.7788764968647045	0.9222720645152497	0.8788683889711961
0.8	22.200000000000003	1.1295637832362266	0.7770186632552079	0.9554258314789862	0.8765829675735854
0.8	22.3	1.1321110371445084	0.789998618203235	0.9749822529498996	0.8839203005435297
0.8	22.400000000000002	1.1299426066953124	0.8153996055232774	0.9786385075075926	0.8995261340083597
0.8	22.5	1.1249771578773387	0.8455487368671054	0.9668182054594687	0.9178216320205383
0.8	22.6	1.121018110678312	0.8692912253167552	0.9418132841289718	0.9316382265364521
0.8	22.700000000000003	1.1222146782962772	0.8753350707547444	0.9070985064505838	0.9348129106199925
0.8	22.8	1.1311198042066155	0.8564876997406485	0.8671624792211461	0.9238626488933269
0.8	22.900000000000002	1.1473712713693713	0.8131825258957809	0.827462430324837	0.8989248178285553
0.8	23.0	1.167756553139358	0.7548760187810029	0.7938666536065874	0.8643450385223485
0.8	23.1	1.187508983705931	0.6976644708258803	0.7714696112922342	0.8285521990177689
0.8	23.200000000000003	1.2019957165384574	0.6581705154179768	0.7634014905888472	0.8023059245478766
0.8	23.3	1.208048471442349	0.647741778316127	0.7703755562670626	0.7950799539657848
0.8	23.400000000000002	1.2046844287985585	0.6707199425657095	0.7910619025073492	0.8109407041036826
0.8	23.5	1.1933057437855767	0.7244615667944585	0.8226775137801743	0.8462759072603682
0.8	23.6	1.1774864440723742	0.7976781490916985	0.8612110050247216	0.8909392426741067
0.8	23.700000000000003	1.1622906701337867	0.8705375394421657	0.9013751511504875	0.9322563007279473
0.8	23.8	1.1529795159986378	0.9213066265816903	0.9369116414006751	0.9596184992236183
0.8	23.900000000000002	1.1532368358374523	0.9360634568848041	0.9616752205492827	0.9674232628603356
0.8	24.0	1.1636415185428723	0.9138044517142261	0.9712039627929503	0.9556357294543171
0.8	24.1	1.181375504584988	0.864689278128021	0.9639518773468975	0.9287719883415498
0.8	24.200000000000003	1.2014760812355014	0.8047406204776032	0.941518787804652	0.8944254411105866
0.8	24.3	1.2188803661894378	0.7503581531040254	0.9079119269898889	0.8616815753957993
0.8	24.400000000000002	1.2301694272902752	0.7141743794181425	0.86848487255432	0.8390379695166055
0.8	24.5	1.2343955944152951	0.7028065826394531	0.8291779074532722	0.8317329351471862
0.8	24.6	1.2329683768603392	0.7157494535126594	0.796080019587361	0.8394767800206103
0.8	24.700000000000003	1.2288671256730999	0.7443738404772358	0.7748016335216455	0.8562396216524393
0.8	24.8	1.2255026421454067	0.7733350709771724	0.7693207252749291	0.8729417726207301
0.8	24.900000000000002	1.2255401827291375	0.7879131537046692	0.780714679200732	0.881946468718191
0.8	25.0	1.229995619541355	0.7835526294830334	0.8066707796908255	0.8807693698364398
0.8	25.1	1.2378856277212125	0.7681458220320456	0.8422569338016316	0.8728087428975004
0.8	25.200000000000003	1.2465877023672265	0.7549888784638169	0.8814879399840491	0.864942924692384
0.8	25.3	1.252847397141617	0.7544185900891349	0.9186946982579688	0.8638106632868514
0.8	25.400000000000002	1.2541307150191878	0.770556321101958	0.9490892877529727	0.872938978010569
0.8	25.5	1.2498457902831768	0.8019389995817833	0.9687682138077592	0.8916920853286544
0.8	25.6	1.2419177016160403	0.8423795585834124	0.974844819586038	0.9156718855145428
0.8	25.700000000000003	1.2343441346943207	0.8810370958349882	0.966050846769091	0.937846823056903
0.8	25.8	1.2317246658793948	0.9034736347230706	0.943419211873839	0.9501977080661534
0.8	25.900000000000002	1.2373004474829827	0.896189029540514	0.910344021758857	0.9460655024177094
0.8	26.0	1.2514715550864262	0.8544436568196915	0.871759782371684	0.9229722250225585
0.8	26.1	1.2715933528384984	0.7878834052115355	0.8329441184460682	0.8847568568778794
0.8	26.200000000000003	1.293050653065796	0.7172825840192417	0.7987376734592248	0.8414431964282055
0.8	26.3	1.3108902860797726	0.6638092449134966	0.773465780244599	0.8061233654806674
0.8	26.400000000000002	1.3212617575206522	0.6405587445226686	0.7610388798115136	0.7899718120928857
0.8	26.5	1.32233543933257	0.651800102050881	0.7644592747034826	0.7979039706617235
0.8	26.6	1.3146964886404435	0.6950748546696404	0.7845997858457302	0.8270865613543958
0.8	26.700000000000003	1.301255181778636	0.7610871559766327	0.8190466062460212	0.8686609943104386
0.8	26.8	1.286612241076443	0.8335770005515764	0.8620595886777797	0.9112227687440184
0.8	26.900000000000002	1.2758141015721103	0.8928825422259016	0.9059713001624112	0.944212903795252
0.8	27.0	1.2727002043403421	0.9225954637990132	0.9432729118768666	0.9603013238389848
0.8	27.1	1.2784839566069097	0.9159499736885492	0.9682162773112873	0.9568027380754671
0.8	27.200000000000003	1.291360966071403	0.8785756805051422	0.9773639471245031	0.9362656553925462
0.8	27.3	1.3074282541451157	0.825651320006936	0.9695025513180254	0.905924473976894
0.8	27.400000000000002	1.3223823033531994	0.7748578451737849	0.9456831701996584	0.8756053529076877
0.8	27.5	1.33310001159779	0.7397828063792319	0.9095491455601004	0.8543457943483885
0.8	27.6	1.338489984698978	0.7270078026990644	0.8673028922251235	0.8469785193183841
0.8	27.700000000000003	1.3395007711922695	0.7354993397101326	0.8266201692484116	0.8523779872674515
0.8	27.8	1.3384925108390098	0.756516011206713	0.7946565524088754	0.8644163220653451
0.8	27.900000000000002	1.338261591774022	0.7761853209053353	0.7761682847157629	0.8751861531389291
0.8	28.0	1.3409922740218518	0.7824202209019752	0.772801557441238	0.8787396414824733
0.8	28.1	1.3474138263480409	0.7718972577423062	0.7837229332277138	0.8734642352380303
0.8	28.200000000000003	1.3564478860098885	0.7512561313277628	0.8067592497709857	0.8622943781774316
0.8	28.3	1.3655302841231503	0.7324040780497629	0.8390018821824158	0.8512264767533955
0.8	28.400000000000002	1.3715543356434448	0.7265591493879919	0.8765941197956216	0.8470618531562333
0.8	28.5	1.3721272202663306	0.7406524372495786	0.9144094000176798	0.854993087270814
0.8	28.6	1.3666934426632467	0.7761668463013233	0.9465420562146908	0.8764002178795235
0.8	28.700000000000003	1.3570876543283965	0.828319393470186	0.9677254323682428	0.9074781785575435
0.8	28.8	1.3472059942686512	0.8845762509146406	0.974784266605783	0.9395882778167449
0.8	28.900000000000002	1.3417490590475363	0.9253916610598222	0.9670995972096068	0.9617942987611431
0.8	29.0	1.3444117894732275	0.9313615725337977	0.9459839688120772	0.9649126434232544
0.8	29.1	1.3563117807655636	0.894718069739547	0.9138556746025152	0.9453712507438381
0.8	29.200000000000003	1.3754633568315313	0.8256462986859241	0.874106656128215	0.9070525418979253
0.8	29.3	1.3975304131168207	0.7468744605089872	0.8316050253102053	0.8602308607311995
0.8	29.400000000000002	1.4173707506405149	0.681461197611167	0.7928855253802541	0.8181101684766178
0.8	29.5	1.430630971150651	0.6442631328415818	0.7651638393575093	0.7924786702767255
0.8	29.6	1.434894634687567	0.6412254177128629	0.75429331560725	0.7901238311648238
0.8	29.700000000000003	1.4302235454712096	0.6719536210442822	0.7627713183268733	0.8110372288228391
0.8	29.8	1.41909685267876	0.7300496910203484	0.7890000341679798	0.8486598086661055
0.8	29.900000000000002	1.405763163852618	0.8013969899880538	0.828099104036925	0.8919269736845259
0.8	30.0	1.39503628951684	0.865358758171667	0.8734718143278092	0.9286225628736832
0.8	30.1	1.390748441499242	0.9022133579269216	0.9180634799651325	0.9492168083070082
0.8	30.200000000000003	1.3944060435389432	0.9031018777270371	0.9550069386364571	0.9499293081385792
0.8	30.3	1.4047328122601666	0.8741505775722788	0.978236919379947	0.9337095512447752
0.8	30.400000000000002	1.4183920597259156	0.8311689662935547	0.9836540664554831	0.9085980986100888
0.8	30.5	1.43148604078326	0.7904445948036033	0.9705273983886795	0.8842284470045276
0.8	30.6	1.441061307403781	0.7630214747619076	0.942077831450555	0.8681424867678821
0.8	30.700000000000003	1.4460237480801104	0.7536028722929459	0.9045018313700267	0.8634590182622489
0.8	30.8	1.4472613266192704	0.760796085310507	0.8648461355133332	0.8684876571636416
0.8	30.900000000000002	1.4470708575742846	0.777221489201424	0.8290215417618569	0.8779530970074774
0.8	31.0	1.4481471669209112	0.7911333771893604	0.8010276885853145	0.8851567817988236
0.8	31.1	1.4524865126287623	0.7911332701365057	0.7833914577837697	0.8844980636459905
0.8	31.200000000000003	1.4605798262944243	0.7725674714897566	0.777878919243286	0.8738044377581834
0.8	31.3	1.4711705430127204	0.7412621610295821	0.7855276423487788	0.8557207394408547
0.8	31.400000000000002	1.4816438672976708	0.7110260985896588	0.8059127035843763	0.8373392407764517
0.8	31.5	1.4889110084426154	0.6965416232731002	0.8364551870786445	0.8277446825001948
0.8	31.6	1.4905296455267263	0.7073672500453109	0.8726251124427814	0.8341751765070256
0.8	31.700000000000003	1.4857365420902457	0.7459836394809553	0.9090481800558244	0.8584730741267015
0.8	31.8	1.4760345382629658	0.8071488598590443	0.9406893974648709	0.8956433314370182
0.8	31.900000000000002	1.4650209732180186	0.8765715206032141	0.9633446531699079	0.9353360619715101
0.8	32.0	1.4573408154390395	0.932499898751011	0.9735394285673479	0.9655036733763916
0.8	32.1	1.4570170599406151	0.953581879976562	0.9686410880005477	0.9764751648614424
0.8	32.2	1.4658283198891897	0.9293879630585788	0.9477366834822837	0.9638961360508349
0.8	32.300000000000004	1.482539197385553	0.8662086292759482	0.9128528120901546	0.9299442309370608
0.8	32.4	1.5033756160984748	0.7841911933837329	0.8694280377453718	0.8829234422486689
0.8	32.5	1.5234285499003009	0.7078964517372841	0.8253180226276584	0.835354725284817
0.8	32.6	1.5382684454237434	0.6565547356493462	0.7886917315922651	0.8005984584544524
0.8	32.7	1.5451812096250084	0.6399448444188357	0.7659530664254277	0.7885688090015763
0.8	32.800000000000004	1.543786473492495	0.6596983237004931	0.760629804763157	0.8020335172580805
0.8	32.9	1.5360321990449468	0.710178333300652	0.7732925652076921	0.8353568584413646
0.8	33.0	1.5256124625923924	0.7767931213913887	0.801883453019384	0.8766559116939733
0.8	33.1	1.516866410110371	0.8377975301544168	0.841948215074352	0.9125760135199075
0.8	33.2	1.5133540235547085	0.8737351648517878	0.8869288162728498	0.9334103839727439
0.8	33.300000000000004	1.5165782228843196	0.8777002502396992	0.9290752143778922	0.9361359551698043
0.8	33.4	1.525472669501861	0.8568013062733473	0.9611650071142285	0.9242586396305361
0.8	33.5	1.5369928841995648	0.8250682764359313	0.9784072867525657	0.9052220473241815
0.8	33.6	1.5475344985042836	0.7957216155125447	0.9794858040520767	0.8871667247081925
0.8	33.7	1.5544583954537887	0.7777032242046379	0.9661641923332983	0.8764083604880679
0.8	33.800000000000004	1.5570472907919675	0.77523978784156	0.9418854192349848	0.8758792534931159
0.8	33.9	1.5565955935807252	0.7874516401337159	0.9104490803684432	0.8842678413593487
0.8	34.0	1.5557255905157448	0.8070968315211667	0.8755464759393471	0.8960779044632994
0.8	34.1	1.5572662583081371	0.8208363747024193	0.8409995188523157	0.9033201870553802
0.8	34.2	1.5631204449069205	0.8147224318984319	0.8109243454738418	0.8989465951108685
0.8	34.300000000000004	1.5735067397008762	0.7838117880929281	0.7892942898128542	0.8806826899817096
0.8	34.4	1.5868089124400735	0.7374959343817099	0.7791300918616644	0.8530285899023482
0.8	34.5	1.6000502321069632	0.694244722546797	0.7819399666323021	0.8259397989510436
0.8	34.6	1.6098251175697897	0.6710434077890663	0.797690372615694	0.8106582961144313
0.8	34.7	1.613422029572351	0.6773487955558515	0.8249788097154453	0.814879788367405
0.8	34.800000000000004	1.609835542533824	0.7150271527900731	0.8609385090071218	0.8396923505122788
0.8	34.9	1.6003518653309246	0.7788590925089609	0.9009023693994398	0.879440789202334
0.8	35.0	1.5884223269579687	0.8555938560350115	0.9384326843536361	0.9239214867443379
0.8	35.1	1.5786973064238203	0.9246931775659527	0.9663214622317969	0.9614199689394631
0.8	35.2	1.575433490067791	0.9634596399758661	0.9784936654755152	0.9815401013990537
0.8	35.300000000000004	1.5808944640162772	0.9559910490373577	0.9719602330007654	0.9777139046849613
0.8	35.4	1.5945101875970074	0.9021419961012909	0.9477726206263657	0.9494605640395657
0.8	35.5	1.6131914490262103	0.8198832553023909	0.9105484028063774	0.903641741626053
0.8	35.6	1.6325433485758178	0.7368100425902353	0.8670547924426639	0.8533135142603951
0.8	35.7	1.6483375658582646	0.6764462637016392	0.8247334736363297	0.8135730668077978
0.8	35.800000000000004	1.657701059912164	0.6507738328861907	0.7906297386018839	0.7958047112873968
0.8	35.9	1.6597855103567358	0.6615072012653466	0.7705199487584594	0.8032321486982757
0.8	36.0	1.6558829937685255	0.702293569853384	0.7679051345146425	0.8301946957998945
0.8	36.1	1.648992720613101	0.7586222459728955	0.7830539004852993	0.8653347850182582
0.8	36.2	1.6428597260527515	0.8109341508604951	0.8127517933959022	0.8966537456533864
0.8	36.300000000000004	1.6406581575468653	0.8428844068821193	0.8512025865802383	0.9157690037168493
0.8	36.4	1.6437751752863496	0.8485469271543699	0.8917570390596593	0.9198331313174004
0.8	36.5	1.6513021771591532	0.8331794744090079	0.9285534180343699	0.9112431200769071
0.8	36.6	1.660564257538436	0.8086759344104442	0.9572997168848701	0.8961272365878932
0.8	36.7	1.6684291618801446	0.7877880299388127	0.975161785224869	0.8823084709275462
0.8	36.800000000000004	1.6727199386553346	0.7799464626531895	0.9803806427088508	0.8768195454255614
0.8	36.9	1.6731000126403375	0.7893077236523284	0.9722623229175903	0.8831079000491495
0.8	37.0	1.671142951595797	0.8135686910594977	0.9515900933654001	0.8989097677214458
0.8	37.1	1.669651906691698	0.8423397105714213	0.9209128425843828	0.9163556535324818
0.8	37.2	1.6715302359195219	0.8583074419701203	0.8842042241864306	0.9251102176095588
0.8	37.300000000000004	1.6786249190395244	0.8458343355208935	0.8460378892648646	0.9174136419477659
0.8	37.4	1.6909578430241938	0.8026983253379015	0.8109371742730672	0.8922983036539197
0.8	37.5	1.7066042183887649	0.7430420004436471	0.783290126174989	0.8565075230507524
0.8	37.6	1.7222319036776383	0.6881561460462	0.767438853764059	0.8217012389711006
0.8	37.7	1.7341111010372323	0.6552365662645946	0.767172367554676	0.7997485054616931
0.8	37.800000000000004	1.7393032729520113	0.6533171275366724	0.7843810271986527	0.7985835624743742
0.8	37.9	1.7366973802281516	0.6848242062242758	0.8175786310878983	0.820062167203421
0.8	38.0	1.7275545221513653	0.7465593859290129	0.8614135884751289	0.8597795968773452
0.8	38.1	1.7153019424018319	0.8277642813113467	0.9077428481774927	0.9081883662662033
0.8	38.2	1.7045350137465123	0.9082553213066897	0.947805950401896	0.9526867112986859
0.8	38.300000000000004	1.6995059302105995	0.9619154287852807	0.9743946508243959	0.9807426423115673
0.8	38.400000000000006	1.7026649583075402	0.9678367848647692	0.9831468876606212	0.9837726569332752
0.8	38.5	1.7138721950628057	0.9231705394183051	0.9728917679722235	0.9605447210388235
0.8	38.6	1.7305961493022926	0.8461645299920076	0.9455541108705545	0.9182900764496391
0.8	38.7	1.7489240271329334	0.7651410801314138	0.9059815728958734	0.8703885869113687
0.8	38.800000000000004	1.7648839868454627	0.7034691950578998	0.8614543616504254	0.8313181077593197
0.8	38.900000000000006	1.7755957419678199	0.6728418083938762	0.8203770451644438	0.8112648817394557
0.8	39.0	1.7799773871982625	0.6749852296844983	0.7901897110760473	0.8129849082335081
0.8	39.1	1.778918492101745	0.7042495930132293	0.7753938370388247	0.832002753654753
0.8	39.2	1.7749068280809757	0.7484802178079494	0.7768084334662629	0.8593144501604291
0.8	39.300000000000004	1.7711520635900713	0.7913010250398143	0.7923801536456723	0.8849052796027604
0.8	39.400000000000006	1.7704002567857926	0.81766297006115	0.8187399576174798	0.900843671973657
0.8	39.5	1.7738601600012416	0.8204978859443754	0.8522843104055846	0.9034868009481478
0.8	39.6	1.780755147587775	0.8041966787875777	0.8892356956158399	0.8945451708266356
0.8	39.7	1.7887687362966673	0.7818570118181212	0.9252236631803067	0.8805521653909572
0.8	39.800000000000004	1.7951723657472753	0.7679125988474543	0.9553582163813009	0.8704248139261446
0.8	39.900000000000006	1.79807703526856	0.7717531354906564	0.9751592617772669	0.8716209978548506
0.8	40.0	1.7972619683431477	0.7955693384655167	0.9817398564810342	0.8864237077353391
0.8	40.1	1.7942976989409767	0.8338970663753336	0.9743352932353904	0.9102713993792491
0.8	40.2	1.7919731713044407	0.8728492839837204	0.9539162131361436	0.9332814175337936
0.8	40.300000000000004	1.7932483672243538	0.8930339848667597	0.9225180146994354	0.9444482787921664
0.8	40.400000000000006	1.8000942706904022	0.879247262921918	0.8831172985464546	0.9364745313537207
0.8	40.5	1.8126439586385232	0.830677843619198	0.8401645467243924	0.9089076214021129
0.8	40.6	1.8289942308946547	0.7621324123732397	0.7999599582613325	0.8683880840293575
0.8	40.7	1.8457459450058653	0.6955637848970597	0.7698969398448219	0.8263788668971802
0.8	40.800000000000004	1.8590759296779533	0.6499316363323439	0.7564474601261983	0.795575239129932
0.8	40.900000000000006	1.8659620633955263	0.6364741488439556	0.7628924190756547	0.7860967785080847
0.8	41.0	1.8651814343262896	0.65943541723009	0.7881609547811829	0.802267390961777
0.8	41.1	1.8577904959207894	0.7170678314182835	0.8273675856385927	0.8408241666273113
0.8	41.2	1.8469116853413776	0.799137728942754	0.8734275798992347	0.8914177206796772
0.8	41.300000000000004	1.836815312910838	0.8842918420262855	0.9186185704744871	0.939667447179503
0.8	41.400000000000006	1.8315341090124542	0.9448181352673397	0.9555512904603705	0.9718860798718985
0.8	41.5	1.8335060478754894	0.9597979875316881	0.9779469502176823	0.9796615228585455
0.8	41.6	1.8428109304662834	0.9269176615264471	0.9817932893154774	0.9624598183254598
0.8	41.7	1.857310012747524	0.8626106325880554	0.9666873720412686	0.9273089331306621
0.8	41.800000000000004	1.873553028845504	0.7912763059444164	0.9363962333752618	0.8859050237253617
0.8	41.900000000000006	1.8880031865257896	0.7335019957380046	0.8978358542472853	0.8504748649522791
0.8	42.0	1.8981157282973906	0.7008946072386175	0.8587436535103566	0.8299739241766338
0.8	42.1	1.902982720100084	0.6967013984197653	0.8253330130800821	0.8277271853644178
0.8	42.2	1.903443458837689	0.7172421293644471	0.8012333002673531	0.8409212158580139
0.8	42.300000000000004	1.9016794323787014	0.7519873838151346	0.787988964007161	0.8619110351271684
0.8	42.400000000000006	1.9003973260316849	0.7849746905954861	0.7862020535706938	0.8810749645357736
0.8	42.5	1.9018125523023963	0.8009475541910205	0.7960895464901199	0.8905337249078995
0.8	42.6	1.9067759879504644	0.7941188473491014	0.8170310128165643	0.8874084244785918
0.8	42.7	1.914426039728294	0.7719879216432736	0.8467948174433558	0.8750532084500697
0.8	42.800000000000004	1.9225702403891738	0.7500145365367983	0.8814504829356197	0.861469322949319
0.8	42.900000000000006	1.928654070916448	0.742327706538013	0.9162210519708228	0.8555943514751151
0.8	43.0	1.9308907972425509	0.7562370693692754	0.9465586387179467	0.863286393213746
0.8	43.1	1.9290803770816911	0.7916096849736947	0.9686072145407483	0.884788763757205
0.8	43.2	1.9248060947950532	0.8411743260979692	0.9790400810210405	0.9144875061903407
0.8	43.300000000000004	1.920936669889551	0.8904104750276932	0.9750623517592264	0.942727506142091
0.8	43.400000000000006	1.920600878726914	0.9199955659878334	0.955241693302032	0.9589271059813641
0.8	43.5	1.9260040052420482	0.9132751700483278	0.9208869067994632	0.9551380746345882
0.8	43.6	1.9375454490851522	0.8660180484725363	0.8768834265880887	0.9291454187200477
0.8	43.7	1.953585876162641	0.7910836816903837	0.8310316212992078	0.8860742264020431
0.8	43.800000000000004	1.9709309034898794	0.7127192663840506	0.7919562222834119	0.8375741714999266
0.8	43.900000000000006	1.9858227175480823	0.6542997369758451	0.7666925839971067	0.7983447269183656
0.8	44.0	1.9951028555003336	0.629797130710949	0.7591948786122169	0.7809797688730659
0.8	44.1	1.9972082444194619	0.6437722090686249	0.7701525485940669	0.7912095625484725
0.8	44.2	1.9927102400007561	0.6938849038384093	0.7974992556077769	0.8257474480811808
0.8	44.300000000000004	1.9841971985181597	0.7696228455949774	0.8368265076937003	0.8737520295761341
0.8	44.400000000000006	1.9754724091016094	0.8507954299699126	0.8816371946409609	0.9210392665563968
0.8	44.5	1.970284493081291	0.9126831156973619	0.9240766629097703	0.954918919844028
0.8	44.6	1.9710438001453954	0.9367042542373019	0.9565853260076481	0.9677166197317931
0.8	44.7	1.9780571924484434	0.9188320941496058	0.9739770333991529	0.9582467800184915
0.8	44.800000000000004	1.9896094445139458	0.8702758615078087	0.9747726536677911	0.9315149805904553
0.8	44.900000000000006	2.00280038199717	0.8108948199018602	0.9609717899621514	0.8970634212531859
0.8	45.0	2.014694721474479	0.7600060889926695	0.9365448073409745	0.8661033644481434
0.8	45.1	2.0232894369651944	0.7301124505761735	0.9057763504499775	0.8477945698047185
0.8	45.2	2.0280117929936687	0.7254772574150936	0.8724729237573654	0.8458380105843688
0.8	45.300000000000004	2.0297117288792137	0.742468609459598	0.8401427592845973	0.8570638234872556
0.8	45.400000000000006	2.030244605746947	0.7695275414836068	0.8124155501554431	0.8730640984934872
0.8	45.5	2.0317655643645813	0.7901867148912833	0.7929242432372853	0.8843031262644216
0.8	45.6	2.0358930484044913	0.7916070070129294	0.7845726085407326	0.8846414167676074
0.8	45.7	2.0430022402394945	0.7727673626540202	0.7887934479499195	0.8739430015036798
0.8	45.800000000000004	2.051971066388094	0.7444169484945217	0.8053640942003669	0.8576318562199083
0.8	45.900000000000006	2.0605679735603704	0.7215971178141126	0.8326929287297942	0.8438778549667414
0.8	46.0	2.066363367354438	0.716255956262715	0.8680008558767739	0.8402003077032664
0.8	46.1	2.0677766472206702	0.7343401048035159	0.9070793783078508	0.8509627445869348
0.8	46.2	2.0648147209487635	0.7757686468060815	0.9440519683650792	0.8760858627078
0.8	46.300000000000004	2.059208692141648	0.8341512740192597	0.971952773460771	0.9106388171278841
0.8	46.400000000000006	2.0538983317482433	0.895481120166928	0.9844357716758255	0.9453561087614362
0.8	46.5	2.05204988955857	0.9387118225689871	0.9779275927616186	0.9687217449759689
0.8	46.6	2.055959924583741	0.9428417596759792	0.9529959376236686	0.9708400332605404
0.8	46.7	2.0662410651187106	0.8997222885384532	0.9141723524213671	0.9478553680434826
0.8	46.800000000000004	2.081571934246567	0.8220748741902313	0.8685148811548219	0.9045616239452906
0.8	46.900000000000006	2.09907117416557	0.7369900189928055	0.8238638420369198	0.8533582514064131
0.8	47.0	2.1151455559260826	0.6702993493951594	0.7875194527818411	0.8097158114917264
0.8	47.1	2.126551109925765	0.6365547235680256	0.7653565653193966	0.7863501730499995
0.8	47.2	2.1313780777876943	0.6397565505416521	0.761007538908134	0.7889191089445756
0.8	47.300000000000004	2.129674183340209	0.6772271738652194	0.7750339924215586	0.8149263811686115
0.8	47.400000000000006	2.123466518198806	0.7401564035343029	0.8045369929822939	0.8555882869995546
0.8	47.5	2.1160934617302702	0.8127248406946249	0.8437483251485575	0.8991168351326814
0.8	47.6	2.111028848091337	0.8743522386469595	0.8856079655039243	0.9339787713336745
0.8	47.7	2.1106562233190176	0.9064532243013343	0.9236188973643144	0.9516481223539863
0.8	47.800000000000004	2.1155275374663614	0.9010911641592598	0.9530433786241473	0.9488768869904137
0.8	47.900000000000006	2.124405041274839	0.8656759499062743	0.9710291868164259	0.9289911167265765
0.8	48.0	2.134974865872232	0.8186518460672343	0.9761030617216128	0.9010822142664905
0.8	48.1	2.144829495911615	0.7788798786974269	0.9678536000327249	0.8765209413449291
0.8	48.2	2.1523048494614416	0.7577660343962842	0.9471764947905265	0.8639847447677661
0.8	48.300000000000004	2.156934212438708	0.7579331542043519	0.9166668402868943	0.8656220994191007
0.8	48.400000000000006	2.159466140819615	0.774039164539525	0.8804847408944576	0.8765895207711303
0.8	48.5	2.1614986103166838	0.7937946183680126	0.8435582332534698	0.888122428272967
0.8	48.6	2.164833299585053	0.8027023296922631	0.8106749483897392	0.8921645522164221
0.8	48.7	2.1707163037936867	0.7920896435269955	0.7860508619024146	0.8849551789673411
0.8	48.800000000000004	2.17922145842678	0.7639531769326194	0.7733258547527427	0.868085068147379
0.8	48.900000000000006	2.189068012178764	0.7289864556508145	0.7753715728912824	0.8472816843385037
0.8	49.0	2.1980311212428023	0.700877357219712	0.7934598152780687	0.8301997501641907
0.8	49.1	2.20381824939923	0.6913940987659783	0.826089890905366	0.8242360892719356
0.8	49.2	2.2050342290685214	0.7077962670324369	0.8683706754004814	0.834515068237756
0.8	49.300000000000004	2.2018178804815394	0.7516496570853606	0.9126998545613463	0.8618702474874478
0.8	49.400000000000006	2.1959027517431586	0.8173185327184171	0.9506552406628767	0.9013203180970378
0.8	49.5	2.19010266578039	0.8896572197986676	0.9751889902431776	0.9423390515630821
0.8	49.6	2.1874251020749083	0.9447377538275094	0.9820996622423008	0.9718616392497199
0.8	49.7	2.190116897487809	0.9590543634002784	0.9704277363869648	0.9792728926652972
0.8	49.800000000000004	2.1989442084059294	0.9239014381782535	0.9422017916470091	0.9609433066739885
0.8	49.900000000000006	2.212921101245945	0.8518749546781301	0.9020870375256734	0.9218217191541282
0.8	50.0	2.229561474217426	0.768598957703924	0.8569362167566514	0.8733524946209155
0.8	50.1	2.245582475334507	0.6983064449783917	0.8147786860894767	0.8291197201659817
0.8	50.2	2.2578678831851184	0.6555963881179947	0.7830619037179799	0.8004850712684943
0.8	50.300000000000004	2.2644163375834654	0.6458129445876698	0.7667441625132324	0.7937519405350684
0.8	50.400000000000006	2.264968712078844	0.66826889418681	0.7672571531875644	0.8091081877120132
0.8	50.5	2.2610729639392693	0.7171151168367391	0.7828816055392765	0.8409505796775316
0.8	50.6	2.255523536581667	0.7797904830535558	0.8100918045153874	0.8793721566716067
0.8	50.7	2.251356836913521	0.8373643191429171	0.8448198545756603	0.9128785457068341
0.8	50.800000000000004	2.2507878840052356	0.8709624317900826	0.882898038442807	0.9320657194082502
0.8	50.900000000000006	2.2545198864461726	0.8720981922614314	0.9198430144332453	0.9331003871783347
0.8	51.0	2.261691140657451	0.8478767255263504	0.9507939725117899	0.919246682194541
0.8	51.1	2.270417492129988	0.8152230112615768	0.9711993536329534	0.8992509224812664
0.8	51.2	2.278632433399917	0.7898837165859406	0.9779915718791181	0.8830972137994534
0.8	51.300000000000004	2.2848655125529462	0.7800706829904592	0.9703820566711786	0.877335043227602
0.8	51.400000000000006	2.2887114647804627	0.7863146592845994	0.9497080984618806	0.882479949525689
0.8	51.5	2.2908982039377914	0.8028287663602802	0.9186653895604192	0.8935850149184594
0.8	51.6	2.2929682507737117	0.8189719583211393	0.8807824286200823	0.9031208970634063
0.8	51.7	2.2966556387779695	0.8228042304412518	0.8405488140756938	0.9043310365343543
0.8	51.800000000000004	2.3031313023571376	0.8065575520826695	0.8036786270880225	0.8936978981262358
0.8	51.900000000000006	2.312399982179518	0.7710952095337683	0.7765991367285678	0.8721517500582757
0.8	52.0	2.323146600305369	0.7265263150584138	0.7648661698990712	0.8451045690587813
0.8	52.1	2.3331549025642033	0.688205687026611	0.7712435257066786	0.8212344374039573
0.8	52.2	2.3401376676731096	0.670447965797532	0.7946387038779463	0.8099195448010964
0.8	52.300000000000004	2.34262432811716	0.6820123355867668	0.8305238088965362	0.817790009625456
0.8	52.400000000000006	2.340555427819862	0.7247163403584911	0.8724150535829363	0.8456663105308655
0.8	52.5	2.3353804533856217	0.7924616290429826	0.9133960703346834	0.8874223599636117
0.8	52.6	2.3296420259422312	0.8695055878512213	0.9470275769641707	0.9316244216432603
0.8	52.7	2.326193411301219	0.9323187413003562	0.9678421863429612	0.9654345008653048
0.8	52.800000000000004	2.3273085305208765	0.9586285798089365	0.9720536856528319	0.9790654452889005
0.8	52.900000000000006	2.3339753026369783	0.9388687724016158	0.9586523834651431	0.968864737296076
0.8	53.0	2.3455956525216317	0.8809043322847806	0.9302182485506414	0.9380184970743278
0.8	53.1	2.360172950497663	0.804863405590182	0.8925354734250492	0.8951405574920447
0.8	53.2	2.3749136050100987	0.733123352540874	0.8528379868018764	0.8516655736755488
0.8	53.300000000000004	2.3870588415947407	0.6824065525974681	0.8176113769758526	0.8187988300223173
0.8	53.400000000000006	2.394706326846578	0.6612199088272472	0.7912539454788095	0.8044790872471819
0.8	53.5	2.3973727427408007	0.6709743403877918	0.7761476310755069	0.8109867387536056
0.8	53.6	2.396100107794574	0.7067908560266052	0.7734967680153675	0.8341675674127206
0.8	53.7	2.393041984108173	0.7568349973665515	0.7837905389379052	0.8649616019890207
0.8	53.800000000000004	2.3906602037020708	0.8039675068838373	0.8063812983475583	0.8928702189885881
0.8	53.900000000000006	2.3908362369547396	0.8326655769226023	0.8387493611442652	0.9099059675506332
0.8	54.0	2.3942524118934534	0.8371800548774294	0.876429085020336	0.913286271029657
0.8	54.1	2.4002803919043334	0.8236742867759133	0.9139322898939407	0.9058123865651563
0.8	54.2	2.407383839504221	0.8047546107484999	0.9460500888869408	0.8940224239543763
0.8	54.300000000000004	2.413828101283026	0.7918798992960557	0.9686444992610564	0.8851486014625062
0.8	54.400000000000006	2.418397183615916	0.7912324483410305	0.9786826395341797	0.8841967635762507
0.8	54.5	2.4208602040333935	0.8034211035492356	0.9740968370050777	0.8921078859526914
0.8	54.6	2.422048751493389	0.8240457628108092	0.9541953868100905	0.9053895751968164
0.8	54.7	2.4235404363976527	0.8437174849649933	0.9206449898443684	0.917251053172422
0.8	54.800000000000004	2.4270551806929235	0.8496719999640381	0.8781905208213514	0.9200888682469189
0.8	54.900000000000006	2.433751420922219	0.8315487936778866	0.8341472261541126	0.9087570763619659
0.8	55.0	2.443662999598834	0.7890234226186572	0.7965264957403514	0.8833802427699512
0.8	55.1	2.4555187261784783	0.734230103448374	0.7717518283549151	0.850183315653906
0.8	55.2	2.4670776197520183	0.6855968254405809	0.7632569241577158	0.8195732097258789
0.8	55.300000000000004	2.475892587098118	0.6587817079156837	0.7714738048973048	0.8022228120866968
0.8	55.400000000000006	2.4802037605750673	0.6621941431398027	0.7945805960682847	0.805034606665747
0.8	55.5	2.4796017198512477	0.6972952634136266	0.829031421437756	0.8287459771137635
0.8	55.6	2.4752136672100162	0.7590199979950257	0.8696129887459886	0.8678474204598247
0.8	55.7	2.469362884273511	0.8347014063249633	0.9096720164708676	0.9123858959123888
0.8	55.800000000000004	2.4648366999224907	0.9045169564600033	0.9422028178991133	0.9507824406111546
0.8	55.900000000000006	2.4640199039354447	0.946684193608647	0.9616367655577234	0.9729160593303943
0.8	56.0	2.4681848675415985	0.9466809653213588	0.9653526647788392	0.9729169507018031
0.8	56.1	2.47716162083466	0.905128761357103	0.953979484888664	0.9510549925583255
0.8	56.2	2.489461957017008	0.83797548633291	0.9304495957008366	0.9139677775627179
0.8	56.300000000000004	2.5027762086352765	0.7679510236991237	0.8986640701396685	0.8727120305103766
0.8	56.400000000000006	2.5146727723652327	0.7139529091665682	0.8627446636878546	0.8389920170220283
0.8	56.5	2.523308018365063	0.6859389539634204	0.8270939712647806	0.8210248643043737
0.8	56.6	2.5279533219358417	0.6855966928979307	0.7965970571735016	0.8209654982135204
0.8	56.7	2.529165915797891	0.708021109829707	0.7761509464766237	0.8350450516738939
0.8	56.800000000000004	2.528516206456563	0.7428599754699092	0.7694554758973169	0.8559985251438135
0.8	56.900000000000006	2.527947018916136	0.7771088242506907	0.7778592593721284	0.8761903551296257
0.8	57.0	2.529011994201969	0.7998294338615394	0.8001047676727091	0.8899677421205289
0.8	57.1	2.532315952689854	0.8062780662828685	0.8330051721999525	0.8948164683157622
0.8	57.2	2.537392534326621	0.7993538121330098	0.8723002862204009	0.8916800685552622
0.8	57.300000000000004	2.5430387931633343	0.7877732714589807	0.9130108323750882	0.884656551758085
0.8	57.400000000000006	2.547913537188316	0.7816640876185932	0.9494101895180215	0.8797432982008319
0.8	57.5	2.551123840068529	0.7879943742588534	0.9753632958213573	0.8823849827435747
0.8	57.6	2.5525907213023618	0.8082625320399612	0.9855560675997279	0.8945322016879356
0.8	57.7	2.5531122152412715	0.8378698598166411	0.9772521571246634	0.9128456331274742
0.8	57.800000000000004	2.554133637006654	0.865763520045328	0.9515194143069783	0.929490951288693
0.8	57.900000000000006	2.557275065252551	0.8767829731084323	0.9130594048173003	0.935531140117535
0.8	58.0	2.563714682313441	0.8593885410586072	0.8687286307515865	0.9252379430811406
0.8	58.1	2.573619499804778	0.8140648915422947	0.8257073314032829	0.898985455335324
0.8	58.2	2.5858821036649533	0.7540464510095898	0.7902704756965063	0.8632663626613898
0.8	58.300000000000004	2.598349608957168	0.697698231465432	0.7673229821618021	0.8281350164762352
0.8	58.400000000000006	2.6085118186488176	0.6601963783396847	0.7601378168901298	0.8037062125182979
0.8	58.5	2.6143851319944464	0.6503406356163164	0.7698117665458863	0.7973041038113762
0.8	58.6	2.615233513218999	0.6714009896257926	0.7946571702432882	0.8117912613566958
0.8	58.7	2.6118453188857913	0.721832734129342	0.8302264154972531	0.8447733235611932
0.8	58.800000000000004	2.606275587341281	0.7935199590068828	0.8703404491876767	0.888590624905617
0.8	58.900000000000006	2.6011747594626815	0.8693553441382134	0.9086769023908904	0.9317007900959882
0.8	59.0	2.59896775271517	0.9256802370874587	0.94001313454231	0.9619450461429041
0.8	59.1	2.6011656597734705	0.9427916424081667	0.9605896121886316	0.9709083591999226
0.8	59.2	2.607998348480541	0.9169145942742518	0.9678871296722996	0.9572705796375404
0.8	59.300000000000004	2.6184266870878177	0.8620222327185874	0.9605727270576357	0.9271570665728041
0.8	59.400000000000006	2.6304986456721546	0.7997608404077694	0.9390138708390687	0.8912041417777407
0.8	59.5	2.6419553331892547	0.7479369071045854	0.9059602548596547	0.8600398387731238
0.8	59.6	2.65093165474492	0.716067354069427	0.8665770579470791	0.840615951756494
0.8	59.7	2.656532810345025	0.7065174416109301	0.8274330997824817	0.8348968978920904
0.8	59.800000000000004	2.6590649605991037	0.7164057215591119	0.7949012345848455	0.8407102923006188
0.8	59.900000000000006	2.659809659018305	0.7387547463942007	0.7738717007611757	0.8534605392388537
0.8	60.0	2.660428846749758	0.7637671282144958	0.7672946168221902	0.8676271348536582
0.8	60.1	2.662263944027531	0.7812792662137932	0.7762793570522393	0.878002580507681
0.8	60.2	2.6658391547251656	0.784875898617836	0.8000975284410261	0.8811899434812526
0.8	60.300000000000004	2.670763040970457	0.7759870723106832	0.8358331550187871	0.8772593818229196
0.8	60.400000000000006	2.6760164814370713	0.7639296370038806	0.8781539674720616	0.8703982989027563
0.8	60.5	2.6804488521766023	0.7603773957171935	0.9199267205834725	0.8673476036890713
0.8	60.6	2.6832644837306274	0.7728359314349968	0.9538249424426114	0.8738663292657556
0.8	60.7	2.6843489470236053	0.80189042015286	0.9742056371022139	0.8911912063100191
0.8	60.800000000000004	2.6843724957006425	0.8411499713999143	0.9782475595765996	0.9147791356781724
0.8	60.900000000000006	2.684654346127108	0.8779380700569096	0.9659555147185763	0.9361499199319137
0.8	61.0	2.686789185887459	0.8968160137673994	0.9395186613388237	0.9466312397618976
0.8	61.1	2.692085226462326	0.8866714612607512	0.9027750926397857	0.9408518468375172
0.8	61.2	2.7009730162847916	0.8467230271104336	0.8609914677490527	0.9184561704581716
0.8	61.300000000000004	2.7126510289869277	0.7869072072643765	0.8205021043715762	0.883914205957534
0.8	61.400000000000006	2.725203003265321	0.7233066053424068	0.7877277776168414	0.8452304133656952
0.8	61.5	2.7362037828407777	0.672279858187402	0.7677239647271816	0.8122275135591943
0.8	61.6	2.7435640306680407	0.6461681225267328	0.763007733960761	0.7943977904259025
0.8	61.7	2.746250256957259	0.6516963112798668	0.7733490499430451	0.7981325994365522
0.8	61.800000000000004	2.7446108297128307	0.6899364834550951	0.7965094917918538	0.8239316386858353
0.8	61.900000000000006	2.7402342595087164	0.7548560751470418	0.8292025306916666	0.8651674466184583
0.8	62.0	2.735435888182878	0.8306126335129814	0.8675064342710189	0.9098048173679056
0.8	62.1	2.7325595649369565	0.8938167485351817	0.9066652719963512	0.9448163913787134
0.8	62.2	2.733303082948318	0.9241889427373117	0.9410001951120712	0.9611509506538503
0.8	62.300000000000004	2.7382536777515147	0.915689086030047	0.9646894600093178	0.9566638430151921
0.8	62.400000000000006	2.746762002435028	0.8777346818432018	0.9733434740892933	0.9358061261911527
0.8	62.5	2.7571940487574538	0.8271012986083502	0.9654254058589464	0.9068765604777768
0.8	62.6	2.767494362783364	0.7792923538053559	0.9425803941152001	0.8786898642177751
0.8	62.7	2.775889405053178	0.7447618456823977	0.9088332160905308	0.8580938778598203
0.8	62.800000000000004	2.781484828294619	0.728733305309811	0.8694481206522034	0.8486659997159846
0.8	62.900000000000006	2.784516245381692	0.7314438683472739	0.8301926517103095	0.8502553950254423
0.8	63.0	2.7861402214198625	0.7476533579541337	0.7969882143306921	0.8592012932209849
0.8	63.1	2.787861898140942	0.7669344192037931	0.7753573996601419	0.8695032296103745
0.8	63.2	2.7908679957657196	0.7773231856459707	0.7693001656799461	0.8751354153789324
0.8	63.300000000000004	2.795561258321695	0.772219094052557	0.7799912861107898	0.8728798443089789
0.8	63.400000000000006	2.801466959830123	0.7553820070345095	0.8051902641034819	0.8642044010823328
0.8	63.5	2.807495080472088	0.7386571461173986	0.8399349189745656	0.8548267104155766
0.8	63.6	2.8124058019251543	0.7343170235149821	0.8781685167930283	0.8519133552314568
0.8	63.7	2.8152936553623813	0.7490740089013959	0.914260763293119	0.8604302925301932
0.8	63.800000000000004	2.815948650723605	0.7827603301538233	0.9436093445870771	0.8806794478461202
0.8	63.900000000000006	2.815009572848846	0.8290407682972464	0.9624651347101725	0.908124177873011
0.8	64.0	2.813861502450655	0.8762290272540975	0.9678553651338263	0.9351144886674558
0.8	64.10000000000001	2.8142637123467797	0.9093528345600839	0.958222979663899	0.9533376901294466
0.8	64.2	2.817767866166658	0.9146439903453492	0.9344321303791379	0.9561206523110657
0.8	64.3	2.825103553774903	0.8855455232232237	0.9001558332389479	0.940350062420637
0.8	64.4	2.835791773362127	0.8272410990412615	0.8610531726314767	0.9078804798020959
0.8	64.5	2.8481945019239387	0.7559425961480748	0.8231681789185462	0.865880128854761
0.8	64.60000000000001	2.8600151842434087	0.6920376718177084	0.7916095149345429	0.8254021017343494
0.8	64.7	2.86905291510939	0.6517741991076772	0.7701949471323074	0.7981118635107392
0.8	64.8	2.8739148585414167	0.6435190424963784	0.7617630898221898	0.7922218550461977
0.8	64.9	2.874437345306917	0.6686348829581964	0.7682467458202318	0.8094079539891748
0.8	65.0	2.8716983264087212	0.721983361532616	0.789973858798539	0.844188107660654
0.8	65.10000000000001	2.8676496549985897	0.7906358212079294	0.8246461330895134	0.886043543710423
0.8	65.2	2.864506982779658	0.8552730453429541	0.8670386566574313	0.9232125127438185
0.8	65.3	2.8640871906408085	0.8970217526723022	0.9100263134972554	0.9464474799438658
0.8	65.4	2.8672844717560153	0.9057688026865733	0.94647191396226	0.9514155718369097
0.8	65.5	2.8738405697342824	0.8839153348599891	0.9708562993899479	0.939345731016404
0.8	65.60000000000001	2.8824921037516575	0.8436439916838584	0.9799120334983856	0.9161690132389694
0.8	65.7	2.8914620324848883	0.8004388632551113	0.9724960140769302	0.8904772262386725
0.8	65.8	2.8991279222607496	0.7671607003060937	0.9494821329250438	0.870624734138274
0.8	65.9	2.9046114178696283	0.7511283700839059	0.9140482020963111	0.8617121083463681
0.8	66.0	2.908051609378458	0.7532081483076101	0.8718695299308687	0.8637123929666937
0.8	66.10000000000001	2.9104538591616604	0.767240694901329	0.8303972369786643	0.871821741180099
0.8	66.2	2.913186100274273	0.7813743352349748	0.7970334178195034	0.8790085312791909
0.8	66.3	2.9173437270342646	0.7836772758706274	0.7770434278420411	0.879474017824191
0.8	66.4	2.9232565682381293	0.7694634687871551	0.77243548941943	0.8713017268376217
0.8	66.5	2.9303418986941994	0.7442537281746725	0.7823419549389568	0.8571831127446614
0.8	66.60000000000001	2.9373458473016627	0.720083386140068	0.8042744290877673	0.8431839477534948
0.8	66.7	2.9428459987025697	0.7089985077868891	0.8350881551678095	0.8363334471176117
0.8	66.8	2.9458019009060084	0.7186746663224624	0.8710532566392003	0.8420314647664211
0.8	66.9	2.9459627204314436	0.7512658591188638	0.9074832610491048	0.862011304560439
0.8	67.0	2.9440220692368992	0.8031809542130477	0.9388625138802376	0.8932731421062864
0.8	67.10000000000001	2.9414866589125084	0.863983242902167	0.959900726745559	0.9283044841817207
0.8	67.2	2.94028079821247	0.9161336953070034	0.9669828817347074	0.9568711456355145
0.8	67.3	2.9421651783526714	0.9395987332237394	0.9590396563990373	0.9692509791194226
0.8	67.4	2.948125483056285	0.9218352531477049	0.9373658705594343	0.9599131323030152
0.8	67.5	2.9579532439846945	0.8662671123263859	0.9048470733035799	0.9299749100494791
0.8	67.60000000000001	2.970220351268483	0.7910736198692027	0.8654563222015633	0.8871140313299531
0.8	67.7	2.9826988554299136	0.7190889945203645	0.824327253139289	0.8429491541347502
0.8	67.8	2.9930748381891847	0.6678885530084555	0.7877979310355897	0.809208958908603
0.8	67.9	2.999681018281848	0.6465229806011039	0.7625838990092612	0.7943138446060257
0.8	68.0	3.0019883920587955	0.6572259747118343	0.7540064320131804	0.8013310540082059
0.8	68.10000000000001	3.0007118033405034	0.696983165118612	0.7642044854673414	0.8274571103790702
0.8	68.2	2.9975267542718935	0.7567177105402603	0.7914560748085818	0.8648577284761304
0.8	68.3	2.994513901794821	0.8204696044311871	0.8309273961791781	0.9027533046730774
0.8	68.4	2.9935171120902924	0.8688259074583824	0.8761636203486859	0.9305606075353353
0.8	68.5	2.9956110445909654	0.8874536962439044	0.9203614113041865	0.9413923758321583
0.8	68.60000000000001	3.0008303921406423	0.875035107530132	0.9570522515852721	0.9345739942342818
0.8	68.7	3.008233652932206	0.8431398992326663	0.9805874353333427	0.9157747747829632
0.8	68.8	3.0162838003833428	0.8080482217108939	0.9869787775988375	0.8943323562169135
0.8	68.9	3.0234359584271844	0.782446536142029	0.9750735993332827	0.8789529736688657
0.8	69.0	3.028734384165262	0.7724134712508107	0.9473216390692143	0.8740294556728767
0.8	69.10000000000001	3.032177763626747	0.7775293240767845	0.9093172290441329	0.878405517308476
0.8	69.2	3.03467569988136	0.7912293977689109	0.8680917236763694	0.8868032545327871
0.8	69.3	3.037595995076473	0.8026107711219114	0.8301110282469475	0.8926402022587324
0.8	69.4	3.042103644201467	0.8009820688159219	0.8001248113703745	0.8906945422693927
0.8	69.5	3.048597775516057	0.7812955692561007	0.7811886111920533	0.8788673380802565
0.8	69.60000000000001	3.0564996013703487	0.7473754571459877	0.7751672656690066	0.8590483843134703
0.8	69.7	3.064466718441788	0.7109293449374906	0.7828339648987167	0.8370913729456342
0.8	69.8	3.070912778527206	0.6865620984687391	0.8033987272598029	0.8215134376983533
0.8	69.9	3.0746032455193726	0.6859229182608542	0.8340807500867481	0.8206516626304335
0.8	70.0	3.0751129841347895	0.7145391854586945	0.8703687338364695	0.8389535742725052
0.8	70.10000000000001	3.073021508168924	0.7707416573953476	0.9069518504773119	0.8741430934833933
0.8	70.2	3.0698118286693274	0.8436537839077217	0.9387066519797084	0.9170870303750738
0.8	70.3	3.0674940139739197	0.9123346788891303	0.9611984163097015	0.9548811049040451
0.8	70.4	3.068020206385505	0.9522072629834317	0.9707795057797483	0.9757714456907446
0.8	70.5	3.0726342489405143	0.9476831406631048	0.9648682930304656	0.9734376736978557
0.8	70.60000000000001	3.0813844859502377	0.9006659526210375	0.9428081190286002	0.9487174496160004
0.8	70.7	3.093029505633573	0.8279874527422333	0.9069491105454451	0.9085562503112395
0.8	70.8	3.1054215100999807	0.7517764871363969	0.8630101099339467	0.863415250334054
0.8	70.9	3.1162272597005036	0.6908591186332935	0.8190403087735969	0.8245132469939471
0.8	71.0	3.123691062274593	0.6570520036067652	0.7832808478242034	0.8013872256588829
0.8	71.10000000000001	3.1271491146899053	0.6553224048307873	0.7620345089265044	0.799586594333034
0.8	71.2	3.1271408146660002	0.6846442625504336	0.7585310138381739	0.8187060653862549
0.8	71.3	3.1251353448344354	0.7369800963928378	0.7729026377561069	0.8518498141615902
0.8	71.4	3.123014972826095	0.7960639038919747	0.8026551145861247	0.8876545622523354
0.8	71.5	3.1224940785792645	0.8416106141115228	0.8430794961666439	0.9146320154946588
0.8	71.60000000000001	3.12462776006451	0.8597875914713118	0.8876717408452467	0.9258342118095707
0.8	71.7	3.129525946701206	0.8510600948892045	0.9290295626276918	0.9213149042181369
0.8	71.8	3.1363585991099527	0.8274795315684165	0.9603961934190346	0.9071486929464632
0.8	71.9	3.143682978064122	0.8033375705790474	0.9773104866208281	0.8918787284918791
0.8	72.0	3.1500156424264882	0.7884667398072427	0.9784638962547987	0.8825778042808903
0.8	72.10000000000001	3.1544452909307314	0.7869887298265114	0.9653111393878215	0.8824126590818571
0.8	72.2	3.157024567082972	0.7980786957308588	0.9408824040327981	0.8902313989067434
0.8	72.3	3.158748970211957	0.8161404576722041	0.9087544264914997	0.9015079108401175
0.8	72.4	3.1611107196726933	0.8310529358620968	0.8727676347097297	0.9098345003878789
0.8	72.5	3.165418085293229	0.8306285860569804	0.8372186398311502	0.90879659711593
0.8	72.60000000000001	3.1721887687415764	0.8065459404994867	0.806785747092492	0.8944147655180251
0.8	72.7	3.1808880879998274	0.7612428918963927	0.7858040843140353	0.8676904408553521
0.8	72.8	3.1901065019191677	0.7092977719694603	0.777265207694021	0.8357514571292728
0.8	72.9	3.198066210256411	0.6701373734716766	0.7822530392861724	0.8100839883217477
0.8	73.0	3.2032365977628436	0.6585488295481216	0.8001033855788853	0.8019515618774852
0.8	73.10000000000001	3.204854406128391	0.6810527225119887	0.8288627896642972	0.8171922156458783
0.8	73.2	3.203217863525834	0.7363337338547823	0.8654035397095229	0.8532935501704433
0.8	73.3	3.1996816761265547	0.8139045176026958	0.9050946287248994	0.9002817058167559
0.8	73.4	3.196322360235785	0.8931691361825729	0.9416824734242564	0.9446523323597945
0.8	73.5	3.1953188186170323	0.9489750159383763	0.9681601990651393	0.9741038022389351
0.8	73.60000000000001	3.198217557013111	0.9624802703881024	0.9786577511589125	0.9810415607386863
0.8	73.7	3.205361270274504	0.9297802612613013	0.9704352655679889	0.9641032629713646
0.8	73.8	3.2157455147038583	0.8629978969387735	0.9448298029700434	0.9280575615114847
0.8	73.9	3.227388001891005	0.7841737143836469	0.9067153557039054	0.8825987005472937
0.8	74.0	3.2380468847669546	0.7158908473291474	0.8630103175905728	0.84008678601609
0.8	74.10000000000001	3.245974639001522	0.6738559595974662	0.8211456049066963	0.8121312073872866
0.8	74.2	3.2504224131219783	0.6647189433370371	0.787981029398495	0.8056638518855467
0.8	74.3	3.2517591294490873	0.687043310066983	0.768990782040267	0.8202072360940931
0.8	74.4	3.2512306991412783	0.7313010857067773	0.7673538837944828	0.8481031596374933
0.8	74.5	3.2504860064119208	0.7804966717674591	0.7830477241595389	0.8779741477237263
0.8	74.60000000000001	3.251028850170006	0.8163719305989724	0.8125942030352457	0.8996675367488854
0.8	74.7	3.253747297090435	0.8289302419991368	0.8500201256977576	0.9080681760994656
0.8	74.8	3.258648949747151	0.8206953086523654	0.8887647736424564	0.9041226885116203
0.8	74.9	3.264890341272131	0.8025503368250198	0.9234501467570285	0.8932574002481216
0.8	75.0	3.2711162236725864	0.7864831731430202	0.9505094425436105	0.8825939500907451
0.8	75.10000000000001	3.2760175716113644	0.7810049573087757	0.9676665330734865	0.8783101267590652
0.8	75.2	3.2789066584561284	0.7900075944089126	0.9732119546973845	0.8837085188972813
0.8	75.3	3.2800594427566154	0.8126371165274104	0.9659989892025151	0.8980242510940072
0.8	75.4	3.280650431075795	0.8423364103945512	0.9461843244217012	0.9161456259311939
0.8	75.5	3.2822880471269062	0.866145140135355	0.915922814337178	0.9297820880326785
0.8	75.60000000000001	3.2863481943909574	0.8680615563401577	0.8792664887925722	0.9303945200774751
0.8	75.7	3.2933896918251997	0.8381455935841806	0.841273082732516	0.9131503978232133
0.8	75.8	3.30288357011316	0.7812879419824953	0.8070033153779859	0.8800178676338792
0.8	75.9	3.3133457563435127	0.7162467849868155	0.7810347652009645	0.8400398122209972
0.8	76.0	3.3228078227964644	0.664900779908387	0.7674251131035401	0.8062446266675541
0.8	76.10000000000001	3.3294545396126733	0.6423620041931133	0.7694445813406773	0.7906171647433887
0.8	76.2	3.332223307499832	0.6550780081571748	0.788566873284647	0.7995751258940093
0.8	76.3	3.3311870532434176	0.702802073537938	0.8231008004656588	0.8318228455464007
0.8	76.4	3.3276022143361166	0.7780031838475879	0.8675810351396022	0.8789878541288798
0.8	76.5	3.3235817169354287	0.8634629974376096	0.9137612567817616	0.9282944067802328
0.8	76.60000000000001	3.3214542793309327	0.93394182850869	0.9529016401255284	0.9662404230577648
0.8	76.7	3.3229957820796217	0.9652014263566592	0.9780926944718139	0.9824271587587998
0.8	76.80000000000001	3.3288163351884843	0.9464165176768644	0.9855048286681249	0.9727255660275895
0.8	76.9	3.338166715309452	0.8867503870342912	0.9744630943943181	0.9407898664088681
0.8	77.0	3.349253514937704	0.8099430816504767	0.9470578658928528	0.897054759654947
0.8	77.10000000000001	3.3599162173464863	0.7412013640711816	0.9078814266665015	0.8551767684003353
0.8	77.2	3.3683731613644774	0.6971882366347176	0.863726648244069	0.8271297820068366
0.8	77.30000000000001	3.3737568692777966	0.6841961552037586	0.8226216756879755	0.8190220614709823
0.8	77.4	3.376283159455854	0.7000341239379618	0.7919752559134045	0.8294683306037289
0.8	77.5	3.3770463861357367	0.7349361421639338	0.7765224166438405	0.8510579780140706
0.8	77.60000000000001	3.377549629820735	0.7733352848526303	0.7772549438309594	0.8739218575031027
0.8	77.7	3.379143165031274	0.7995375518520303	0.7919893234639656	0.8896079199978938
0.8	77.80000000000001	3.382554463871941	0.8050330515821973	0.8170397702136646	0.8937956766045201
0.8	77.9	3.387656912579045	0.7922205046934483	0.8486925697127636	0.8872848415401828
0.8	78.0	3.393553007223765	0.7721210820914681	0.8835515825062649	0.8753591138989053
0.8	78.10000000000001	3.3989502011905355	0.7581505760698201	0.9179795207503614	0.8657834439841169
0.8	78.2	3.4027028048881722	0.7602588038558605	0.9476763960891212	0.8657869311630737
0.8	78.30000000000001	3.404319426436503	0.7822342153743445	0.96816747899262	0.8788440623838534
0.8	78.4	3.4042323486886787	0.8210563293169267	0.9759747786662508	0.9026075442168755
0.8	78.5	3.403705014942295	0.8660663707159458	0.9695653334617799	0.9292158094644027
0.8	78.60000000000001	3.4043912368960543	0.8997528717765968	0.9494567628631209	0.9481291493341999
0.8	78.7	3.407702628190986	0.9040955187162935	0.917741487994302	0.9503035301905661
0.8	78.80000000000001	3.4142295654515338	0.8708046988053834	0.8777958164231269	0.9318578029405645
0.8	78.9	3.4234500101518166	0.8074136330911815	0.8345170347070097	0.895778366319366
0.8	79.0	3.433844625557337	0.733672072658307	0.7945288343876001	0.8511945674742802
0.8	79.10000000000001	3.4433688801000337	0.6715235553907407	0.7654199833075148	0.810677543758659
0.8	79.2	3.4501018317696377	0.6368409469006341	0.7537506331454262	0.7864972368454286
0.8	79.30000000000001	3.4528538248754352	0.6375174600114925	0.7627133236050107	0.7868550362814762
0.8	79.4	3.4515560652413826	0.6752375417491786	0.790856111472853	0.813047724214721
0.8	79.5	3.4473241504296803	0.7450767377908055	0.8326222919040729	0.8584750578747664
0.8	79.60000000000001	3.4421621905467212	0.8317490211408729	0.8802169624183361	0.9101989657663979
0.8	79.7	3.4383650153019945	0.9092145946335771	0.9255894631362592	0.9530230255383421
0.8	79.80000000000001	3.437784949462497	0.9504479086651944	0.9616799927947755	0.9748102975522002
0.8	79.9	3.4412160474913747	0.9426847110468272	0.9830267555534944	0.9707788320763894
0.8	80.0	3.448143782080676	0.8944396773579512	0.9863655512806325	0.9447780140283085
0.8	80.10000000000001	3.4569757504361287	0.828115776818606	0.9714736438032574	0.9071231650699857
0.8	80.2	3.4656617458088887	0.7666134543240986	0.9417023254101705	0.8703307810055808
0.8	80.30000000000001	3.472445005604971	0.7250707618462254	0.9033757687761008	0.8447923150255312
0.8	80.4	3.476447461175463	0.709851235651449	0.86393009802494	0.8358588774311111
0.8	80.5	3.4778829175472548	0.720001083458104	0.8297136614126984	0.8428244559021146
0.8	80.60000000000001	3.477854860737667	0.7476239750623769	0.8047147722558345	0.8596984438059903
0.8	80.7	3.477854450060788	0.7784711954167868	0.7907311690179839	0.8774965343371207
0.8	80.80000000000001	3.47916830416732	0.7963429058765815	0.7883434724969707	0.8876041161152355
0.8	80.9	3.4824103649004057	0.7915867301615033	0.7975800435382161	0.8853046873486583
0.8	81.0	3.487324628612219	0.7677863232394486	0.8177280130412745	0.8720662164919764
0.8	81.10000000000001	3.4929062405157167	0.7398149157758657	0.8467069297285595	0.8552436157998382
0.8	81.2	3.4977939630396944	0.7244870525942158	0.8808409496163604	0.8448897524173389
0.8	81.30000000000001	3.5008114382445097	0.7324235230975494	0.9154220075990215	0.8490000960469373
0.8	81.4	3.50147807200064	0.7658550912018406	0.945669697799324	0.8696163711498004
0.8	81.5	3.5002905803504696	0.8189208474573579	0.9673792943791782	0.9017878003830653
0.8	81.60000000000001	3.4986321828127913	0.8776300399655577	0.9770284445888582	0.9356364087115735
0.8	81.7	3.4983074705247232	0.9222414589525764	0.9718612859467736	0.9600803715239075
0.8	81.80000000000001	3.500869366377395	0.9342236457878644	0.9506087242612441	0.9663956346477337
0.8	81.9	3.5070087209259686	0.9048260855496066	0.9147629138943661	0.950646240573156
0.8	82.0	3.5162568740197715	0.8401560909544177	0.8694296494287868	0.9149124719929135
0.8	82.10000000000001	3.5271145209207315	0.7593886775180572	0.8227343565969504	0.8673372924636427
0.8	82.2	3.537538218494017	0.6864490924259465	0.783723656266889	0.8206104685995936
0.8	82.30000000000001	3.545584815796111	0.6403207087034989	0.759803685847347	0.7885599783039918
0.8	82.4	3.5499906215881873	0.6306949696876994	0.7549884638338686	0.7814566219142525
0.8	82.5	3.550526618638605	0.6594669349109147	0.7694927744700671	0.8018619678068014
0.8	82.60000000000001	3.5480584748137023	0.7214126337981212	0.8002864352389458	0.8432193057938416
0.8	82.7	3.5443027534101152	0.8013255026118401	0.8419279865571395	0.8922494655571832
0.8	82.80000000000001	3.541318194160523	0.8748200789483349	0.887384568505136	0.9341269385557305
0.8	82.9	3.540845295346295	0.9182479782487285	0.9290451505195122	0.9578520950141827
0.8	83.0	3.5437071572462173	0.9208335337170723	0.9601557863182993	0.9593781108986574
0.8	83.10000000000001	3.5495257499712802	0.8884576362411883	0.9763931409628587	0.9416883297440254
0.8	83.2	3.5569037664172862	0.8377889287822381	0.9767928849660438	0.912724894579456
0.8	83.30000000000001	3.564004018392925	0.7873749746703878	0.96340727715517	0.8825617675603373
0.8	83.4	3.5692678272727805	0.7514268024704771	0.939910900044305	0.8605653678572062
0.8	83.5	3.571968243034569	0.7375467212091611	0.910154297014482	0.8526740198272329
0.8	83.60000000000001	3.572395368247411	0.746398992148233	0.8775841311314031	0.8592117078420779
0.8	83.7	3.5716419110792037	0.770839275993394	0.8455572095420574	0.8743646993143646
0.8	83.80000000000001	3.571111855421033	0.7957358958600835	0.8177631142125468	0.8883624683880005
0.8	83.9	3.5719565070228114	0.8035473724055827	0.7980110355024338	0.892006196763577
0.8	84.0	3.5746353355274874	0.7856681093852732	0.7893925538832622	0.8814146688156664
0.8	84.10000000000001	3.578733453456937	0.7495412303620294	0.7934698824417782	0.8602777424283813
0.8	84.2	3.5830866650149082	0.713482833680769	0.8100410600686065	0.8382224646708218
0.8	84.30000000000001	3.586186389381581	0.6950339976484634	0.8373953956641897	0.826234841314747
0.8	84.4	3.586753035393507	0.7039385149775934	0.8725269278673824	0.8317256375316217
0.8	84.5	3.5842866950143764	0.7416929017727792	0.9110069680547889	0.855666900561677
0.8	84.60000000000001	3.5793723687174586	0.8023579508655866	0.946876231772927	0.8926121828480171
0.8	84.7	3.5735802516113426	0.8722866918823027	0.9732673016387391	0.9327625406091846
0.8	84.80000000000001	3.5689591476820413	0.9312249467353355	0.984040304208339	0.9647545821594118
0.8	84.9	3.567306952207858	0.9575182241187071	0.9758236153753266	0.9784920111103796
0.8	85.0	3.5695164530504098	0.9373907302401272	0.9493353234255473	0.9679944154572503
0.8	85.10000000000001	3.575265028557151	0.8739074008960569	0.909247512657831	0.9339373504384166
0.8	85.2	3.583152547027048	0.7878465005166118	0.8628060688635729	0.884657153281562
0.8	85.30000000000001	3.591190562625182	0.7071733003081845	0.8180722975654029	0.8342493683995514
0.8	85.4	3.5974276689957185	0.6533562010210162	0.7825029580786548	0.7977702016162473
0.8	85.5	3.6005050072503373	0.6359763425320711	0.7619481320555525	0.7855553839679357
0.8	85.60000000000001	3.6000137010870836	0.655528124591897	0.7597643013113277	0.7995226819763394
0.8	85.7	3.5965896760328637	0.7056786522889539	0.7759942944430337	0.833189176209535
0.8	85.80000000000001	3.591716077330414	0.7725713690959631	0.8070942664687707	0.8749331598855885
0.8	85.9	3.587255086508469	0.8365842811891293	0.8467723597407962	0.9124689366260551
0.8	86.0	3.5848267253982136	0.8790244810384894	0.8878600275105452	0.9365116284681587
0.8	86.10000000000001	3.5852506981443746	0.8897352147865958	0.9243014500515798	0.9427398349623702
0.8	86.2	3.5882855573214507	0.8707457937754509	0.9521761512728466	0.9322488634445546
0.8	86.30000000000001	3.5927891298918144	0.834309613786406	0.9694246698101289	0.9109280487723994
0.8	86.4	3.5972303833802695	0.7967150206329351	0.9749620667807709	0.8877706439837979
0.8	86.5	3.6003210834358015	0.7714685606157405	0.9682040095515878	0.871929532273754
0.8	86.60000000000001	3.601498160702849	0.7655235280575984	0.9494271081849298	0.8690261356303821
0.8	86.7	3.6010792285186315	0.7784209346893207	0.9204767366314769	0.8783565787291695
0.8	86.80000000000001	3.6000668221772236	0.8016035742517438	0.8849983991562914	0.8929051556760039
0.8	86.9	3.59970964960877	0.8194355949168711	0.8478605689052894	0.9026966336516694
0.8	87.0	3.6009926050438334	0.8164403623013434	0.8141936847212135	0.899845791165484
0.8	87.10000000000001	3.604224321998704	0.7877829117761534	0.788707390961809	0.8825011404486434
0.8	87.2	3.6088527230354	0.7430731703858978	0.7754515397358709	0.8556881633788628
0.8	87.30000000000001	3.61358260375083	0.7000213885706846	0.7775311208755619	0.8290448000048347
0.8	87.4	3.6167876339806693	0.6750211631849939	0.7962547826477672	0.8129903345517142
0.8	87.5	3.6171039100534172	0.6781139190883645	0.82992658901432	0.815085541104736
0.8	87.60000000000001	3.613997682375646	0.7125908180712248	0.8732366133003988	0.8376060810044006
0.8	87.7	3.608072567096664	0.77506698914847	0.9180965418523729	0.8766039661042646
0.8	87.80000000000001	3.6009602559500795	0.8536413625884244	0.9557827506691872	0.9225064646437993
0.8	87.9	3.5948061097998463	0.9266731172715286	0.9792944855300187	0.9623766347239556
0.8	88.0	3.591539023242008	0.9677517194241704	0.9847863018643843	0.9837300567872954
0.8	88.10000000000001	3.592211227633913	0.958484697313251	0.9717602510192787	0.9789818927715708
0.8	88.2	3.5966596058607236	0.900809265412148	0.942570807597753	0.9486951003169265
0.8	88.30000000000001	3.6035972410523964	0.8167926128256061	0.9019352498467759	0.9018113443943769
0.8	88.4	3.6110684096221575	0.7351195645266431	0.8565539805579921	0.8524212417089565
0.8	88.5	3.617077781763269	0.6769815156549269	0.8143370902606443	0.8145561627263451
0.8	88.60000000000001	3.6201783773126763	0.6517786172068499	0.7828220713478853	0.7974871105598484
0.8	88.7	3.619854739542171	0.6601833288674033	0.7671606166778435	0.8033931942171821
0.8	88.80000000000001	3.616617544510166	0.6968815885461361	0.7687672440652796	0.8277231709683921
0.8	88.9	3.6117972978578288	0.7506555864923337	0.785518461413292	0.8614054107305944
0.8	89.0	3.607088748418361	0.8050959994203336	0.8132936729682861	0.8938551862231083
0.8	89.10000000000001	3.6039724309201393	0.8431709293760871	0.847656515709041	0.9160586611503773
0.8	89.2	3.6032112262069207	0.854696529145912	0.884568581704564	0.9231872102485301
0.8	89.30000000000001	3.604625854816167	0.841588678284664	0.9200957612377958	0.916052970673355
0.8	89.4	3.607246953312295	0.8161014260616533	0.9500114440927743	0.9006806053247859
0.8	89.5	3.609768542438305	0.7931523417000682	0.9701253454301433	0.8857893669776983
0.8	89.60000000000001	3.611098155118058	0.7831362358007639	0.9772821181007196	0.8789916676067419
0.8	89.7	3.6107810858379334	0.7894428465370404	0.9702548127350854	0.8833885866162201
0.8	89.80000000000001	3.6091508835141726	0.8087697490917436	0.949887218193069	0.8962424677406924
0.8	89.9	3.607169293567312	0.831595819365081	0.9185952785493368	0.910355265007113
0.8	90.0	3.6060264493145575	0.8443610343957226	0.8799076261050647	0.9173436599319909
0.8	90.10000000000001	3.606650701462616	0.8352789320904249	0.838510520062838	0.9111822147383435
0.8	90.2	3.609304260328874	0.8011559770083515	0.8004604700712346	0.8906213366519885
0.8	90.30000000000001	3.6134075956817098	0.7502047464942402	0.7726875518778683	0.8598967605892252
0.8	90.4	3.6176600034504043	0.6986620419464179	0.7613187058029821	0.8277533346122414
0.8	90.5	3.620432900283108	0.6636852044234094	0.769452789399579	0.8049930381786795
0.8	90.60000000000001	3.6203245611917896	0.6574442403212493	0.7957641957375922	0.800953945916461
0.8	90.7	3.6166967541777106	0.6851958914088739	0.8348893075991249	0.8198687442168493
0.8	90.80000000000001	3.6099926447419977	0.7450134613921763	0.8792844346592544	0.858589887608866
0.8	90.9	3.601689280216572	0.8256924010652557	0.9213062307534992	0.9069833856003066
0.8	91.0	3.593865543948886	0.9053184095390258	0.9544751867562986	0.9511560531179558
0.8	91.10000000000001	3.5885228243414584	0.9570226153919249	0.9738986108349893	0.9782450868574496
0.8	91.2	3.5869099625387935	0.9619032841247868	0.9765683919352959	0.9807452933049393
0.8	91.30000000000001	3.5891152547584113	0.9195536877990507	0.9620165249959396	0.9587151007369754
0.8	91.4	3.594079751740443	0.8473903031942362	0.9329586807535244	0.9193047567914232
0.8	91.5	3.600005710129433	0.7702047022695444	0.8950659724612916	0.8741418033988493
0.8	91.60000000000001	3.604977789829887	0.7088736372775574	0.8554800527620381	0.8356717130659461
0.8	91.7	3.6075619055734545	0.6751905458705746	0.820724797159594	0.8135500602504514
0.8	91.80000000000001	3.6071976234162486	0.6725666277350028	0.7952399368454702	0.8119417957137122
0.8	91.9	3.6042936198006235	0.6977284729752455	0.7812546243230748	0.8284153731446047
0.8	92.0	3.600022457528416	0.740493039520238	0.7795911683233006	0.8549568579260857
0.8	92.10000000000001	3.595884069416085	0.784477754221156	0.790322967845536	0.8810903005528646
0.8	92.2	3.5931721877693628	0.813150231109393	0.8126098625401894	0.8980744452775429
0.8	92.30000000000001	3.5925210200431277	0.818940523051846	0.844038224626946	0.9022842208649038
0.8	92.4	3.593701639101614	0.807039389318327	0.8803821102590663	0.8960914837016216
0.8	92.5	3.595757824442366	0.7902251920683707	0.9163191682230668	0.885967654356156
0.8	92.60000000000001	3.597435101835632	0.7804464580305301	0.946707251294048	0.8791108308955327
0.8	92.7	3.5977253969712795	0.7840564137415417	0.9675153616433889	0.8804122177152858
0.8	92.80000000000001	3.5962954879064815	0.8014757031169839	0.9759336882989281	0.8908443624527772
0.8	92.9	3.5936222553868844	0.8282103037210896	0.970107476051151	0.9073188424479777
0.8	93.0	3.5907923040087906	0.8553698558140403	0.949351275939917	0.9236289158962163
0.8	93.10000000000001	3.589065987708812	0.8706728311538612	0.9151053895670738	0.9322473150848821
0.8	93.2	3.589385858809561	0.8622149860918192	0.8718702028281442	0.9268535859660642
0.8	93.30000000000001	3.592002740791928	0.8251904151794356	0.8269881014725321	0.9051074764871379
0.8	93.4	3.5963300125754105	0.7671653615976719	0.7888944681875951	0.8705866823920718
0.8	93.5	3.601063085597244	0.7060824834370173	0.764654401901987	0.8326073461640593
0.8	93.60000000000001	3.6045365568098737	0.6613993527710751	0.7581323953122767	0.8033644103356228
0.8	93.7	3.605232761112525	0.6461378937718013	0.7695747935756516	0.7933090418433077
0.8	93.80000000000001	3.602300885545719	0.6651811836978925	0.7963165332181462	0.8069412295289595
0.8	93.9	3.5959120151233566	0.7164013182839141	0.8337329392090005	0.841125364784804
0.8	94.0	3.587295241773956	0.7900006179666355	0.8758780095626508	0.8865222235400793
0.8	94.10000000000001	3.5783960413734532	0.8679644108123373	0.9160158320457292	0.9309765285278621
0.8	94.2	3.5712497868410638	0.9278358202303325	0.9475876913598694	0.9631037384435451
0.8	94.30000000000001	3.5673015186957695	0.9507955115250818	0.9656769335518056	0.9750415014556117
0.8	94.4	3.5669458507454883	0.9300587249498703	0.968264674225684	0.964248416684759
0.8	94.5	3.569467680405774	0.874602343674135	0.9564156413083934	0.9343415486574557
0.8	94.60000000000001	3.573378703871419	0.8049656167112171	0.9332752985943336	0.8944851082313872
0.8	94.7	3.5769771625268576	0.7431905760722225	0.9026960772683272	0.8567911976227178
0.8	94.80000000000001	3.5789018668255377	0.7042265066519423	0.8684917164660416	0.8321053591963569
0.8	94.9	3.578508589029561	0.6937113701145933	0.8345700554689545	0.825845040717164
0.8	95.0	3.575994300407111	0.7091329355314431	0.8052886672837721	0.8360678591948304
0.8	95.10000000000001	3.572265076956663	0.7402918435571134	0.7851967791166653	0.8549707255621797
0.8	95.2	3.568583254623715	0.7716343057388035	0.7779861608775184	0.8730325524450965
0.8	95.30000000000001	3.566080555747417	0.7895325105571784	0.7852908713501381	0.8834222384006681
0.8	95.4	3.5652994618649245	0.7897324032073022	0.8061768749962727	0.8843416833449171
0.8	95.5	3.565964247684869	0.7781373944010378	0.8375831595606393	0.8785949288136944
0.8	95.60000000000001	3.567110180669383	0.7654680040564378	0.875191473444779	0.8714594464301952
0.8	95.7	3.567527436079836	0.7614207899988259	0.9139966684537676	0.8684370239756545
0.8	95.80000000000001	3.5663155006659415	0.7716493401671556	0.9484342092014769	0.8736033141202546
0.8	95.9	3.5632965641546237	0.7970644550907664	0.9726528936527559	0.8883175298169513
0.8	96.0	3.5591161970870333	0.8336562169600962	0.9815456334011659	0.9101199592019893
0.8	96.10000000000001	3.555007212612884	0.871795076530974	0.972365773686769	0.9324793048076468
0.8	96.2	3.552332290101009	0.896527881798201	0.9459746102036971	0.946395833204245
0.8	96.30000000000001	3.5520926385840363	0.8926049816163552	0.9068355396642948	0.943941239879346
0.8	96.4	3.5545706667127575	0.8541330519770874	0.8617449612550141	0.9222347032086096
0.8	96.5	3.5591963317605884	0.7907504873912428	0.8181098259466493	0.885554732191211
0.8	96.60000000000001	3.5646530599354027	0.7229178938412525	0.7826171382042417	0.8441485119018578
0.8	96.7	3.5692013941120186	0.6705794930944761	0.7605059666343674	0.8102939639548208
0.8	96.80000000000001	3.571167202612695	0.6457825810574581	0.7550782413156927	0.7937774053623141
0.8	96.9	3.5694790986638743	0.6526794929592624	0.7671225773211734	0.7989734589993482
0.8	97.0	3.564071631071051	0.6899946908138304	0.7944428687779664	0.8243079123519719
0.8	97.10000000000001	3.5559717628809717	0.7514931453575322	0.8320562664496307	0.8633762132154738
0.8	97.2	3.5469962615355484	0.8246611910431088	0.8733678359032636	0.9066234080227569
0.8	97.30000000000001	3.5391590751278277	0.8906775477588404	0.9118964787462223	0.9432522022404063
0.8	97.4	3.5340204683801706	0.9290708882036527	0.9426224847462401	0.9637243178497494
0.8	97.5	3.5322295589399784	0.9272725765913858	0.9623197921691488	0.9628120819026786
0.8	97.60000000000001	3.5334138597237126	0.8887369025316686	0.969112855980887	0.941969486963069
0.8	97.7	3.53641289123159	0.8312332944629484	0.9621085433944795	0.9092638278954003
0.8	97.80000000000001	3.5397249579225285	0.775938240427799	0.9416877001566718	0.876209911382896
0.8	97.9	3.5419955989260625	0.7375895918771478	0.9101890136713435	0.8528991427608237
0.8	98.0	3.542409901676905	0.7220360618328185	0.8721621015369118	0.8440673851179719
0.8	98.10000000000001	3.540900062594289	0.7276190066813056	0.8336600802179757	0.8481038147112013
0.8	98.2	3.538113230161882	0.746397805893632	0.800862684679656	0.8590448138130862
0.8	98.30000000000001	3.535127224220066	0.7665901544983578	0.7788346777396089	0.8699239467542575
0.8	98.4	3.5329843062766844	0.7774837755238653	0.7709459654932701	0.8755940438044857
0.8	98.5	3.532215463914939	0.7743179282427646	0.7787605591843731	0.8741130563934376
0.8	98.60000000000001	3.5325758784449492	0.7601672388863938	0.8018405287695897	0.8668983197748261
0.8	98.7	3.5331390694129357	0.7442026402062009	0.837294480172943	0.8581853077426487
0.8	98.80000000000001	3.5327201484739446	0.7374622346638987	0.8795808717240237	0.8538882135342002
0.8	98.9	3.530426661652303	0.7482062725370211	0.9212518368523832	0.8595787080287021
0.8	99.0	3.5260797179176393	0.7790072881802019	0.9547046318795297	0.8777464407712003
0.8	99.10000000000001	3.5203301159498435	0.825630984541936	0.9741570333293871	0.9055644541691668
0.8	99.2	3.514447125366472	0.8762365749979633	0.9768240081772369	0.9348676965197926
0.8	99.30000000000001	3.509889809221848	0.9126232833296074	0.962894837752801	0.9550381968636168
0.8	99.4	3.5078244970521104	0.9174040664162065	0.9347945553886956	0.9575348837071864
0.8	99.5	3.5087330331842055	0.8844091712971958	0.8965355835515308	0.9395920510434791
0.8	99.60000000000001	3.512212318878526	0.8230233987816323	0.8534819412661533	0.9052209289825004
0.8	99.7	3.517025941938971	0.7524417996285332	0.8121043612880996	0.8634561533045195
0.8	99.80000000000001	3.521418595582069	0.691882873615885	0.7790969796205399	0.8252100679039847
0.8	99.9	3.523627145916737	0.6544598831909597	0.7598230915139584	0.8002164449156679
0.8	100.0	3.522439117870602	0.6465261108307012	0.7568775108351236	0.794774006407958
