time = tau * tau_parallel
rms: rms distance of hole to its origin
IPR: inverse participation ratio, IPR(tau) = sum_i (n_h(i,tau))^2, with hole density n_h(i,tau) at site i at time tau.
return prob: probability of the hole to return to its origin, n_h(0,tau).
leg imbalance: difference between the occupation in the two legs of the ladder (see Eq. (15) in the manuscript).


time, rms, IPR, return prob, leg imbalance
0.0	0.0	0.0	1.0	1.0	1.0
0.0	0.1	0.10008154969242473	0.9803135567025404	1.0000000000000004	0.990058184941258
0.0	0.2	0.19200283416869043	0.9308452252837602	1.0	0.9641492894383362
0.0	0.30000000000000004	0.26797610243911685	0.873541331781773	1.0000000000000002	0.9322727683494995
0.0	0.4	0.3211111879192641	0.829500296080706	0.9999999999999996	0.9062333579578263
0.0	0.5	0.34615303817732523	0.8111719478784369	1.0	0.8950493728711851
0.0	0.6000000000000001	0.3403471018291317	0.8222033672256644	0.9999999999999997	0.9020257761077148
0.0	0.7000000000000001	0.30424706741293045	0.859198170600951	0.9999999999999998	0.9242296355314269
0.0	0.8	0.24239232154071402	0.9117825626717376	1.0000000000000007	0.9539354195845903
0.0	0.9	0.1647236365248493	0.9629730741249483	1.0000000000000004	0.9811737833177917
0.0	1.0	0.09645650060484177	0.9933809875799118	1.0	0.9966823793447983
0.0	1.1	0.10576603391695422	0.9895726272372615	1.0000000000000002	0.9947653214184632
0.0	1.2000000000000002	0.17633860742337518	0.9520250547772998	1.0	0.9754576248643697
0.0	1.3	0.24688983956242339	0.8960529015365193	0.9999999999999998	0.9451200670326902
0.0	1.4000000000000001	0.29949535478530126	0.8437004021345161	1.0000000000000004	0.9146951662072813
0.0	1.5	0.32743820255864337	0.8130037493652595	1.0	0.8957301037616056
0.0	1.6	0.32792228483592706	0.8128192621391499	1.0	0.8956222941278542
0.0	1.7000000000000002	0.30088447608342167	0.8431533109340094	1.0	0.9143824096289387
0.0	1.8	0.24902780301881716	0.8952058484022568	0.9999999999999996	0.9446562647690121
0.0	1.9000000000000001	0.17905695942132502	0.9510980736859777	1.0000000000000004	0.9749745210692349
0.0	2.0	0.10878788361402877	0.988962739610654	0.9999999999999996	0.9944578398497209
0.0	2.1	0.09773004921803095	0.9934529523370887	0.9999999999999994	0.9967184956676272
0.0	2.2	0.16432904865450298	0.9637529255954281	1.0000000000000002	0.9815790208310573
0.0	2.3000000000000003	0.2415091926743998	0.9128922554049819	0.9999999999999999	0.954546052169562
0.0	2.4000000000000004	0.3032404968604761	0.8601222348925018	1.0	0.9247685467497333
0.0	2.5	0.3393972103794063	0.8226033578081078	1.0000000000000004	0.9022577934388487
0.0	2.6	0.3454178466658208	0.8109856189197703	0.9999999999999998	0.8949060150465732
0.0	2.7	0.3207411215373422	0.8288692623378499	0.9999999999999998	0.9058231823692268
0.0	2.8000000000000003	0.2680764244278193	0.8727208674228254	1.0000000000000004	0.9317880671640096
0.0	2.9000000000000004	0.1925887850458618	0.9301175067724246	0.9999999999999993	0.9637551793509912
0.0	3.0	0.10107770827687938	0.9798915348403692	1.0000000000000004	0.9898427906060298
0.0	3.1	0.0051586842197741175	0.9999863660567008	0.9999999999999998	0.9999931829912498
0.0	3.2	0.09933260088409686	0.9807183144291715	1.0000000000000004	0.9902648000658368
0.0	3.3000000000000003	0.19152611872492098	0.9315759054409376	0.9999999999999999	0.9645450971601945
0.0	3.4000000000000004	0.26792116524736137	0.87437791533999	1.0	0.9327667721632106
0.0	3.5	0.32147616578276855	0.8301465600326804	1.0000000000000002	0.9066522987375625
0.0	3.6	0.34683988320726034	0.8113640728824636	1.0	0.895195025096595
0.0	3.7	0.341215662946786	0.8218013429178537	0.9999999999999992	0.9017905635676766
0.0	3.8000000000000003	0.3051522053500759	0.8582727773889763	1.0	0.9236878567139214
0.0	3.9000000000000004	0.24316528939868443	0.9106787341520813	1.0000000000000002	0.9533264723048286
0.0	4.0	0.16500482087672155	0.9622028652796235	0.9999999999999996	0.9807729714509409
0.0	4.1000000000000005	0.09505035449990738	0.9933113349067358	0.9999999999999998	0.9966473949964482
0.0	4.2	0.10261489108924995	0.9901707748757065	1.0000000000000004	0.9950667317910107
0.0	4.3	0.1735969072635215	0.9529331273167417	1.0000000000000004	0.9759304038563065
0.0	4.4	0.2447839581345704	0.8968885174782011	1.0	0.9455773863050599
0.0	4.5	0.2981721226902008	0.8442514301647954	1.0	0.9150114856372142
0.0	4.6000000000000005	0.3270367987979811	0.8132030692447401	0.999999999999999	0.8958498470629128
0.0	4.7	0.3284869855331251	0.8126492289838562	1.0000000000000004	0.8955261232136046
0.0	4.800000000000001	0.3023337389966089	0.8426093556694804	0.9999999999999996	0.9140726192601478
0.0	4.9	0.25118948511801004	0.8943469925609501	0.9999999999999996	0.9441856769332907
0.0	5.0	0.18174265394096936	0.9501529127406199	0.9999999999999996	0.9744814207573592
0.0	5.1000000000000005	0.11167623058340123	0.9883425181717367	1.000000000000001	0.9941449851008538
0.0	5.2	0.09886253486084014	0.9935280906269375	0.9999999999999998	0.9967561805660436
0.0	5.300000000000001	0.1638143292809853	0.9645419838537092	1.0	0.9819884520137161
0.0	5.4	0.24051312843383035	0.9140065310677897	1.0000000000000002	0.9551576766493088
0.0	5.5	0.3021330763075376	0.861043976565354	0.9999999999999999	0.9253040665074308
0.0	5.6000000000000005	0.33836948201593164	0.8230013039782027	0.9999999999999998	0.9024867252729941
0.0	5.7	0.34463999359916647	0.8108057490695101	1.0	0.8947655607932302
0.0	5.800000000000001	0.320372751751943	0.828253918925933	1.0000000000000002	0.9054222851273546
0.0	5.9	0.26822869027964896	0.8719161274839193	0.9999999999999996	0.9313126006233838
0.0	6.0	0.19328866578855047	0.9293916000427282	0.9999999999999996	0.9633621977542902
0.0	6.1000000000000005	0.10231812455397538	0.979451237709678	0.9999999999999998	0.9896180995955798
0.0	6.2	0.01030586743288671	0.9999455220466174	1.0000000000000004	0.9999727604311789
0.0	6.300000000000001	0.09882976654318858	0.9811068840050502	1.0	0.9904631840880163
0.0	6.4	0.19115270797055378	0.9323106654513248	0.9999999999999997	0.9649431489331426
0.0	6.5	0.2679045915549475	0.8752309272441694	1.0	0.9332700940941022
0.0	6.6000000000000005	0.32182929307189506	0.8308075281134697	0.9999999999999996	0.9070794594056544
0.0	6.7	0.34747308089353596	0.8115613359334634	1.0	0.8953423802531635
0.0	6.800000000000001	0.3420000316915747	0.8213973570478861	1.0	0.9015520959508182
0.0	6.9	0.30595610983958993	0.8573470867296283	0.9999999999999997	0.9231437675504042
0.0	7.0	0.24383174504373106	0.9095820027545387	1.0000000000000002	0.9527198870642029
0.0	7.1000000000000005	0.16518030764761274	0.9614426256780887	1.0	0.9803767644146874
0.0	7.2	0.09352149404282999	0.9932430515860964	0.9999999999999998	0.9966130656194687
0.0	7.300000000000001	0.09933931465099789	0.9907557933803843	1.0000000000000004	0.9953613822551174
0.0	7.4	0.1708416030372323	0.9538216591178112	0.9999999999999998	0.9763925799335585
0.0	7.5	0.24271827881201305	0.8977131490690275	0.9999999999999997	0.9460285695857158
0.0	7.6000000000000005	0.2969198474595394	0.8448072155871477	1.0	0.915331961993529
0.0	7.7	0.3267192419327561	0.8134175694426267	1.0000000000000007	0.8959817726943624
0.0	7.800000000000001	0.32912937572219875	0.8124932422096046	0.9999999999999996	0.895441251816494
0.0	7.9	0.3038367750569924	0.8420677597438974	0.9999999999999998	0.9137652001633227
0.0	8.0	0.2533663430904507	0.8934760585683609	1.0000000000000002	0.9437080477349218
0.0	8.1	0.1843868221959982	0.9491903922954188	1.0000000000000002	0.9739787001684652
0.0	8.200000000000001	0.11442746558653302	0.9877133766896242	0.9999999999999996	0.9938274597382616
0.0	8.3	0.09984677397930214	0.9936071772943245	0.9999999999999996	0.9967958274590206
0.0	8.4	0.16317370872887613	0.965339706688667	0.9999999999999994	0.9824017935248466
0.0	8.5	0.23940223574194958	0.9151240686103674	1.0000000000000002	0.955769587161172
0.0	8.6	0.300926187788018	0.8619624466154907	1.0	0.9258357075380874
0.0	8.700000000000001	0.3372680395029798	0.8233972562375603	1.0000000000000004	0.9027127305332173
0.0	8.8	0.3438255246613322	0.8106330018669726	0.9999999999999998	0.8946286330811107
0.0	8.9	0.3200128526456425	0.8276546581570571	1.0	0.9050311437869409
0.0	9.0	0.26843894963832626	0.8711266362560444	1.0	0.9308462490086451
0.0	9.1	0.1941058940508184	0.9286663328882115	1.0000000000000004	0.962969757090094
0.0	9.200000000000001	0.10379603742500344	0.9789917264122934	0.9999999999999997	0.9893836287216828
0.0	9.3	0.015430064738583783	0.9998776410048891	0.9999999999999999	0.9999388175172217
0.0	9.4	0.09856781789256114	0.981480398721906	0.9999999999999998	0.9906539120789409
0.0	9.5	0.1908754948130294	0.9330505833363136	1.0000000000000002	0.9653439646235191
0.0	9.600000000000001	0.26791895024744283	0.8761005868153091	0.9999999999999996	0.9337826966066889
0.0	9.700000000000001	0.32216386514439943	0.8314826103504467	0.9999999999999998	0.9075142657951856
0.0	9.8	0.34804772822248453	0.8117630889866022	1.0	0.8954908684590184
0.0	9.9	0.34269797941577845	0.8209915432449698	0.9999999999999993	0.9013103636726937
0.0	10.0	0.30665975235377335	0.8564221606116582	0.9999999999999996	0.9225979552464904
0.0	10.100000000000001	0.24439618605147914	0.9084935450876562	1.0	0.9521163199683844
0.0	10.200000000000001	0.16525877334310962	0.9606925715568039	0.9999999999999998	0.9799852879909833
0.0	10.3	0.09188139314430331	0.9931751203240149	1.0000000000000007	0.996578877277915
0.0	10.4	0.09594490364100572	0.9913263191164838	0.9999999999999996	0.9956485976548135
0.0	10.5	0.16808285693722103	0.9546901176384912	1.0000000000000002	0.976843926475694
0.0	10.600000000000001	0.24070061820980954	0.898527333251771	1.0	0.9464740056920515
0.0	10.700000000000001	0.2957428708721954	0.8453685941129012	0.9999999999999991	0.9156571827323894
0.0	10.8	0.3264857977276995	0.8136475649630316	0.9999999999999997	0.8961260814067888
0.0	10.9	0.32984569030807853	0.8123508667075264	1.0000000000000004	0.8953672987560556
0.0	11.0	0.30538665778547586	0.8415277750593625	0.9999999999999999	0.9134595631479137
0.0	11.100000000000001	0.2555497165443297	0.8925928632998633	0.9999999999999999	0.9432231702016397
0.0	11.200000000000001	0.1869810456712638	0.9482114198373702	0.9999999999999997	0.973466781426251
0.0	11.3	0.11703850889204602	0.9870767276406799	1.0000000000000004	0.9935059663805098
0.0	11.4	0.10067672435604495	0.9936908955484692	1.0000000000000004	0.996837783931638
0.0	11.5	0.16240236638955582	0.9661454491187512	0.9999999999999996	0.9828187124387616
0.0	11.600000000000001	0.23817550699663653	0.9162435161244755	1.0	0.9563810697114841
0.0	11.700000000000001	0.2996220008674753	0.862876746918149	1.0000000000000002	0.9263630219028561
0.0	11.8	0.3360976236284871	0.8237913249448231	1.0000000000000004	0.9029360159216905
0.0	11.9	0.34298082484730685	0.8104680369221094	0.9999999999999993	0.8944958646448488
0.0	12.0	0.3196681464457053	0.8270718041791533	1.0000000000000002	0.9046501977456033
0.0	12.100000000000001	0.26871270225738153	0.8703518425052506	0.9999999999999991	0.9303888421533946
0.0	12.200000000000001	0.1950425955440837	0.9279405195911651	1.0000000000000013	0.962577255521692
0.0	12.3	0.10550126547097856	0.9785121410079581	1.0000000000000004	0.989138932403667
0.0	12.4	0.02051992275319716	0.9997830099089119	0.9999999999999998	0.9998914955743836
0.0	12.5	0.09853749854787269	0.981840040996361	1.0000000000000002	0.9908375820968383
0.0	12.600000000000001	0.1906862794273682	0.9337966883410128	0.9999999999999999	0.9657480337567343
0.0	12.700000000000001	0.26795646028951664	0.8769870199683207	0.9999999999999999	0.9343044889692007
0.0	12.8	0.3224732747501293	0.8321711556724233	0.9999999999999997	0.9079561183914683
0.0	12.9	0.34855933404246947	0.8119686989318984	0.9999999999999998	0.8956399451420503
0.0	13.0	0.3433078999806403	0.8205840962370963	0.9999999999999992	0.9010654076512874
0.0	13.100000000000001	0.30726485788371033	0.855499084009449	1.0000000000000002	0.922051033377937
0.0	13.200000000000001	0.24486394020516594	0.9074144736864783	1.0	0.9515164025652053
0.0	13.3	0.16524985026815028	0.9599528072940836	0.9999999999999997	0.9795986137415196
0.0	13.4	0.09014326781357487	0.9931064554078228	0.9999999999999998	0.9965442822573294
0.0	13.5	0.09243809007862228	0.9918810230837248	0.9999999999999998	0.9959277209428232
0.0	13.600000000000001	0.16533123960145724	0.9555380734321208	0.9999999999999998	0.9772842698143361
0.0	13.700000000000001	0.23873842557386865	0.8993316874074169	1.0000000000000002	0.9469141223736566
0.0	13.8	0.29464476397682166	0.8459364118420056	0.9999999999999994	0.9159877246021206
0.0	13.9	0.3263358312694811	0.8138933361930649	0.9999999999999996	0.8962829246103798
0.0	14.0	0.33063137263137404	0.8122216415839242	1.0000000000000002	0.8953038434152596
0.0	14.100000000000001	0.3069759715462654	0.84098868614858	0.9999999999999998	0.9131551288562626
0.0	14.200000000000001	0.25773089258587895	0.8916973175485883	0.9999999999999999	0.9427308878374122
0.0	14.3	0.18951736406993017	0.947216984537886	0.9999999999999998	0.9729461299773133
0.0	14.4	0.11950679154405575	0.9864339731716435	1.0000000000000004	0.9931812031098028
0.0	14.5	0.10134737543118547	0.9937798323354038	0.9999999999999998	0.9968823492776238
0.0	14.600000000000001	0.16149639925628725	0.966958467324774	0.9999999999999998	0.9832388281572649
0.0	14.700000000000001	0.23683282182381477	0.9173634997816215	1.0	0.9569914064737933
0.0	14.8	0.2982234783439734	0.8637860361678957	0.9999999999999998	0.9268856036441065
0.0	14.9	0.33486356981633086	0.8241836793095241	0.9999999999999998	0.9031568347572008
0.0	15.0	0.3421125817147076	0.8103115058718283	1.0000000000000004	0.894367893966208
0.0	15.100000000000001	0.3193452662421665	0.8265056124103971	0.9999999999999996	0.9042798452726064
0.0	15.200000000000001	0.2690548552502931	0.8695911250353137	0.9999999999999998	0.9299401608349397
0.0	15.3	0.19609960660890144	0.9272129698639688	0.9999999999999997	0.9621840812250324
0.0	15.4	0.10742068083872779	0.9780117066332	0.9999999999999997	0.9888836057297595
0.0	15.5	0.02556417362560154	0.9996620278055349	0.9999999999999996	0.9998309911726366
0.0	15.600000000000001	0.09872577730792981	0.9821870338896016	0.9999999999999994	0.9910148110838939
0.0	15.700000000000001	0.19057586276883723	0.9345499526510984	1.0	0.9661558119372342
0.0	15.8	0.2680090491554603	0.8778902564223945	0.9999999999999996	0.9348353274912722
0.0	15.9	0.32275104116397046	0.8328724554286842	1.0	0.9084043960412419
0.0	16.0	0.3490038315645169	0.8121775525103897	1.0	0.8957890944739861
0.0	16.1	0.3438288070548921	0.820175270964037	1.0000000000000004	0.9008173191711608
0.0	16.2	0.3077738741039838	0.8545789573274856	1.0000000000000002	0.9215036382584172
0.0	16.3	0.2452411196759472	0.9063458295386905	0.9999999999999998	0.9509207379452378
0.0	16.400000000000002	0.16516411166633166	0.9592233254750977	0.9999999999999996	0.9792167589237283
0.0	16.5	0.08832229244636021	0.9930359104879146	1.0000000000000004	0.9965087030213079
0.0	16.6	0.0888262811684073	0.992418619349116	1.0000000000000002	0.9961981173619278
0.0	16.7	0.16259770784389194	0.9563652024882121	1.0000000000000007	0.9777134901041798
0.0	16.8	0.2368387335178228	0.9001269050490079	0.9999999999999996	0.9473493830794915
0.0	16.900000000000002	0.29362830536562806	0.8465115200614226	0.9999999999999996	0.9163241494465019
0.0	17.0	0.32626782222407175	0.8141551269408155	0.9999999999999998	0.8964524033703806
0.0	17.1	0.33148113180894223	0.8121050818270843	1.0	0.8952504286059334
0.0	17.2	0.30859688991940115	0.8404498140844577	1.0	0.9128513317193124
0.0	17.3	0.2599011696170258	0.890789427176606	1.0	0.9422310959944558
0.0	17.400000000000002	0.19198828568657877	0.9462081514348825	0.9999999999999998	0.9724172518274186
0.0	17.5	0.1218302217743437	0.9857864962920008	1.0000000000000002	0.9928538589873934
0.0	17.6	0.10185464709161891	0.9938744746228831	0.9999999999999999	0.9969297724979896
0.0	17.7	0.16045279957705774	0.9677779231497955	1.0000000000000004	0.9836617145825199
0.0	17.8	0.2353749260221162	0.9184826330919243	0.9999999999999991	0.9575998802252896
0.0	17.900000000000002	0.29673435170166645	0.8646895356421399	0.9999999999999997	0.9274030913248892
0.0	18.0	0.33357179632521666	0.8245745453722643	0.9999999999999991	0.9033754849497345
0.0	18.1	0.3412277592155485	0.8101640484222803	1.0000000000000009	0.8942453610103672
0.0	18.2	0.3190507132115308	0.8259562701367886	1.0000000000000007	0.903920441236498
0.0	18.3	0.26946970142056426	0.8688437988431721	0.9999999999999998	0.9294999386198209
0.0	18.400000000000002	0.19727650250339582	0.9264824981631368	0.9999999999999993	0.9617896169775624
0.0	18.5	0.10953875653022019	0.9774897391677716	1.0	0.9886172873303649
0.0	18.6	0.03055176149358969	0.9995152027106454	1.0	0.9997575546500023
0.0	18.7	0.09911626695538028	0.9825226324351645	0.9999999999999998	0.9911862306878454
0.0	18.8	0.19053416032286868	0.9353112835509959	1.0	0.966567717534737
0.0	18.900000000000002	0.26806841445400803	0.8788102274219054	1.0000000000000002	0.9353750159585337
0.0	19.0	0.3229908469802729	0.8335857474769288	0.9999999999999989	0.9088584597731425
0.0	19.1	0.3493775852206379	0.8123890614460736	0.9999999999999996	0.895937832849981
0.0	19.200000000000003	0.34426031381446676	0.8197653810685603	1.0000000000000002	0.900566239376936
0.0	19.3	0.30818994172592157	0.853662888224297	0.9999999999999998	0.9209564248494673
0.0	19.400000000000002	0.2455345842444217	0.9052885754437959	1.0000000000000009	0.9503298971911774
0.0	19.5	0.16501301836821886	0.9585040075455115	1.0	0.9788396866597664
0.0	19.6	0.08643577764461215	0.992962286024812	1.0	0.9964715359707887
0.0	19.700000000000003	0.08511801252984952	0.9929378733833151	0.9999999999999998	0.9964591785552253
0.0	19.8	0.15989357310407867	0.9571712880577802	1.0	0.9781315219171078
0.0	19.900000000000002	0.23500809301566733	0.9009137513693841	1.0000000000000002	0.9477802836798114
0.0	20.0	0.29269545427303423	0.8470947702658532	1.0000000000000002	0.9166670003361013
0.0	20.1	0.32627938857700783	0.8144331423724653	0.9999999999999997	0.8966345676313239
0.0	20.200000000000003	0.3323890024745828	0.8120006799543003	0.9999999999999996	0.8952065636147537
0.0	20.3	0.3102412495186174	0.8399105203077	1.0000000000000002	0.9125476238822662
0.0	20.400000000000002	0.26205191597383254	0.8898692936317049	1.0	0.9417237428717934
0.0	20.5	0.19438679530209096	0.9451860550141246	1.0	0.9718806904621737
0.0	20.6	0.12400716460371633	0.9851356520411086	0.9999999999999998	0.992524609547561
0.0	20.700000000000003	0.1021953007655851	0.9939752062002605	0.9999999999999996	0.9969802505572383
0.0	20.8	0.15926941940128583	0.9686028897898392	1.0	0.9840869028804772
0.0	20.900000000000002	0.2338034253009993	0.9195995261782025	1.0	0.9582057787487142
0.0	21.0	0.2951591067744565	0.8655865338499467	0.9999999999999996	0.9279151699116419
0.0	21.1	0.3322287612496349	0.8249642040639537	0.9999999999999998	0.9035923070374957
0.0	21.200000000000003	0.34033354908540925	0.8100262890679928	0.9999999999999993	0.8941289032536394
0.0	21.3	0.31879081666580167	0.8254238975095075	0.9999999999999991	0.9035722950155107
0.0	21.400000000000002	0.26996088994188877	0.8681091213738196	1.0000000000000007	0.929067863925305
0.0	21.5	0.1985716491156955	0.9257479320733516	1.0000000000000004	0.961393244351139
0.0	21.6	0.11183813093346137	0.9769456501528381	1.0000000000000004	0.9883396619054595
0.0	21.700000000000003	0.03547185045800461	0.9993431482879422	0.9999999999999998	0.9996714885427685
0.0	21.8	0.0996897383974422	0.9828481145894622	0.9999999999999994	0.991352482906318
0.0	21.900000000000002	0.19055032438373687	0.9360815160161858	1.0	0.9669841286286143
0.0	22.0	0.2681260945917147	0.8797467644324101	1.0000000000000004	0.9359233065413938
0.0	22.1	0.3231865679178364	0.8343102209104722	1.0000000000000002	0.9093176567312096
0.0	22.200000000000003	0.34967739797084485	0.8126026672890511	0.9999999999999998	0.8960857119534993
0.0	22.3	0.34460262323710994	0.8193547968543735	1.0000000000000007	0.9003123583900116
0.0	22.400000000000002	0.308516859207944	0.852751983903603	0.9999999999999996	0.9204100628939337
0.0	22.5	0.2457518860925942	0.9042435901745864	0.9999999999999999	0.9497444161540813
0.0	22.6	0.16480886895358357	0.9577946251235322	0.9999999999999991	0.9784673063875102
0.0	22.700000000000003	0.08450336584232347	0.9928843371354197	0.9999999999999999	0.9964321553767126
0.0	22.8	0.08132315861383511	0.9934376101382753	0.9999999999999997	0.9967103265240821
0.0	22.900000000000002	0.15723047079121924	0.9579562218719978	0.9999999999999999	0.9785383545110576
0.0	23.0	0.2332525324612492	0.9016930580642798	1.0000000000000002	0.9482073488064185
0.0	23.1	0.29184734812496604	0.8476870087790648	0.9999999999999998	0.9170167976759419
0.0	23.200000000000003	0.32636732760284437	0.814727546890853	0.9999999999999999	0.8968294158147011
0.0	23.3	0.3333484160760945	0.8119079076895307	0.9999999999999998	0.8951717274936859
0.0	23.400000000000002	0.31190063225853387	0.8393702101551826	1.0	0.9122434789166828
0.0	23.5	0.2641746355506192	0.8889371138702683	0.9999999999999996	0.9412088301477717
0.0	23.6	0.19670636541300554	0.9441518924987371	1.0000000000000002	0.9713370236161527
0.0	23.700000000000003	0.12603643025474773	0.9844827589266469	0.9999999999999999	0.992194112425599
0.0	23.8	0.10236686104512278	0.9940823051852358	0.9999999999999998	0.9970339270025185
0.0	23.900000000000002	0.1579449361958535	0.9694323576799356	1.0	0.9845138843267552
0.0	24.0	0.23212075778941116	0.9207127948356666	0.9999999999999998	0.958808399112466
0.0	24.1	0.29350294957208467	0.8664763909625822	0.9999999999999997	0.928421572578696
0.0	24.200000000000003	0.330841425016084	0.8253529889774354	1.0000000000000002	0.9038076819260688
0.0	24.3	0.339437322491744	0.8098988339674507	1.0	0.894019151556796
0.0	24.400000000000002	0.31857168608266256	0.8249085488479156	1.0	0.9032356685080177
0.0	24.5	0.2705314086176177	0.8673862990946202	0.9999999999999998	0.9286435823570506
0.0	24.6	0.19998226749546197	0.9250081213738441	1.0000000000000002	0.9609943483813814
0.0	24.700000000000003	0.11430015029324164	0.976378951311723	1.0	0.9880504625933213
0.0	24.8	0.04031385306593754	0.9991465794028512	1.0000000000000004	0.9995731454682489
0.0	24.900000000000002	0.10042470555858013	0.983164772003178	0.9999999999999994	0.9915142156521872
0.0	25.0	0.19061287201540317	0.9368614057787582	1.0000000000000002	0.967405380211985
0.0	25.1	0.26817353076898487	0.8806995986385129	1.0000000000000007	0.9364799010416258
0.0	25.200000000000003	0.32333231037879706	0.8350450213509087	0.9999999999999996	0.90978132420207
0.0	25.3	0.3499005156963105	0.8128178462745589	0.9999999999999996	0.896232321757422
0.0	25.400000000000002	0.34485650641107546	0.8189439427899197	1.0000000000000004	0.9000559141974834
0.0	25.5	0.3087590457200463	0.8518473428177274	0.9999999999999996	0.9198652325729496
0.0	25.6	0.24590120971993087	0.9032116630517059	1.0000000000000007	0.9491647922857996
0.0	25.700000000000003	0.16456471516088086	0.9570948426982764	1.0	0.9780994749692533
0.0	25.8	0.08254721593907394	0.9928007821902043	1.0	0.996389917662774
0.0	25.900000000000002	0.07745319630330687	0.9939167215384895	1.0	0.99695101727174
0.0	26.0	0.15462030529960205	0.9587200046261892	1.0000000000000002	0.978934031718965
0.0	26.1	0.23157750358679383	0.9024657179589652	0.9999999999999998	0.948631128141482
0.0	26.200000000000003	0.29108430306312005	0.8482890712368213	0.9999999999999996	0.9173740354370203
0.0	26.3	0.3265276628995837	0.8150384619722753	1.0000000000000002	0.8970368947079349
0.0	26.400000000000002	0.3343522797568568	0.8118262177792838	1.0000000000000007	0.8951453725903108
0.0	26.5	0.3135664449151792	0.8388283363630119	1.0000000000000007	0.9119383955000917
0.0	26.6	0.26626102421233866	0.8879931796466025	1.0000000000000004	0.9406864132479599
0.0	26.700000000000003	0.19894096912231693	0.9431069165529211	1.0000000000000002	0.9707868597432365
0.0	26.8	0.12791727470295763	0.9838290906665381	0.9999999999999996	0.991863003142429
0.0	26.900000000000002	0.10236755316896971	0.9941959421612061	1.0000000000000007	0.9970908909096448
0.0	27.0	0.15647882222133414	0.970265241195009	1.0	0.9849421135579121
0.0	27.1	0.23033017493714267	0.9218210699121441	0.9999999999999994	0.9594070521125705
0.0	27.200000000000003	0.2917717740565585	0.8673585424827277	0.9999999999999998	0.9289220820332228
0.0	27.3	0.3294172003454372	0.8257412835849267	1.0000000000000004	0.9040220281099187
0.0	27.400000000000002	0.33854657580483566	0.8097822682785363	1.0000000000000002	0.8939167261775568
0.0	27.5	0.3183991661028019	0.8244102147656691	1.0	0.9029107747905352
0.0	27.6	0.27118357216784117	0.8666744942043205	0.9999999999999993	0.9282266993736574
0.0	27.700000000000003	0.20150451753054566	0.9242619461086415	0.9999999999999992	0.9605923218145898
0.0	27.8	0.11690537813650782	0.9757892580461949	1.0	0.9877494728522892
0.0	27.900000000000002	0.04506751039529324	0.99892630726858	0.9999999999999996	0.9994629258156733
0.0	28.0	0.10129803611497772	0.9834739008019198	1.0000000000000002	0.991672078328365
0.0	28.1	0.19070981888167557	0.9376516229355829	0.9999999999999997	0.967831761675953
0.0	28.200000000000003	0.2682021358575443	0.8816683612066657	1.0000000000000004	0.9370444524383797
0.0	28.3	0.32342243860585007	0.835789256671615	0.9999999999999998	0.9102487936486069
0.0	28.400000000000002	0.3500446329071028	0.8130341137666118	1.0	0.8963772931179367
0.0	28.5	0.3450232840412513	0.8185332946241851	0.9999999999999999	0.8997971913031706
0.0	28.6	0.3089214954083063	0.8509500469604531	0.9999999999999998	0.9193226204578788
0.0	28.700000000000003	0.2459913054091304	0.9021934890283442	1.0	0.9485914816308776
0.0	28.8	0.16429427368711697	0.9564042203901514	0.9999999999999998	0.9777359977698523
0.0	28.900000000000002	0.0805921578805989	0.9927103117062941	0.9999999999999998	0.9963441658087754
0.0	29.0	0.07352155654382046	0.994374173932176	0.9999999999999996	0.9971807444100151
0.0	29.1	0.15207518122719735	0.9594627456655448	1.0	0.9793186514227323
0.0	29.200000000000003	0.2299878386875345	0.9032326789875708	0.9999999999999996	0.9490521924169546
0.0	29.3	0.2904058279992189	0.8489017769310484	0.9999999999999998	0.917739177581417
0.0	29.400000000000002	0.3267557033671127	0.8153659640253138	0.9999999999999996	0.8972568997147102
0.0	29.5	0.3353930574953184	0.8117550458722479	0.9999999999999993	0.8951269282300502
0.0	29.6	0.3152300040551174	0.8382844022705482	0.9999999999999998	0.911631900848688
0.0	29.700000000000003	0.2683030291635976	0.8870378761756422	1.0000000000000004	0.9401566012429667
0.0	29.8	0.2010850962872063	0.9420524276770824	1.0	0.9702308343375013
0.0	29.900000000000002	0.12964939633185638	0.9831758682679265	1.0	0.991531891067968
0.0	30.0	0.10219624727069522	0.9943161789842623	1.0	0.9971511761843119
0.0	30.1	0.15487131066455886	0.9711003853671568	1.0	0.9853710118262666
0.0	30.200000000000003	0.2284357089159304	0.9229230062481814	1.0	0.960001066488494
0.0	30.3	0.2899721172179483	0.8682325027937344	1.0	0.929416531828161
0.0	30.400000000000002	0.327963897656102	0.8261295185460876	0.9999999999999996	0.9042357988368774
0.0	30.5	0.33766886992949385	0.8096771536268599	1.0000000000000004	0.8938222326294343
0.0	30.6	0.31827878569400886	0.8239288244083918	0.9999999999999996	0.9025977768370741
0.0	30.700000000000003	0.27191901428208737	0.8659728315027405	1.0000000000000004	0.9278167832070825
0.0	30.8	0.20313359419124835	0.9235083248335484	0.9999999999999994	0.9601865695600265
0.0	30.900000000000002	0.11963404620281527	0.9751762924711564	1.0000000000000004	0.9874365281455555
0.0	31.0	0.049722918729992995	0.9986832336839403	0.9999999999999998	0.9993412749914845
0.0	31.1	0.10228555030731992	0.9837767921894106	0.9999999999999998	0.9918267173141392
0.0	31.200000000000003	0.19082881739465363	0.938452746216279	1.0000000000000002	0.9682635146294659
0.0	31.3	0.26820336140162165	0.8826525843978306	1.0	0.9376165667668659
0.0	31.400000000000002	0.3234516107190107	0.8365420031622572	0.9999999999999996	0.910719394789758
0.0	31.5	0.3501078955095877	0.8132510284999915	1.0	0.8965203002084523
0.0	31.6	0.3451048044984112	0.8181233758537516	0.9999999999999998	0.8995365189647667
0.0	31.700000000000003	0.30900973286836164	0.8500611539618451	0.9999999999999998	0.9187829151495237
0.0	31.8	0.24603141556300004	0.901189664933187	0.9999999999999998	0.9480248962948047
0.0	31.900000000000002	0.1640118063364307	0.9557222180177959	0.9999999999999996	0.9773766303659711
0.0	32.0	0.07866578843539916	0.9926115970438955	1.0000000000000002	0.9962942336289787
0.0	32.1	0.06954406134733307	0.994809014673514	0.9999999999999997	0.9973990423153933
0.0	32.2	0.14960731803249197	0.960184662207234	1.0000000000000007	0.9796923648014267
0.0	32.300000000000004	0.22848771123046016	0.9039949379989561	0.9999999999999998	0.9494711293982503
0.0	32.4	0.28981064628395087	0.8495259230765897	1.0000000000000004	0.9181126546815669
0.0	32.5	0.32704610788446514	0.8157100822818987	0.9999999999999997	0.8974892754034322
0.0	32.6	0.3364628544585309	0.8116938125440789	1.0000000000000004	0.8951158045461337
0.0	32.7	0.316882612182354	0.8377379648890907	1.0000000000000002	0.9113235540060703
0.0	32.800000000000004	0.2702929021601308	0.8860716801962571	1.0	0.9396195564091447
0.0	32.9	0.20313376294803662	0.9409897661746996	1.0	0.9696696060468946
0.0	33.0	0.13123294348245618	0.9825242523649738	0.9999999999999998	0.9912013555267285
0.0	33.1	0.10185241277939869	0.9944429683980405	1.0000000000000004	0.9972147612894341
0.0	33.2	0.1531233597179633	0.971936573500622	1.0	0.9857999707147642
0.0	33.300000000000004	0.22644214078880257	0.924017291513073	1.0000000000000007	0.9605897930769233
0.0	33.4	0.2881111118315335	0.8690978676309373	1.0000000000000002	0.9299048070095577
0.0	33.5	0.32648965980836653	0.8265181687503196	0.9999999999999996	0.9044494790068157
0.0	33.6	0.3368117597652317	0.809584026254682	0.9999999999999996	0.8937362579581879
0.0	33.7	0.3182157075223315	0.8234642481131718	0.9999999999999999	0.902296786663556
0.0	33.800000000000004	0.2727386847362065	0.8652804051612504	1.0	0.9274133679352575
0.0	33.9	0.204863830314381	0.9227462223022223	0.9999999999999993	0.9597765129426924
0.0	34.0	0.12246642877174642	0.9745398856946133	1.0	0.9871115172724683
0.0	34.1	0.05427057498578968	0.99841834492971	1.0000000000000007	0.9992086804988076
0.0	34.2	0.1033625672233531	0.984074723154742	1.0000000000000002	0.9919787714986502
0.0	34.300000000000004	0.1909572897957859	0.9392652578135482	0.9999999999999996	0.9687008309854366
0.0	34.4	0.26816876294656566	0.8836517035972346	1.0000000000000004	0.9381958053693654
0.0	34.5	0.3234148067828381	0.8373023121583362	0.9999999999999993	0.9111924597503959
0.0	34.6	0.35008890438344764	0.8134681963756699	1.0	0.8966610625953815
0.0	34.7	0.3451034212391768	0.8177147538254527	1.0000000000000004	0.8992742691997004
0.0	34.800000000000004	0.3090297642432452	0.8491816896224278	1.0	0.9182468030504206
0.0	34.9	0.24603119507603688	0.9002006862754881	1.0	0.9474654020669292
0.0	35.0	0.16373199161540228	0.9550481998206689	1.0	0.9770210805370326
0.0	35.1	0.07679848207621931	0.9925032998204492	1.0	0.9962394503876968
0.0	35.2	0.0655395341958217	0.9952203782721679	0.9999999999999991	0.9976054890586367
0.0	35.300000000000004	0.14722894044724497	0.9608860775334138	1.0000000000000004	0.9800553750629789
0.0	35.4	0.22708059956990564	0.904753534124953	0.9999999999999993	0.9498885397388338
0.0	35.5	0.28929673053599775	0.8501622789630976	1.0000000000000009	0.9184948607472784
0.0	35.6	0.3273929629418861	0.8160707967359118	1.0	0.8977338163486119
0.0	35.7	0.3375535093814238	0.8116419254810888	1.0000000000000002	0.8951113964409148
0.0	35.800000000000004	0.3185156426359972	0.837188637740656	1.0000000000000004	0.9110129489253349
0.0	35.9	0.2722232553816921	0.8850951573254027	0.9999999999999996	0.9390754933908262
0.0	36.0	0.2050825321134337	0.9399203038221576	1.0000000000000004	0.9691038526519397
0.0	36.1	0.13266852558659656	0.9818753359996986	1.0000000000000002	0.9908719421443629
0.0	36.2	0.1013360839294314	0.9945761541207904	0.9999999999999991	0.9972815692344221
0.0	36.300000000000004	0.15123662835157023	0.9727725348900692	1.0	0.9862283559092767
0.0	36.4	0.22435496790895723	0.9251026548200608	1.0	0.9611726088690414
0.0	36.5	0.28619643115250676	0.8699543162691996	0.9999999999999998	0.9303868446051425
0.0	36.6	0.3250028921803219	0.8269077500846916	1.0000000000000007	0.9046635817107394
0.0	36.7	0.3359827223399999	0.8095033952147398	1.0	0.8936593668921801
0.0	36.800000000000004	0.3182146766728576	0.8230163004176186	0.9999999999999996	0.9020078648878522
0.0	36.9	0.27364285127343496	0.8645962855221986	1.0	0.9270159568257956
0.0	37.0	0.2066888037483505	0.921974656686161	1.0000000000000002	0.9593615938081672
0.0	37.1	0.12538315497142774	0.9738799793400635	1.0000000000000004	0.9867743833430289
0.0	37.2	0.05870141151895273	0.9981327049701135	0.9999999999999994	0.9990656686702484
0.0	37.300000000000004	0.10450438950373406	0.9843689472864603	1.0	0.9921288678597393
0.0	37.4	0.19108255812377412	0.9400895390436097	0.9999999999999993	0.9691438514454115
0.0	37.5	0.2680900643683924	0.8846650600878406	1.0000000000000009	0.9387816873892768
0.0	37.6	0.32330735731218296	0.8380692168572602	1.0000000000000004	0.9116673271273198
0.0	37.7	0.34998671637183876	0.813685273838297	1.0000000000000009	0.8967993470453626
0.0	37.800000000000004	0.34502197001069235	0.817308035386157	0.9999999999999996	0.8990108544915046
0.0	37.9	0.3089880249969809	0.8483126407512491	0.9999999999999998	0.9177149641386104
0.0	38.0	0.24600062688696317	0.8992269449965423	0.9999999999999998	0.9469133164256868
0.0	38.1	0.16346977374515073	0.9543814397274483	1.0	0.9766690104979353
0.0	38.2	0.07502326290601986	0.9923840811234775	0.9999999999999998	0.996179145292414
0.0	38.300000000000004	0.0615305946942336	0.9956074921778764	0.9999999999999998	0.9977997091455092
0.0	38.400000000000006	0.1449521504630599	0.9615674185814655	1.0000000000000002	0.9804079358840033
0.0	38.5	0.2257692538758206	0.9055095417027622	0.9999999999999998	0.9503050326986536
0.0	38.6	0.28886134006548503	0.8508115802151639	0.9999999999999998	0.9188861504140243
0.0	38.7	0.3277898574799975	0.8164480363396055	1.0000000000000002	0.8979902683664014
0.0	38.800000000000004	0.33865667884433387	0.8115987818371972	0.9999999999999997	0.8951130876021315
0.0	38.900000000000006	0.32012061234245226	0.8366360934983631	0.9999999999999999	0.9106997173326109
0.0	39.0	0.2740871095243662	0.8841089589000316	0.9999999999999998	0.9385246780850155
0.0	39.1	0.20692752801202616	0.9388454352448039	1.0000000000000004	0.9685342669104885
0.0	39.2	0.13395722192677467	0.9812301378154166	1.0000000000000004	0.9905441594213452
0.0	39.300000000000004	0.10064782354156265	0.9947154719471226	0.9999999999999999	0.9973514681035895
0.0	39.400000000000006	0.14921344653472018	0.9736069530203065	1.0000000000000004	0.9866555112266328
0.0	39.5	0.22218036623923457	0.9261778748393276	1.0000000000000004	0.961748920807861
0.0	39.6	0.28423623032618733	0.8708016130823615	0.9999999999999996	0.9308626337469522
0.0	39.7	0.32351218741457094	0.8272988163692133	1.0000000000000004	0.9048786447951895
0.0	39.800000000000004	0.3351890809225077	0.8094357410279576	0.9999999999999993	0.8935920982441828
0.0	39.900000000000006	0.318279967386777	0.8225847432431789	1.0	0.9017310205466891
0.0	40.0	0.2746311050444821	0.8639195260139879	1.0	0.9266240259755115
0.0	40.1	0.20860145494543855	0.9211927063579143	0.9999999999999996	0.9589412784966757
0.0	40.2	0.1283654635554868	0.973196626120366	1.0	0.9864251242926898
0.0	40.300000000000004	0.0630068555224962	0.9978274483050352	1.0000000000000004	0.9989128012231313
0.0	40.400000000000006	0.10568673079794137	0.9846606857706447	0.9999999999999996	0.9922776171212109
0.0	40.5	0.19119197804585664	0.940925866552024	0.9999999999999998	0.9695926642206162
0.0	40.6	0.2679592237294427	0.8856919046559385	1.0000000000000004	0.9393736925772165
0.0	40.7	0.32312497712475874	0.8388417393244251	1.0	0.9121433460029875
0.0	40.800000000000004	0.34980084476476275	0.8139019707252858	0.9999999999999994	0.8969349690015842
0.0	40.900000000000006	0.3448637407965711	0.8169038622139418	0.9999999999999994	0.89874672529845
0.0	41.0	0.3088913300315935	0.8474549482445121	0.9999999999999996	0.917188067703905
0.0	41.1	0.24594992707518926	0.8982687277594237	1.0000000000000004	0.9463689066774424
0.0	41.2	0.1632401845789815	0.9537211274145273	0.9999999999999999	0.9763200394978266
0.0	41.300000000000004	0.07337546442127013	0.9922526110997991	0.9999999999999996	0.9961126521595478
0.0	41.400000000000006	0.05754473567110901	0.9959696816238133	0.9999999999999992	0.9979813757844598
0.0	41.5	0.14278876769095442	0.9622292127518971	1.0000000000000002	0.9807503494805738
0.0	41.6	0.2245556685119805	0.9062640629789772	0.9999999999999994	0.9507212218649923
0.0	41.7	0.2885010696390749	0.8514745226470791	0.9999999999999998	0.919286836104631
0.0	41.800000000000004	0.32822996976123975	0.8168416771761621	0.9999999999999998	0.8982583299310307
0.0	41.900000000000006	0.3397639328552468	0.8115637708203783	0.9999999999999998	0.8951202546766942
0.0	42.0	0.3216892636865863	0.8360800662255611	1.0000000000000002	0.9103835312867031
0.0	42.1	0.2758779482554937	0.8831138179502347	0.9999999999999998	0.9379674260448716
0.0	42.2	0.20866545826686272	0.9377665690761159	0.9999999999999998	0.9679615523120705
0.0	42.300000000000004	0.1351006057947237	0.9805895957609769	1.0000000000000004	0.9902184755874169
0.0	42.400000000000006	0.09978870576300986	0.9948605509928486	1.0000000000000002	0.997424271684111
0.0	42.5	0.147056788115291	0.9744384736959621	1.0	0.9870807626177424
0.0	42.6	0.21992515142074529	0.9272417877745325	1.0000000000000004	0.9623181695422056
0.0	42.7	0.28223907396932135	0.8716396086413032	0.9999999999999998	0.9313322154958955
0.0	42.800000000000004	0.3220262371764079	0.8276919558195331	1.0000000000000002	0.9050952269435271
0.0	42.900000000000006	0.3344379220361993	0.8093815143281063	0.9999999999999991	0.8935349613046515
0.0	43.0	0.31841533149103335	0.8221692891726161	0.9999999999999994	0.9014662112996817
0.0	43.1	0.2757023699446724	0.8632491696268461	0.9999999999999993	0.9262370279236267
0.0	43.2	0.21059419004138372	0.9203995162613929	0.9999999999999999	0.9585150616637108
0.0	43.300000000000004	0.13139537751265398	0.972489990077148	0.9999999999999998	0.9860637932474986
0.0	43.400000000000006	0.06717886623947508	0.9975037721277759	0.9999999999999991	0.9987506714597143
0.0	43.5	0.10688604398966035	0.9849511184478288	1.0000000000000004	0.9924256094227655
0.0	43.6	0.19127305603479755	0.9417744094925294	1.0	0.9700473042113661
0.0	43.7	0.26776849415230325	0.8867314020014365	1.0000000000000007	0.9399712643720761
0.0	43.800000000000004	0.322863790312141	0.8396188975818896	0.9999999999999994	0.9126198798546676
0.0	43.900000000000006	0.34953126188131656	0.8141180525413667	0.9999999999999994	0.8970677937032332
0.0	44.0	0.34463245382906416	0.8165029058127876	1.0000000000000004	0.8984823672785891
0.0	44.1	0.3087468143296263	0.8466095008268781	1.0000000000000009	0.9166667682685822
0.0	44.2	0.245889453732837	0.8973262154663177	1.0	0.945832388658736
0.0	44.300000000000004	0.16305816406612714	0.9530663747966975	0.9999999999999998	0.9759737466235193
0.0	44.400000000000006	0.07189214557942908	0.9921075777986975	0.9999999999999996	0.9960393136921579
0.0	44.5	0.053615741083709124	0.9963063741386246	1.0000000000000002	0.9981502129920015
0.0	44.6	0.14075015412729952	0.9628720844249749	1.0	0.9810829645600219
0.0	44.7	0.22344106145001785	0.9070182204865999	1.0	0.9511377208190606
0.0	44.800000000000004	0.28821190055020146	0.8521517564872578	1.0	0.9196971857053278
0.0	44.900000000000006	0.3287061488262417	0.8172515410630194	1.0	0.898537653983376
0.0	45.0	0.34086683782849236	0.8115362764982608	1.0000000000000002	0.8951322714139696
0.0	45.1	0.32321363038054146	0.8355203535332958	1.0000000000000007	0.9100641055897822
0.0	45.2	0.27758975946518316	0.8821105447617393	0.9999999999999991	0.937404100678629
0.0	45.300000000000004	0.2102936299063389	0.9366851188962372	1.0	0.9673864187325141
0.0	45.400000000000006	0.13610075931197282	0.9799545613149914	0.9999999999999994	0.9898953157387206
0.0	45.5	0.09876030233043323	0.9950109162106254	0.9999999999999993	0.9974997407644959
0.0	45.6	0.14477025342778568	0.9752657137215114	1.0000000000000002	0.9875034224670868
0.0	45.7	0.2175967358764855	0.928293294557667	1.0	0.9628798327673945
0.0	45.800000000000004	0.2802138745201424	0.8724682400330829	1.0000000000000004	0.9317956822060289
0.0	45.900000000000006	0.32055375021506693	0.8280877879605927	1.0	0.9053139040520749
0.0	46.0	0.3337360110866362	0.8093411352007126	1.0000000000000002	0.8934884327920387
0.0	46.1	0.31862394811676414	0.8217696047386966	0.9999999999999998	0.9012133438230453
0.0	46.2	0.2768549154221822	0.8625842554220625	0.9999999999999998	0.9258543954847777
0.0	46.300000000000004	0.21265899012391043	0.919594303819261	1.0000000000000002	0.9580824699368055
0.0	46.400000000000006	0.1344558461323574	0.971760345851485	0.9999999999999994	0.9856904984084028
0.0	46.5	0.0712099549727731	0.9971629284799551	1.0000000000000002	0.9985799004553995
0.0	46.6	0.10807978681405368	0.985241375397056	1.0	0.9925734102335092
0.0	46.7	0.1913135664769872	0.9426352272942753	0.9999999999999998	0.970507752422819
0.0	46.800000000000004	0.2675104827549136	0.8877826359440985	0.9999999999999993	0.9405738132748901
0.0	46.900000000000006	0.32252036037229603	0.8403997129709195	1.0000000000000002	0.9130963105290207
0.0	47.0	0.3491783984146082	0.8143333422066324	0.9999999999999994	0.8971977369895949
0.0	47.1	0.3443322329795849	0.8161058622351453	1.0000000000000004	0.8982182982769136
0.0	47.2	0.30856188062102924	0.845777129267577	0.9999999999999994	0.9161517015854097
0.0	47.300000000000004	0.24582960784415905	0.8963994833212778	1.0	0.945303925586255
0.0	47.400000000000006	0.16293836195660855	0.9524162234008998	1.0000000000000007	0.9756296740258091
0.0	47.5	0.07061119915478078	0.9919476969344593	0.9999999999999993	0.9959584862122278
0.0	47.6	0.04978557128701492	0.9966171029794738	1.0000000000000004	0.9983059971656003
0.0	47.7	0.13884700974413478	0.9634967500480859	0.9999999999999999	0.9814061735830476
0.0	47.800000000000004	0.22242584989582137	0.9077731493034622	0.9999999999999992	0.9515551389155351
0.0	47.900000000000006	0.28798925348784626	0.8528438807278761	1.0	0.9201174205596679
0.0	48.0	0.3292109993604413	0.8176773943765513	1.0	0.8988278499571278
0.0	48.1	0.3419570446898693	0.8115156807498921	0.9999999999999998	0.895148512771312
0.0	48.2	0.32468611084939253	0.8349568183524584	0.9999999999999998	0.9097411998781438
0.0	48.300000000000004	0.27921708258463884	0.8811000218834779	0.9999999999999998	0.9368351111603788
0.0	48.400000000000006	0.21180997124894918	0.935602494043139	1.0000000000000004	0.9668095780386562
0.0	48.5	0.13696029729412176	0.9793257941707214	1.0	0.9895750592282868
0.0	48.6	0.09756466589950834	0.995165991264556	0.9999999999999998	0.9975775846420571
0.0	48.7	0.1423580468514181	0.9760872694984637	0.9999999999999999	0.9879227938648478
0.0	48.800000000000004	0.21520308751742037	0.9293313678510554	1.0000000000000004	0.9634334284955115
0.0	48.900000000000006	0.2781698115424515	0.8732875310616397	0.9999999999999997	0.9322531767892392
0.0	49.0	0.31910335965231335	0.8284869600388557	1.0000000000000002	0.9055352650616602
0.0	49.1	0.33308971446396474	0.8093149921337959	1.0000000000000004	0.8934529534994593
0.0	49.2	0.31890837473749034	0.8213853140277232	0.9999999999999999	0.9009722747850781
0.0	49.300000000000004	0.2780863684214715	0.8619238250438935	0.9999999999999999	0.9254755458796038
0.0	49.400000000000006	0.21478750345036954	0.9187763641623412	0.9999999999999997	0.9576430652758572
0.0	49.5	0.13753081666286027	0.9710080771599756	1.0000000000000002	0.9853054025401604
0.0	49.6	0.07509322096336878	0.996806215865369	0.9999999999999988	0.998401132961766
0.0	49.7	0.10924661549793076	0.9855325288503071	0.9999999999999996	0.9927215564087942
0.0	49.800000000000004	0.19130165730977203	0.9435082682775101	1.0	0.9709739357555052
0.0	49.900000000000006	0.2671782084383148	0.8888446151784823	1.0	0.9411807203559185
0.0	50.0	0.32209171459102287	0.8411832173036884	1.0	0.9135720419845111
0.0	50.1	0.3487431427954264	0.8145477211915441	0.9999999999999998	0.8973247657636244
0.0	50.2	0.3439675747482062	0.8157134466156547	1.0000000000000002	0.8979550651119055
0.0	50.300000000000004	0.3083441355369225	0.8449586011904248	0.9999999999999996	0.9156434807825411
0.0	50.400000000000006	0.2457807283834573	0.8954885017565781	0.9999999999999997	0.9447836272977655
0.0	50.5	0.1628949282991868	0.9517696516595128	1.0000000000000002	0.9752873300964805
0.0	50.6	0.06957010143233391	0.9917717209648034	1.0000000000000002	0.9958695440448991
0.0	50.7	0.046106714343374704	0.996901510700094	0.9999999999999999	0.9984485587368933
0.0	50.800000000000004	0.13708915650284847	0.9641040131135866	0.9999999999999998	0.9817204100049589
0.0	50.900000000000006	0.22150963724348954	0.9085299885123734	1.0	0.9519740767241568
0.0	51.0	0.28782804407532364	0.8535514372362932	0.9999999999999993	0.9205477135517086
0.0	51.1	0.3297369616672361	0.8181189473438056	0.9999999999999997	0.8991284862252817
0.0	51.2	0.34302636677632287	0.8115013666237302	1.0	0.8951683591870552
0.0	51.300000000000004	0.32609952989989244	0.8343893903067815	0.9999999999999993	0.9094146204081212
0.0	51.400000000000006	0.2807550508994249	0.880083198325792	1.0000000000000002	0.9362609098983824
0.0	51.5	0.2132130556015173	0.9345200903814671	0.9999999999999997	0.9662317396771147
0.0	51.6	0.13768239787172787	0.97870395760479	1.0000000000000004	0.9892580374189563
0.0	51.7	0.09620433863899079	0.9953251021251507	1.0	0.9976574630181804
0.0	51.800000000000004	0.13982497004742248	0.9769017257979852	1.0000000000000004	0.9883381749828432
0.0	51.900000000000006	0.21275268388687546	0.9303550583534357	0.9999999999999996	0.9639785179651245
0.0	52.0	0.2761162534374838	0.8740975916184431	1.0000000000000007	0.9327048914676407
0.0	52.1	0.31768353279248307	0.8288901435788294	0.9999999999999996	0.905759907893961
0.0	52.2	0.33250491457563897	0.8093034414532491	0.9999999999999997	0.8934289254895887
0.0	52.300000000000004	0.3192705073433998	0.8210160021908882	0.9999999999999996	0.900742812073944
0.0	52.400000000000006	0.2793937358542764	0.861266928925566	0.9999999999999996	0.9250998848750451
0.0	52.5	0.21697114189015468	0.9179450747273259	0.9999999999999993	0.9571964480446785
0.0	52.6	0.14060529946921688	0.9702336744808097	0.9999999999999991	0.9849087220611576
0.0	52.7	0.07882237855908798	0.9964349706891925	1.0	0.9982150332049315
0.0	52.800000000000004	0.11036653224660979	0.9858255854649138	1.0000000000000004	0.9928705524008047
0.0	52.900000000000006	0.19122595517099608	0.944393369166632	0.9999999999999996	0.9714457271931257
0.0	53.0	0.2667651630429401	0.8899162798486505	0.9999999999999998	0.9417913410692443
0.0	53.1	0.32157537399696273	0.841968459951795	1.0	0.914046503910273
0.0	53.2	0.3482268420834955	0.814761130037579	1.0	0.897448898084559
0.0	53.300000000000004	0.3435433234942965	0.815326387575663	1.0	0.8976932401618095
0.0	53.400000000000006	0.30810133439214593	0.8441546164890653	1.0	0.9151426926274424
0.0	53.5	0.2457529948066702	0.8945931382752648	0.9999999999999998	0.944271549879564
0.0	53.6	0.16294130534032586	0.9511255832518187	1.0000000000000004	0.9749461931897001
0.0	53.7	0.06880437779342666	0.9915784479661375	0.9999999999999996	0.9957718838038591
0.0	53.800000000000004	0.04264494289000485	0.9971593507864748	0.9999999999999998	0.9985777828735821
0.0	53.900000000000006	0.13548531148757595	0.9646947580608722	0.9999999999999998	0.9820261450304048
0.0	54.0	0.2206912045186909	0.90928987331519	1.0	0.9523951220328483
0.0	54.1	0.28772274167412826	0.8542749056729533	0.9999999999999999	0.9209881878604959
0.0	54.2	0.3302763941968983	0.8185758536130278	0.9999999999999997	0.8994390926047507
0.0	54.300000000000004	0.34406686057302444	0.8114927216127459	1.0	0.8951912005190332
0.0	54.400000000000006	0.32744720174480085	0.8338180667640231	0.9999999999999993	0.909084221558783
0.0	54.5	0.2821994328433197	0.8790610834661311	1.0000000000000002	0.9356819898736615
0.0	54.6	0.2145021230147345	0.9334392810918509	1.0000000000000007	0.965653606276665
0.0	54.7	0.13827083010070576	0.9780896143713834	0.9999999999999992	0.9889445317148408
0.0	54.800000000000004	0.09468236222084361	0.9954874812873886	1.0000000000000007	0.997738988230018
0.0	54.900000000000006	0.13717641112165857	0.977707664516307	0.9999999999999998	0.9887488634550272
0.0	55.0	0.21025446290958016	0.9313635005023996	1.000000000000001	0.9645147082467636
0.0	55.1	0.2740626763259123	0.8748986166384082	1.0	0.933151066266994
0.0	55.2	0.3163024760713454	0.829298030985072	0.9999999999999997	0.9059884353994152
0.0	55.300000000000004	0.3319869332427108	0.8093068067978797	1.0000000000000002	0.8934167095139376
0.0	55.400000000000006	0.3197115399004429	0.8206612186370298	1.0	0.9005247161232542
0.0	55.5	0.2807734228861902	0.8606126320523046	1.0	0.9247268107964064
0.0	55.6	0.21920115883947358	0.9170998997291853	0.9999999999999998	0.9567422600436875
0.0	55.7	0.14366537729101028	0.9694377324782015	0.9999999999999999	0.9845007260014488
0.0	55.800000000000004	0.08239177916429824	0.9960505584050796	1.0000000000000002	0.9980222805173636
0.0	55.900000000000006	0.11142096834598302	0.9861214790833502	0.9999999999999997	0.9930208666875747
0.0	56.0	0.19107564600717084	0.9452902553265085	1.0	0.9719229462879133
0.0	56.1	0.2662653580003483	0.8909965085759334	0.9999999999999997	0.9424050091702509
0.0	56.2	0.3209693748832422	0.8427545148052353	0.9999999999999998	0.9145191552224412
0.0	56.300000000000004	0.3476312984426753	0.8149735683517719	0.9999999999999996	0.8975702029579478
0.0	56.400000000000006	0.34306463928380304	0.8149454216154887	0.9999999999999994	0.8974334177938489
0.0	56.5	0.30784131833129563	0.843365803490228	1.0000000000000004	0.9146498940248169
0.0	56.6	0.24575631987931693	0.8937131600905031	0.9999999999999993	0.9437676956764679
0.0	56.7	0.163090014881033	0.9504828953625754	0.9999999999999996	0.9746057153089803
0.0	56.800000000000004	0.06834580218146676	0.9913667300592442	0.9999999999999998	0.9956649284562418
0.0	56.900000000000006	0.03948191702960732	0.9973904895146972	1.0	0.9986936103130503
0.0	57.0	0.13404285788476622	0.9652699443021827	0.9999999999999998	0.9823238844743165
0.0	57.1	0.2199685089962266	0.9100539264986763	0.9999999999999996	0.9528188455789155
0.0	57.2	0.28766742706395243	0.8550146979775387	0.9999999999999997	0.9214389155937445
0.0	57.300000000000004	0.3308216450091167	0.8190477103560163	1.0000000000000002	0.8997591632484562
0.0	57.400000000000006	0.345070891667668	0.8114891414466254	1.0000000000000002	0.8952164402227147
0.0	57.5	0.32872298231768965	0.8332429134959014	0.9999999999999997	0.90874990705181
0.0	57.6	0.2835466626486813	0.8780347403862213	1.0000000000000002	0.9350988816710516
0.0	57.7	0.21567709722623532	0.9323614075761182	1.0	0.965075869301562
0.0	57.800000000000004	0.1387299814820207	0.9774832233012412	1.0	0.9886347719566497
0.0	57.900000000000006	0.0930022872986103	0.9956522726733332	1.0	0.997821727843566
0.0	58.0	0.134418336284589	0.9785036735355129	1.0000000000000004	0.9891541608212711
0.0	58.1	0.20771777243582742	0.9323559177216798	1.0	0.9650416546164525
0.0	58.2	0.27201857616014335	0.8756908845806856	0.9999999999999996	0.9335919871913885
0.0	58.300000000000004	0.31496804272191836	0.8297113319745277	1.0000000000000004	0.9062214511422519
0.0	58.400000000000006	0.3315404577024815	0.8093253786008181	0.9999999999999998	0.8934166226019983
0.0	58.5	0.32023193649758863	0.8203204805615004	0.9999999999999996	0.9003177018353723
0.0	58.6	0.28222126201059217	0.8599600199293891	1.0	0.9243557189214431
0.0	58.7	0.22146872683890573	0.9162403936183459	1.0000000000000002	0.9562801870411972
0.0	58.800000000000004	0.14669821210761988	0.9686209462646079	0.9999999999999998	0.9840817343614255
0.0	58.900000000000006	0.08579641770282449	0.9956543646676551	1.0000000000000002	0.9978235649515095
0.0	59.0	0.11239284512330372	0.9864210641318214	1.0000000000000002	0.9931729284960731
0.0	59.1	0.19084057395016177	0.9461985418073521	0.9999999999999999	0.9724053599891113
0.0	59.2	0.26567338069527446	0.8920841259852763	0.9999999999999998	0.943021040776157
0.0	59.300000000000004	0.32027229667167045	0.8435404869883285	0.9999999999999997	0.9149894873779432
0.0	59.400000000000006	0.34695877104247835	0.8151850941865761	0.9999999999999997	0.8976887997471575
0.0	59.5	0.3425369699392728	0.8145712874647728	1.0000000000000004	0.8971762106038484
0.0	59.6	0.30757195318657515	0.8425927157535207	0.9999999999999996	0.9141656086896213
0.0	59.7	0.24580024850856325	0.8928482372941438	0.9999999999999996	0.9432720135264944
0.0	59.800000000000004	0.1633524569801214	0.9498404273156886	1.0000000000000004	0.9742653259990036
0.0	59.900000000000006	0.06822059312211742	0.9911354819093251	0.9999999999999993	0.9955481314362521
0.0	60.0	0.03671639500873387	0.9975949066099123	1.0	0.9987960376182687
0.0	60.1	0.13276762216473334	0.9658305987421297	1.0	0.982614164908088
0.0	60.2	0.21933868693879394	0.9108232499345773	1.0	0.9532457970014631
0.0	60.300000000000004	0.2876558447173645	0.8557711538597367	1.0000000000000004	0.9218999172293327
0.0	60.400000000000006	0.3313651229996809	0.819534058881779	0.9999999999999996	0.9000881597038874
0.0	60.5	0.3460312017155703	0.8114900337254567	0.9999999999999999	0.8952434991260949
0.0	60.6	0.3299213215616557	0.8326640648180165	1.0	0.9084116307920462
0.0	60.7	0.28479388078975637	0.8770052787200803	0.9999999999999998	0.9345121502593237
0.0	60.800000000000004	0.21673861561683572	0.9312877704613095	0.9999999999999996	0.9644992047399329
0.0	60.900000000000006	0.1390648989844448	0.9768851364843322	0.9999999999999993	0.9883289351138068
0.0	61.0	0.09116820815365591	0.9958185370358317	1.0000000000000004	0.997905207510944
0.0	61.1	0.13155730333412097	0.9792883553396362	1.0	0.9895533768541891
0.0	61.2	0.20515231566486292	0.9333316268614698	0.9999999999999998	0.9655590625129888
0.0	61.300000000000004	0.26999338090280683	0.8764747555245258	0.9999999999999996	0.9340279841678846
0.0	61.400000000000006	0.3136876431665873	0.8301307699861366	1.0000000000000002	0.9064595552069142
0.0	61.5	0.3311694752217484	0.8093594134902398	1.0000000000000009	0.8934289358722903
0.0	61.6	0.3208314074070261	0.8199932761744312	1.0	0.9001214406567453
0.0	61.7	0.28373253787063785	0.8593082040484834	0.9999999999999999	0.9239860057079314
0.0	61.800000000000004	0.22376499914030099	0.915366203985923	0.9999999999999996	0.9558099610166051
0.0	61.900000000000006	0.14969201993915596	0.9677841071138651	1.0	0.9836521161825161
0.0	62.0	0.08903195011369121	0.9952477864332192	1.0	0.9976195828454174
0.0	62.1	0.11326658562609679	0.9867251095801156	1.0000000000000002	0.9933271247803288
0.0	62.2	0.19051130060565397	0.9471177352137568	1.0000000000000002	0.9728926838234121
0.0	62.300000000000004	0.26498444237200935	0.8931779107228497	0.9999999999999998	0.9436387385732043
0.0	62.400000000000006	0.31948328375926976	0.8443255192169818	1.0000000000000009	0.9154570274389894
0.0	62.5	0.34621197003208387	0.8153958229266973	1.0	0.8978048572700542
0.0	62.6	0.3419660191605901	0.8142047205922834	0.9999999999999991	0.8969222455598924
0.0	62.7	0.30730106814050256	0.8418358296408772	0.9999999999999993	0.9136903240589668
0.0	62.800000000000004	0.2458938569617733	0.8919979469353008	1.0000000000000004	0.9427843994700612
0.0	62.900000000000006	0.16373871959955746	0.9491969894413207	1.0	0.9739244363922595
0.0	63.0	0.06844774703294038	0.9908836884773153	1.0000000000000002	0.9954209803974158
0.0	63.1	0.03446151648516036	0.9977726953348505	0.9999999999999998	0.9988851171730772
0.0	63.2	0.13166367362042988	0.9663778084352154	1.0000000000000002	0.9828975499322654
0.0	63.300000000000004	0.2187980628280858	0.9115989159908431	1.0000000000000004	0.9536765008341874
0.0	63.400000000000006	0.28768145763399683	0.8565445361787711	0.9999999999999997	0.9223711610398893
0.0	63.5	0.3318993570613535	0.8200343858386845	0.9999999999999996	0.900425514271702
0.0	63.6	0.3469409633995058	0.811494821933774	1.0000000000000002	0.8952718193167724
0.0	63.7	0.33103730442075124	0.8320817232873069	1.0000000000000007	0.9080693974048337
0.0	63.800000000000004	0.2859389597985836	0.8759738471393691	1.0000000000000004	0.9339223915699085
0.0	63.900000000000006	0.21768804638169317	0.9302196209186511	1.0	0.9639242689273598
0.0	64.0	0.13928132227238502	0.976295597224383	1.000000000000001	0.9880271443621306
0.0	64.10000000000001	0.0891848083818029	0.9959852580050617	0.9999999999999999	0.997988914155693
0.0	64.2	0.12860046308793333	0.980060335703093	1.0	0.9899458339237605
0.0	64.3	0.20256809568024192	0.9342900420899838	1.0000000000000004	0.9660666892019649
0.0	64.4	0.26799635865498367	0.877250668675115	1.0	0.9344594286154032
0.0	64.5	0.3124681560615173	0.830557078599385	0.9999999999999996	0.9067033400922287
0.0	64.60000000000001	0.3308772154355435	0.8094091337858749	1.0	0.8934538727278912
0.0	64.7	0.321508895950279	0.8196790678378478	1.0	0.8999355628937933
0.0	64.8	0.28530202205896327	0.8586563272820656	1.0000000000000004	0.9236170730791611
0.0	64.9	0.22608116396780412	0.9144770742603483	0.9999999999999999	0.9553313623009287
0.0	65.0	0.15263603673637424	0.9669280976868845	1.0	0.9832122873603463
0.0	65.10000000000001	0.09209468865326764	0.9948322227431124	1.0	0.997411032206087
0.0	65.2	0.1140281172308932	0.9870342934591062	0.9999999999999994	0.9934837974552396
0.0	65.3	0.19007917626546553	0.9480472364207433	1.0000000000000004	0.9733845834438477
0.0	65.4	0.2641944218353587	0.8942766038187302	1.0	0.9442573961044619
0.0	65.5	0.3186020680111993	0.8451087979072538	1.0	0.9159213409836086
0.0	65.60000000000001	0.3453940546492474	0.815605925718174	0.9999999999999993	0.8979185925815041
0.0	65.7	0.3413577136486197	0.813846447881961	0.9999999999999998	0.8966721600255401
0.0	65.8	0.3070363924136025	0.8410955426180334	1.0000000000000002	0.9132244884457332
0.0	65.9	0.24604565423924446	0.8911617777287444	1.0000000000000002	0.9423046977926434
0.0	66.0	0.16425740815373507	0.9485513721479041	0.9999999999999998	0.9735824433982455
0.0	66.10000000000001	0.06903784787180028	0.9906104123461217	1.0000000000000009	0.9952830007699437
0.0	66.2	0.03283462988278565	0.9979240616729756	1.0000000000000004	0.9989609567500569
0.0	66.3	0.13073314973875	0.966912712551443	1.0000000000000004	0.9831746261514581
0.0	66.4	0.2183421706812896	0.9123819591775659	1.000000000000001	0.9541114527727095
0.0	66.5	0.2877374993313901	0.8573350271414265	1.0	0.9228525630878439
0.0	66.60000000000001	0.3324170571058472	0.8205481249363704	0.9999999999999992	0.9007706334731603
0.0	66.7	0.3477938288827398	0.8115029494095883	0.9999999999999996	0.8953008677439744
0.0	66.8	0.33206668874825035	0.8314961589138105	0.9999999999999999	0.9077232624453918
0.0	66.9	0.28698053113303085	0.874941625525296	0.9999999999999994	0.9333302289048738
0.0	67.0	0.21852750832135012	0.9291581523327666	0.9999999999999999	0.9633516945155782
0.0	67.10000000000001	0.13938571998339608	0.9757147386731228	1.0000000000000002	0.9877294684936359
0.0	67.2	0.08705741650934523	0.9961513486600307	0.9999999999999998	0.9980722994209271
0.0	67.3	0.1255555823936133	0.9808182722156467	1.0000000000000007	0.9903308712763109
0.0	67.4	0.19997535192875288	0.9352306781425106	1.0000000000000002	0.9665643450988547
0.0	67.5	0.26603652783108744	0.8780191394597486	0.9999999999999999	0.934886730759019
0.0	67.60000000000001	0.31131584540919155	0.8309909978326195	1.0	0.9069533866099356
0.0	67.7	0.3306660980064623	0.8094747269726686	0.9999999999999993	0.8934916073691559
0.0	67.8	0.3222625747578722	0.8193772951745422	1.0000000000000002	0.8997596603693887
0.0	67.9	0.28692400888991154	0.8580035689703194	1.0000000000000002	0.9232483326574812
0.0	68.0	0.2284084987287093	0.9135728454430068	0.9999999999999996	0.9548442211920339
0.0	68.10000000000001	0.15552048454376058	0.9660538865420857	0.9999999999999992	0.9827627080771021
0.0	68.2	0.09498160663847442	0.9944090659330683	1.0000000000000009	0.997198608285328
0.0	68.3	0.11466484285427152	0.9873491981624877	0.9999999999999998	0.9936432410007208
0.0	68.4	0.1895363965410269	0.9489863439345552	0.9999999999999998	0.9738806764395954
0.0	68.5	0.2632999104440282	0.895378917272765	1.0000000000000007	0.9448763020875314
0.0	68.60000000000001	0.3176289881012869	0.8458895588294768	0.9999999999999993	0.9163820347450766
0.0	68.7	0.3445086284445515	0.8158156274417565	1.0000000000000002	0.8980302694278549
0.0	68.8	0.3407181746652349	0.8134971825269448	0.9999999999999998	0.8964265976882283
0.0	68.9	0.3067854978368194	0.8403721722625273	0.9999999999999993	0.9127685084424924
0.0	69.0	0.2462634941330669	0.8903391353128884	0.9999999999999993	0.9418327023874544
0.0	69.10000000000001	0.16491550586450626	0.9479023549566731	1.0	0.9732387339175188
0.0	69.2	0.0699924970573515	0.9903148005144897	1.0000000000000004	0.9951337590718603
0.0	69.3	0.03193757074744186	0.9980493228221616	0.9999999999999994	0.9990237187593299
0.0	69.4	0.12997612861936092	0.9674364939512973	1.0000000000000004	0.9834459990011811
0.0	69.5	0.2179657800867984	0.9131733677796527	1.0000000000000002	0.954551116035008
0.0	69.60000000000001	0.2878170218922294	0.8581427248713495	0.9999999999999993	0.9233439874660939
0.0	69.7	0.33291115925816667	0.8210746592786257	1.0000000000000004	0.9011229017284799
0.0	69.8	0.3485839726848648	0.8115138833693353	1.0000000000000004	0.8953301396729347
0.0	69.9	0.3330059350648501	0.8309077078475385	0.9999999999999996	0.9073733322783726
0.0	70.0	0.28791800430636477	0.8739098168201654	1.0000000000000002	0.9327363091605376
0.0	70.10000000000001	0.21925988969280658	0.9281044922218381	1.0000000000000004	0.9627820865194129
0.0	70.2	0.13938532750345134	0.9751425831909689	0.9999999999999998	0.9874359216764333
0.0	70.3	0.08479208531491553	0.996315658612748	0.9999999999999996	0.9981547833678294
0.0	70.4	0.12243107133933771	0.9815608625480462	1.0	0.9907078491742987
0.0	70.5	0.19738449650172968	0.9361531528043423	1.0	0.9670518946826896
0.0	70.60000000000001	0.2641225622755652	0.8787807562382847	1.0	0.9353103367240425
0.0	70.7	0.3102362843754581	0.8314332704102144	1.0000000000000004	0.9072102598938865
0.0	70.8	0.33053769507064196	0.8095563449982313	0.9999999999999994	0.8935422635216788
0.0	70.9	0.32308985125509004	0.8190873780255109	0.9999999999999993	0.8995932892624485
0.0	71.0	0.2885923549784128	0.8573491498138195	1.0	0.9228792099493304
0.0	71.10000000000001	0.23073840718603095	0.9126534574391657	1.0000000000000007	0.9543484193431049
0.0	71.2	0.15833652089039882	0.9651625221054737	0.9999999999999994	0.9823038799449932
0.0	71.3	0.09769032740919066	0.9939796926351995	1.0000000000000004	0.9969829990306869
0.0	71.4	0.11516560715591315	0.9876703063446327	1.0000000000000002	0.9938057003454271
0.0	71.5	0.1888760463093148	0.9499342580931105	1.0000000000000004	0.9743805345190772
0.0	71.60000000000001	0.2622982517071055	0.8964835428871066	0.9999999999999996	0.9454947447847206
0.0	71.7	0.31656501025060074	0.8466670922935686	1.0	0.916838758967534
0.0	71.8	0.3435597356607907	0.8160252043036692	0.9999999999999998	0.8981401963907567
0.0	71.9	0.34005368471871356	0.8131576192477965	1.0000000000000002	0.8961862044421796
0.0	72.0	0.3065557375006846	0.8396659560119796	1.0000000000000007	0.9123227466139696
0.0	72.10000000000001	0.24655448817292427	0.8895293480808835	1.0000000000000007	0.941368158474694
0.0	72.2	0.16571825968165457	0.9472487155228618	0.9999999999999996	0.9728926891025509
0.0	72.3	0.0713044565482023	0.9899960905997877	1.0000000000000007	0.9949728659468213
0.0	72.4	0.03183101946308957	0.9981489049818494	1.0000000000000007	0.9990736191690742
0.0	72.5	0.12939054204564343	0.9679503704305727	1.0000000000000007	0.9837122884557428
0.0	72.60000000000001	0.2176629288292775	0.9139740757044713	0.9999999999999996	0.9549959179332419
0.0	72.7	0.2879129402898879	0.8589676405890594	1.0	0.9238452468881531
0.0	72.8	0.33337487044766584	0.8216133243003056	1.0	0.9014816851949642
0.0	72.9	0.3493061237455111	0.8115271189395931	0.9999999999999993	0.8953591619652697
0.0	73.0	0.33385222837424033	0.8303167704522357	0.9999999999999996	0.9070197635583164
0.0	73.10000000000001	0.28875158337072143	0.8728796386979919	1.0000000000000007	0.9321412989175446
0.0	73.2	0.21988886253529072	0.9270596948799765	1.0	0.9622160186857953
0.0	73.3	0.1392881845957619	0.974579042422322	1.0000000000000004	0.9871464635516932
0.0	73.4	0.08239570369964107	0.9964769814631762	0.9999999999999998	0.9982357583459802
0.0	73.5	0.11923602110553878	0.9822868526231259	1.0000000000000004	0.9910761529758289
0.0	73.60000000000001	0.19480604975843996	0.9370571888184603	0.9999999999999999	0.9675292570936107
0.0	73.7	0.26226270377295074	0.8795361765104434	1.000000000000001	0.9357307253326224
0.0	73.8	0.3092342854415582	0.831884637912921	1.0	0.9074745055068723
0.0	73.9	0.3304927059392954	0.8096541035609288	1.0000000000000007	0.8936059135506295
0.0	74.0	0.32398738281809325	0.8188087193184388	1.0000000000000002	0.8994359731687487
0.0	74.10000000000001	0.2903005233637073	0.8566923365309365	0.9999999999999998	0.92250914843672
0.0	74.2	0.2330624618869137	0.9117189497775297	1.0000000000000004	0.9538438908009055
0.0	74.3	0.16107619154708885	0.9642551261315856	1.0000000000000002	0.9818363428736725
0.0	74.4	0.10021911417488295	0.9935454550467722	0.9999999999999993	0.9967648806519372
0.0	74.5	0.11552064695580039	0.98799799760923	0.9999999999999996	0.9939713691311037
0.0	74.60000000000001	0.1880921416264305	0.9508900859183699	1.0000000000000002	0.9748836859695229
0.0	74.7	0.26118757141676524	0.8975891611689241	1.0	0.9461120163462682
0.0	74.8	0.31541174425797475	0.8474407479352289	0.9999999999999998	0.9172912095405656
0.0	74.9	0.34255185160667834	0.8162349811745034	0.9999999999999998	0.8982487247888185
0.0	75.0	0.3393706543270134	0.8128284298882451	1.0000000000000004	0.8959516242461228
0.0	75.10000000000001	0.30635419190440266	0.8389770515857966	0.9999999999999998	0.9118875194487093
0.0	75.2	0.24692493461887025	0.8887316735566851	0.9999999999999996	0.9409107646744915
0.0	75.3	0.16666910832737022	0.9465892387708866	0.9999999999999998	0.9725436887401253
0.0	75.4	0.07295850083516311	0.9896536163368599	0.9999999999999994	0.9947999788739108
0.0	75.5	0.03251495397918567	0.9982233403146854	1.0	0.9991109260367453
0.0	75.60000000000001	0.12897215154592506	0.9684555857382021	1.0000000000000002	0.9839741246661
0.0	75.7	0.21742696852257934	0.91478495464297	1.0	0.95544624669141
0.0	75.8	0.2880180810864246	0.8598096964808651	0.9999999999999996	0.9243561036352684
0.0	75.9	0.33380170421110406	0.8221634113068125	1.0	0.9018463357265846
0.0	76.0	0.3499555911876789	0.8115421831313276	1.0000000000000004	0.8953874961382627
0.0	76.10000000000001	0.3346034956085175	0.8297238089259757	1.0000000000000002	0.9066627624465344
0.0	76.2	0.28948227496876033	0.8718523150520681	1.0	0.9315458804015633
0.0	76.3	0.22041888940427867	0.9260247343194257	1.0000000000000004	0.9616540299413058
0.0	76.4	0.13910317068764935	0.9740239182115565	1.0000000000000004	0.9868609997277936
0.0	76.5	0.07987613432219046	0.99663406281054	0.9999999999999996	0.9983145931251574
0.0	76.60000000000001	0.11598025786374845	0.9829950443919626	0.9999999999999998	0.9914351969977585
0.0	76.7	0.1922505646453037	0.9379426150501453	0.9999999999999997	0.9679964063278284
0.0	76.80000000000001	0.2604646727443895	0.8802861227341519	0.9999999999999998	0.9361484046936874
0.0	76.9	0.30831383915163346	0.8323458368443812	0.9999999999999996	0.9077466456889187
0.0	77.0	0.3305309372362594	0.8097680813263031	1.0	0.8936825779044757
0.0	77.10000000000001	0.324951102902402	0.818540707877069	0.9999999999999998	0.8992872063640235
0.0	77.2	0.2920416298505478	0.856032446282505	0.9999999999999996	0.9221376135522407
0.0	77.30000000000001	0.2353724337665374	0.9107694617579498	1.0000000000000002	0.953330622711635
0.0	77.4	0.1637323829559461	0.9633328866892559	1.0000000000000007	0.9813606716798546
0.0	77.5	0.10256685508609037	0.9931076723252833	1.0000000000000002	0.9965449132347808
0.0	77.60000000000001	0.11572152965435052	0.9883325458801131	1.0	0.9941403883062554
0.0	77.7	0.18717965313059734	0.9518528466872459	0.9999999999999992	0.9753896184379917
0.0	77.80000000000001	0.25996681049946113	0.8986944502956157	0.9999999999999998	0.946727417135014
0.0	77.9	0.31417145434779276	0.848209938873593	1.0000000000000004	0.9177391297571524
0.0	78.0	0.3414898753715217	0.8164453285969895	1.0000000000000002	0.8983562462606623
0.0	78.10000000000001	0.3386755897892127	0.8125102594235822	1.0000000000000004	0.8957234949976682
0.0	78.2	0.3061876127742536	0.8383055380639522	0.9999999999999996	0.9114630956182294
0.0	78.30000000000001	0.24738025108670242	0.8879453051232227	1.0	0.9404601753636233
0.0	78.4	0.16776964513710968	0.9459227257542463	1.0	0.9721911155556909
0.0	78.5	0.07493274891270182	0.9892868124164926	1.0	0.9946148045719115
0.0	78.60000000000001	0.03392765926357448	0.9982732632641534	0.9999999999999998	0.9991359577396723
0.0	78.7	0.12871457532108901	0.9689534003683115	0.9999999999999997	0.9842321435215915
0.0	78.80000000000001	0.21725061484350397	0.9156068065327861	1.0000000000000004	0.9559024484849661
0.0	78.9	0.2881252203563157	0.8606687242301203	0.9999999999999993	0.9248762708120235
0.0	79.0	0.3341855108736517	0.8227241715773387	1.0	0.9022161949365675
0.0	79.10000000000001	0.35052828340905584	0.8115586386755583	0.9999999999999996	0.8954147411896015
0.0	79.2	0.3352584133802628	0.8291293442969573	1.0000000000000002	0.9063025834348798
0.0	79.30000000000001	0.29011188890716816	0.8708290674708054	0.9999999999999997	0.9309507473792826
0.0	79.4	0.22085522781256148	0.9250004980373768	0.9999999999999994	0.9610966211973863
0.0	79.5	0.13884002684809055	0.9734769041719187	1.0000000000000004	0.9865793825705583
0.0	79.60000000000001	0.07724238553564049	0.9967856084895529	1.0	0.9983906371157798
0.0	79.7	0.11267440399247992	0.9836843034487284	1.0000000000000004	0.9917844282784469
0.0	79.80000000000001	0.18972855354528806	0.938809367079949	1.0	0.9684533711165344
0.0	79.9	0.25873558397209473	0.8810313777471915	0.9999999999999998	0.9365639085837374
0.0	80.0	0.307478064856392	0.832817594572034	1.0	0.9080271757447222
0.0	80.10000000000001	0.33065130007842014	0.8098983190803613	1.0000000000000002	0.8937722249102886
0.0	80.2	0.32597625521204543	0.8182827211841961	0.9999999999999998	0.8991464572572518
0.0	80.30000000000001	0.29380849422688066	0.8553688508351232	1.0000000000000004	0.921764096496471
0.0	80.4	0.2376603250454101	0.909805232034638	0.9999999999999994	0.9528086556933815
0.0	80.5	0.1662987758884173	0.9623970507434304	1.0	0.9808774724757174
0.0	80.60000000000001	0.10473305362669216	0.9926676222575123	1.0000000000000002	0.9963237364792391
0.0	80.7	0.11576109807341584	0.9886741175441299	1.0	0.9943128450989763
0.0	80.80000000000001	0.1861345304657359	0.9528214780788216	1.0	0.9758977819639744
0.0	80.9	0.2586357470081175	0.8997980950277173	1.0	0.9473402599870888
0.0	81.0	0.3128470690137507	0.848974145473418	1.0	0.9181823118549995
0.0	81.10000000000001	0.34037911720620606	0.8166566596305173	1.0	0.8984631901085323
0.0	81.2	0.33797506006255434	0.8122037223799148	0.9999999999999996	0.8955024443952937
0.0	81.30000000000001	0.3060623737391337	0.8376514176138409	1.0000000000000004	0.9110496945548375
0.0	81.4	0.2479249253761113	0.8871693791472349	1.0000000000000007	0.940016003356113
0.0	81.5	0.1690196226826229	0.945248002415352	1.0	0.9718343595374054
0.0	81.60000000000001	0.07720028817105183	0.9888952185912118	0.9999999999999997	0.9944171010625137
0.0	81.7	0.03596414539789668	0.9982994061456343	0.9999999999999991	0.9991490808609822
0.0	81.80000000000001	0.1286093751728452	0.9694450822469224	1.0	0.98448698219208
0.0	81.9	0.21712600382524172	0.9164403564715584	1.0	0.9563648247621289
0.0	82.0	0.288227127103318	0.8615444642949968	0.9999999999999999	0.9254054139230757
0.0	82.10000000000001	0.33452050372017683	0.8232948210233649	1.0000000000000004	0.902590598337001
0.0	82.2	0.3510207186158167	0.8115760876939955	0.9999999999999998	0.8954405361833007
0.0	82.30000000000001	0.33581640789316	0.8285339529138859	1.0	0.9059395278690667
0.0	82.4	0.2906430346665851	0.8698111066377686	1.0	0.930356600941755
0.0	82.5	0.2212039254048931	0.9239877813307291	0.9999999999999997	0.9605442523483813
0.0	82.60000000000001	0.1385093835361703	0.9729375881000561	1.0	0.9863014123855427
0.0	82.7	0.07450485826520342	0.9969302931400229	0.9999999999999998	0.9984632247305304
0.0	82.80000000000001	0.10932996736551907	0.9843535661289803	1.0	0.9921233300582774
0.0	82.9	0.18725041205212606	0.9396574870360587	0.9999999999999998	0.968900234393512
0.0	83.0	0.25708187058467924	0.8817727797652211	1.0	0.9369777926348609
0.0	83.10000000000001	0.30672917096271923	0.8333006251711732	1.0	0.908316560634362
0.0	83.2	0.33085181886881143	0.8100448187781498	0.9999999999999996	0.8938747708701793
0.0	83.30000000000001	0.3270574368768941	0.8180341280446112	1.0000000000000002	0.8990131719372988
0.0	83.4	0.29559369095339355	0.8547009804816655	0.9999999999999998	0.9213881178906854
0.0	83.5	0.23991839484890418	0.9088265976004414	1.0000000000000007	0.9522780838595135
0.0	83.60000000000001	0.1687698023360774	0.9614489163097216	1.0000000000000004	0.9803873788260244
0.0	83.7	0.10671780406724189	0.9922265331466235	0.9999999999999998	0.9961019655379358
0.0	83.80000000000001	0.11563339611513634	0.9890227702861593	1.0	0.9944887723324366
0.0	83.9	0.18495371337298078	0.9537948429266149	1.0000000000000002	0.9764075922875615
0.0	84.0	0.25719501255961935	0.9008987954975458	0.9999999999999999	0.9479498743738655
0.0	84.10000000000001	0.3114421841105302	0.8497329184153841	0.9999999999999998	0.9186205981406035
0.0	84.2	0.33922528349016745	0.8168694265690205	1.0000000000000009	0.8985700204399849
0.0	84.30000000000001	0.3372756621688389	0.8119093997831306	0.9999999999999996	0.8952890859282353
0.0	84.4	0.30598442602934645	0.8370146176865488	0.9999999999999994	0.9106474852729152
0.0	84.5	0.24856247737500176	0.8864029823606513	0.9999999999999998	0.9395778228419039
0.0	84.60000000000001	0.1704169990425516	0.9445639281462492	0.9999999999999999	0.9714728222318361
0.0	84.7	0.07973083951632429	0.9884784830224764	1.0000000000000004	0.9942066793792383
0.0	84.80000000000001	0.03850206644891173	0.9983025940725719	1.0000000000000009	0.9991507077585315
0.0	84.9	0.1286461942941488	0.9699318973679932	1.0	0.9847392746712947
0.0	85.0	0.21704475732598538	0.9172862461045107	0.9999999999999996	0.9568336298409132
0.0	85.10000000000001	0.2883166026029851	0.8624365659509166	0.9999999999999992	0.92594315275351
0.0	85.2	0.3348012807500926	0.8238745453591907	0.9999999999999998	0.9029688795299341
0.0	85.30000000000001	0.3514300318301201	0.8115941751358966	0.9999999999999998	0.8954645625730513
0.0	85.4	0.3362776500065526	0.8279382624196552	0.9999999999999997	0.9055739421523838
0.0	85.5	0.2910791082943553	0.8687996238718511	1.0000000000000007	0.9297641452806371
0.0	85.60000000000001	0.2214718074258606	0.9229872823943833	0.9999999999999994	0.9599973395849476
0.0	85.7	0.13812276302830503	0.9724054550999649	1.0	0.9860268389190192
0.0	85.80000000000001	0.07167562040984864	0.9970667691051948	1.0	0.9985316798816005
0.0	85.9	0.1059594314588802	0.9850018463660533	1.0	0.9924514251167547
0.0	86.0	0.18482633509222698	0.940487122856976	0.9999999999999998	0.9693371324508377
0.0	86.10000000000001	0.25550921244759617	0.8825112170364985	1.0000000000000002	0.9373906303734276
0.0	86.2	0.3060684281121312	0.8337956251283091	1.0	0.9086152317294715
0.0	86.30000000000001	0.3311296494625602	0.8102075426356395	0.9999999999999998	0.893990080565086
0.0	86.4	0.32818864936423964	0.817794291355832	0.9999999999999998	0.8988867779497466
0.0	86.5	0.2973896048514448	0.8540283276760542	0.9999999999999993	0.9210092312188749
0.0	86.60000000000001	0.24213918675650056	0.9078339922099075	1.0000000000000002	0.9517390545072959
0.0	86.7	0.17114060521873278	0.960489824345596	0.9999999999999999	0.9798910477592483
0.0	86.80000000000001	0.10852178566107248	0.99178557608459	0.9999999999999998	0.995880187041955
0.0	86.9	0.11533360261275896	0.989378452714798	1.0000000000000004	0.9946681481371099
0.0	87.0	0.18363513517952862	0.954771736501675	1.0	0.9769184344003143
0.0	87.10000000000001	0.25564610579576147	0.901995275852247	1.0	0.9485556104726626
0.0	87.2	0.30996106166534587	0.8504858813180922	0.9999999999999998	0.9190538818491842
0.0	87.30000000000001	0.33803445771280216	0.8170841174919843	0.9999999999999996	0.898677233016155
0.0	87.4	0.3365839865144215	0.8116278365277223	0.9999999999999994	0.8950840148908553
0.0	87.5	0.30595925470242924	0.8363949938634045	1.0000000000000004	0.9102565856164446
0.0	87.60000000000001	0.24929543407804688	0.8856451594412759	1.0	0.939145172590912
0.0	87.7	0.17195801503745123	0.9438694039652071	0.9999999999999996	0.971105920914681
0.0	87.80000000000001	0.08249227003287127	0.9880363648691115	1.0	0.9939834049211363
0.0	87.9	0.041422497914065735	0.9982837392517421	1.0000000000000002	0.9991412938303288
0.0	88.0	0.1288129345900211	0.9704151004549838	0.9999999999999998	0.9849896473533889
0.0	88.10000000000001	0.21699804886986923	0.9181450275917741	0.9999999999999993	0.9573090688197725
0.0	88.2	0.2883865162070807	0.8633445881099616	1.0000000000000002	0.9264890635339302
0.0	88.30000000000001	0.33502283929576954	0.8244625057222237	1.0000000000000002	0.9033503744137207
0.0	88.4	0.3517539748667667	0.8116125919197186	0.9999999999999996	0.8954865462499116
0.0	88.5	0.33664304334324185	0.827342947222561	1.0	0.9052062156353197
0.0	88.60000000000001	0.2914242714102845	0.8677957827934801	1.0	0.9291740834240507
0.0	88.7	0.22166645338908328	0.9219995981766042	1.0000000000000002	0.9594562530014421
0.0	88.80000000000001	0.13769257702672735	0.9718798914361003	1.0000000000000002	0.9857553631883931
0.0	88.9	0.0687688012223364	0.9971936753683961	0.9999999999999998	0.9985953204670145
0.0	89.0	0.10257637841122066	0.9856282419317558	1.0000000000000002	0.9927682787780524
0.0	89.10000000000001	0.18246623869776796	0.9412985268588681	1.0000000000000002	0.9697642537256367
0.0	89.2	0.25402247563463753	0.8832476221017954	1.0000000000000004	0.937803009113618
0.0	89.30000000000001	0.3054961550040986	0.8343032689221456	1.0000000000000002	0.908923583796554
0.0	89.4	0.3314811113565454	0.8103864121340857	0.9999999999999998	0.8941179680463174
0.0	89.5	0.32936335558766916	0.8175625707431443	0.9999999999999996	0.8987666880636768
0.0	89.60000000000001	0.29918848610751153	0.853350450362434	1.0000000000000002	0.9206270260341414
0.0	89.7	0.24431555045603	0.9068279442255562	1.0000000000000004	0.9511917674752627
0.0	89.80000000000001	0.17340700487033392	0.9595211503087788	1.0000000000000004	0.9793891556004927
0.0	89.9	0.1101462394378302	0.9913458575280208	1.0	0.9956589552772505
0.0	90.0	0.11485795969416872	0.9897410046760525	0.9999999999999998	0.9948508960119731
0.0	90.10000000000001	0.18217772023442358	0.955750894247904	1.0000000000000004	0.977429666305701
0.0	90.2	0.2539913927510659	0.9030862926126451	0.9999999999999999	0.9491568430730403
0.0	90.30000000000001	0.3084086212999962	0.8512327327494646	0.9999999999999996	0.9194821076309937
0.0	90.4	0.3368130754926487	0.8173012528540451	1.0000000000000002	0.8987853519867057
0.0	90.5	0.33590658064296525	0.8113595392767546	1.0	0.8948878045678176
0.0	90.60000000000001	0.3059918452114184	0.8357923329966889	0.9999999999999998	0.9098770617022723
0.0	90.7	0.2501253234968634	0.8848949207899824	0.9999999999999996	0.93871755940581
0.0	90.80000000000001	0.1736373088494407	0.9431633805595101	1.0000000000000002	0.9707330927720118
0.0	90.9	0.08545187423009797	0.9875687360960805	0.9999999999999996	0.9937471984398782
0.0	91.0	0.044620994488410226	0.9982438346750896	0.9999999999999996	0.9991213344864673
0.0	91.10000000000001	0.12909597583831053	0.9708959257405363	0.9999999999999996	0.985238714683052
0.0	91.2	0.2169766791212464	0.9190171582386046	0.9999999999999997	0.9577912958284166
0.0	91.30000000000001	0.2884298446426234	0.8642680009716802	0.9999999999999993	0.9270426814006014
0.0	91.4	0.33518059400262146	0.8250578446957281	1.0	0.9037344253810655
0.0	91.5	0.3519909114577588	0.811631077760298	1.0	0.8955062593179801
0.0	91.60000000000001	0.33691420455269583	0.8267487235512937	0.9999999999999997	0.9048367782334703
0.0	91.7	0.29168342416067905	0.8668007112593086	1.0000000000000002	0.9285871129974124
0.0	91.80000000000001	0.2217961651059123	0.9210252210645523	1.0000000000000004	0.9589213145309758
0.0	91.9	0.1372320999130032	0.9713601891647002	0.9999999999999994	0.985486639665163
0.0	92.0	0.06580105268690159	0.9973096467872946	1.0	0.9986534629757664
0.0	92.10000000000001	0.09919561627599173	0.9862319403280543	0.9999999999999998	0.9930735017216433
0.0	92.2	0.18017967151136569	0.9420920537044635	1.0	0.9701818372699068
0.0	92.30000000000001	0.2526256591900752	0.8839829657498414	1.0000000000000002	0.9382155257646421
0.0	92.4	0.3050117185459629	0.8348242045291354	1.0000000000000002	0.9092419722184262
0.0	92.5	0.3319017291279358	0.8105813071342484	1.0000000000000007	0.8942581978164298
0.0	92.60000000000001	0.3305745444084735	0.8173383254047185	0.9999999999999996	0.8986523042583914
0.0	92.7	0.30098250808703014	0.8526669750222868	1.0000000000000002	0.9202411309421965
0.0	92.80000000000001	0.24644066676082652	0.9058090738478912	1.0	0.9506364741427525
0.0	92.9	0.17556546592477157	0.9585442955739678	0.9999999999999998	0.9788823937266067
0.0	93.0	0.11159296273473156	0.9909084123763856	1.0	0.9954387886153195
0.0	93.10000000000001	0.11420370688144998	0.9901101582994322	1.0000000000000002	0.9950368852606101
0.0	93.2	0.1805813763268498	0.9567309999482057	1.0000000000000002	0.9779406229838433
0.0	93.30000000000001	0.2522341086010934	0.9041706427680645	0.9999999999999991	0.9497529753404249
0.0	93.4	0.3067904247914601	0.8519732477003228	0.9999999999999994	0.9199052716985988
0.0	93.5	0.33556789594957626	0.8175213819756202	1.0000000000000002	0.8988949263681204
0.0	93.60000000000001	0.33524991266123955	0.8111049747795647	1.0000000000000004	0.8947010025250979
0.0	93.7	0.30608665059534185	0.8352063568433507	1.0000000000000007	0.9095089277954538
0.0	93.80000000000001	0.25105268115577706	0.8841512502367814	1.0	0.9382944617236915
0.0	93.9	0.17544806447526373	0.9424448656562193	1.0000000000000002	0.9703537988042571
0.0	94.0	0.08857735548050273	0.987075582464918	1.0000000000000007	0.9934980366383998
0.0	94.10000000000001	0.04801077734981944	0.9981839472418375	1.0000000000000004	0.9990913618405481
0.0	94.2	0.1294804160838638	0.9713755778829247	0.9999999999999997	0.9854870748814838
0.0	94.30000000000001	0.21697115392854877	0.9199029956951372	1.0000000000000002	0.9582804125483146
0.0	94.4	0.28843970630586485	0.8652061883185586	1.0000000000000004	0.9276035030300812
0.0	94.5	0.33527038482722343	0.8256596926592965	1.0000000000000004	0.9041203854974269
0.0	94.60000000000001	0.3521398133100544	0.8116494235541435	1.0	0.8955235215507524
0.0	94.7	0.3370934399988867	0.8261563440325213	0.9999999999999998	0.9044660977245323
0.0	94.80000000000001	0.29186216441336754	0.8658154935396155	1.0	0.928003921974402
0.0	94.9	0.22186992300695615	0.9200645363542114	1.0000000000000002	0.9583927961829103
0.0	95.0	0.13675542629563892	0.970845551364603	1.0	0.9852202787224134
0.0	95.10000000000001	0.06279216600531669	0.997413323179302	1.0000000000000002	0.9987054269889657
0.0	95.2	0.09583332819057476	0.9868122240019951	1.0	0.9933667524358449
0.0	95.30000000000001	0.17797573501540667	0.9428681576616189	1.0000000000000004	0.9705901708561872
0.0	95.4	0.2513218608527589	0.8847182505706289	1.0	0.938628782524154
0.0	95.5	0.3046135467685766	0.8353590487729624	1.0000000000000002	0.9095707104389582
0.0	95.60000000000001	0.33238628537268544	0.8107920649478807	1.0	0.8944104862796223
0.0	95.7	0.33181479833454997	0.8171209168302878	0.9999999999999999	0.8985430216402629
0.0	95.80000000000001	0.30276382705293525	0.8519775992881746	1.0000000000000002	0.9198512162517889
0.0	95.9	0.24850807064418626	0.9047780898285274	0.9999999999999998	0.9500734761436336
0.0	96.0	0.17761307112807764	0.9575606785659719	0.9999999999999996	0.9783714641746369
0.0	96.10000000000001	0.11286430031319368	0.9904741972929753	0.9999999999999998	0.995220166071547
0.0	96.2	0.11336901758630959	0.9904855397210607	0.9999999999999996	0.9952259317786779
0.0	96.30000000000001	0.17884697828793136	0.9577106942045511	0.9999999999999998	0.978450620506501
0.0	96.4	0.2503783393799727	0.9052471714918214	1.0000000000000002	0.9503434423780047
0.0	96.5	0.3051126555521109	0.8527072784724551	1.0000000000000002	0.9203234215999669
0.0	96.60000000000001	0.3343059662008512	0.8177450795969607	1.0000000000000009	0.8990065264084408
0.0	96.7	0.33462032815645765	0.8108645686827495	1.0000000000000004	0.894524127106723
0.0	96.80000000000001	0.3062475650879995	0.8346367259615697	1.0000000000000002	0.9091521464382756
0.0	96.9	0.25207706719304057	0.8834131129552119	0.9999999999999998	0.9378753334977018
0.0	97.0	0.1773821617727657	0.9417129312588979	0.9999999999999993	0.9699675277380365
0.0	97.10000000000001	0.09183751479142607	0.9865570038264889	0.9999999999999996	0.9932359524401486
0.0	97.2	0.051521582963227744	0.9981052104525029	1.0000000000000002	0.9990519411875849
0.0	97.30000000000001	0.1299503157268384	0.9718552230935878	1.0	0.9857353057794517
0.0	97.4	0.21697175261998577	0.9208027941462603	0.9999999999999994	0.9587764672259803
0.0	97.5	0.2884093963682487	0.8661584508999569	1.0	0.9281709896905174
0.0	97.60000000000001	0.33528848728262367	0.8262671743555866	0.9999999999999996	0.9045076225525177
0.0	97.7	0.3522002424431384	0.8116674734350527	0.9999999999999997	0.895538201586355
0.0	97.80000000000001	0.33718371753119114	0.8255665920786949	0.9999999999999999	0.9040946768846766
0.0	97.9	0.2919667514180052	0.8648411630284992	1.0000000000000002	0.9274251845656251
0.0	98.0	0.22189732547127208	0.9191178206938078	0.9999999999999996	0.9578709186813471
0.0	98.10000000000001	0.13627739326892166	0.9703350981628655	0.9999999999999998	0.9849558494465748
0.0	98.2	0.059765823678738624	0.9975033586453997	0.9999999999999998	0.9987505397731481
0.0	98.30000000000001	0.09250722977343546	0.98736847504613	0.9999999999999996	0.9936477393999426
0.0	98.4	0.17586299287738816	0.9436273893832751	1.0000000000000004	0.9709895888474827
0.0	98.5	0.2501132460034992	0.8854545043355142	0.9999999999999996	0.9390433825917657
0.0	98.60000000000001	0.3042991548308973	0.8359083826769743	1.0000000000000007	0.9099100676968364
0.0	98.7	0.33292887925941067	0.8110184796468917	1.0	0.8945745035864439
0.0	98.80000000000001	0.33307636397271684	0.8169097117870175	0.9999999999999993	0.8984382325358287
0.0	98.9	0.3045246338106352	0.8512820943166581	1.0000000000000004	0.9194569964282471
0.0	99.0	0.25051167016692916	0.9037357854684573	1.0000000000000004	0.949503123680255
0.0	99.10000000000001	0.17954749869816228	0.956571725947448	0.9999999999999996	0.9778570752807473
0.0	99.2	0.11396313068466439	0.9900440848712153	0.9999999999999998	0.9950035242988463
0.0	99.30000000000001	0.11235292051120702	0.9908666715228751	0.9999999999999998	0.9954177992134143
0.0	99.4	0.1769763533357902	0.9586885832826381	0.9999999999999993	0.9789589603320542
0.0	99.5	0.24842901250453583	0.9063147795147245	1.0	0.9509277146112632
0.0	99.60000000000001	0.30338208372615727	0.8534347551584331	0.9999999999999996	0.9207366557095207
0.0	99.7	0.33303457863053065	0.8179729425062261	1.0000000000000004	0.8991207398121192
0.0	99.80000000000001	0.33402401213956767	0.8106387047343281	0.9999999999999999	0.8943576641141682
0.0	99.9	0.30647790664937263	0.834083043863869	0.9999999999999998	0.9088066289405188
0.0	100.0	0.25319710868132467	0.8826794630967614	1.0000000000000009	0.9374596081113662
