time = tau * tau_parallel
rms: rms distance of hole to its origin
IPR: inverse participation ratio, IPR(tau) = sum_i (n_h(i,tau))^2, with hole density n_h(i,tau) at site i at time tau.
return prob: probability of the hole to return to its origin, n_h(0,tau).
leg imbalance: difference between the occupation in the two legs of the ladder (see Eq. (15) in the manuscript).


time, rms, IPR, return prob, leg imbalance
0.2	0.0	0.0	1.0	1.0	1.0
0.2	0.1	0.10200311679130614	0.9795486983680519	0.9992227722550694	0.9896717867929181
0.2	0.2	0.19581086837975084	0.9280524313388026	0.9970308099915677	0.9627000727262575
0.2	0.30000000000000004	0.27362606867541295	0.8680541446271258	0.9938246690583253	0.9293306912793894
0.2	0.4	0.32859721467058967	0.8212074328294481	0.9901987646902494	0.9016673351225575
0.2	0.5	0.3555772852983152	0.8002965723468987	0.9868140231636247	0.888990782997416
0.2	0.6000000000000001	0.352022206419483	0.8091400565855905	0.984234378841152	0.8947912803690586
0.2	0.7000000000000001	0.318880268817654	0.8444773637497218	0.9827914853550112	0.9162451815908029
0.2	0.8	0.26150021039213456	0.8961074291829956	0.9825408481896077	0.9456733085471773
0.2	0.9	0.1916139461947729	0.9472301844912123	0.9833226924857346	0.97309647216346
0.2	1.0	0.13530511963844707	0.9785458256862094	0.9848801198392803	0.989191749814374
0.2	1.1	0.13842026583658934	0.9765220743057049	0.9869614679999513	0.9881687282633179
0.2	1.2000000000000002	0.1942156531449504	0.9413594107895491	0.9893585167208261	0.9699610195219966
0.2	1.3	0.2570567552427539	0.8880155286796768	0.9918842385503363	0.9408394133633492
0.2	1.4000000000000001	0.30553455577614486	0.8381939369027741	0.9943328830986403	0.9116579240973233
0.2	1.5	0.33107617368488657	0.8096533983074918	0.9964641846050549	0.8938436069731223
0.2	1.6	0.3302234181314516	0.8110263436513323	0.9980201003964407	0.894620936096328
0.2	1.7000000000000002	0.3027812622774861	0.8420833141323006	0.9987540585797436	0.9138029006216796
0.2	1.8	0.25175046661411177	0.8937557144307362	0.9984592050705767	0.9438895232637251
0.2	1.9000000000000001	0.18498022317559656	0.9480241755298491	0.9970098762744534	0.9733945387679342
0.2	2.0	0.1234528043181099	0.9832365367424043	0.9944342101096739	0.9915713583904646
0.2	2.1	0.12024330059577738	0.9846146621673812	0.9909958869627049	0.9922663248413415
0.2	2.2	0.18280938435406938	0.9519987431542666	0.9872190111302876	0.9755604703033455
0.2	2.3000000000000003	0.25695316376190697	0.8989046338267798	0.9837999461545663	0.9471905504004751
0.2	2.4000000000000004	0.3170739770688199	0.8448319079500146	0.9814192665816068	0.9164941645332261
0.2	2.5	0.3523531674169895	0.8070023770358515	0.9805379056656953	0.8936280153972128
0.2	2.6	0.3579436178945364	0.7960086630827866	0.9812737375104049	0.8865620322557334
0.2	2.7	0.33320906499633934	0.8153370581830416	0.983403657234393	0.8983715180112618
0.2	2.8000000000000003	0.28097244885885025	0.8612986907568376	0.9864665402296433	0.9256651269271156
0.2	2.9000000000000004	0.2069693218444896	0.9212102461144945	0.989901903868364	0.9591301349045547
0.2	3.0	0.12074002269187276	0.973510487483752	0.9931660992836538	0.9866128669566352
0.2	3.1	0.056425238096629075	0.9957435452976913	0.9958074386776534	0.9978683843859232
0.2	3.2	0.11039449988157192	0.9779797913673279	0.9975164345219559	0.9888795761189745
0.2	3.3000000000000003	0.19654695950899806	0.9296170630043753	0.998164897536423	0.9635264682810387
0.2	3.4000000000000004	0.2717219472225598	0.8724498130010435	0.9978156769353301	0.9317395229860602
0.2	3.5	0.3254630389671099	0.8275125024642633	0.996671369897435	0.9052231894967927
0.2	3.6	0.35179432946579964	0.8073357248822937	0.9949690029992763	0.892971473358261
0.2	3.7	0.34790617673862373	0.815756498172142	0.9928861707157662	0.8984456255355928
0.2	3.8000000000000003	0.3146890020292904	0.8497031671210905	0.9905316493096274	0.9190307893268254
0.2	3.9000000000000004	0.25755901668260106	0.8993147364692305	0.9880265257046056	0.947331709226528
0.2	4.0	0.18851925726475846	0.9481552951368628	0.9856004338835167	0.9735645145522492
0.2	4.1000000000000005	0.134473038771741	0.9771523720707272	0.9836113291120953	0.9884800673945786
0.2	4.2	0.14075678296697403	0.9729435253011123	0.9824596527726385	0.9863384965596538
0.2	4.3	0.19772976274836754	0.9360477888282045	0.9824484210743284	0.9672039281002109
0.2	4.4	0.2608230697645196	0.8818140150376591	0.9836729331988454	0.9375431514158622
0.2	4.5	0.3093998202173113	0.8320893805470235	0.985991600139141	0.9083459076206147
0.2	4.6000000000000005	0.33497137956902895	0.8044369390500454	0.9890683453325532	0.8910044758431851
0.2	4.7	0.33394896591308953	0.8071751103547036	0.9924387267164699	0.8925585702346327
0.2	4.800000000000001	0.30591441031008365	0.8398320623530459	0.9955654365458902	0.9126248389207074
0.2	4.9	0.2535374955741164	0.8932363660369553	0.9978958051661696	0.943624815473251
0.2	5.0	0.18395758003265342	0.9494303268682865	0.9989589400206338	0.9741133369604571
0.2	5.1000000000000005	0.1164260641599735	0.9868187408992725	0.9985042785293222	0.9933780076399843
0.2	5.2	0.10805184780553226	0.990343226581666	0.9966151949024147	0.9951565418643467
0.2	5.300000000000001	0.17298832912526463	0.9591973190921927	0.9937079121269953	0.9792651309122442
0.2	5.4	0.24965916025144827	0.9063334749705636	0.9903891499491037	0.951152448510267
0.2	5.5	0.31184195414737864	0.8511876907324538	0.9872474203818691	0.9200154005493644
0.2	5.6000000000000005	0.3491703757279514	0.8113345869602872	0.9846989708355834	0.8960858427452966
0.2	5.7	0.3571163860671093	0.797763537566501	0.9829580126173911	0.8875519920805544
0.2	5.800000000000001	0.33528950756371506	0.8142136426775197	0.9821022351629415	0.8977280566079762
0.2	5.9	0.28682257633664127	0.8572029176060783	0.9821465139847733	0.9234291221459596
0.2	6.0	0.21819827224157753	0.9144043947164106	0.9830618273890338	0.9555550451032441
0.2	6.1000000000000005	0.141475124517724	0.9648779105673648	0.9847479119953365	0.9822110538657002
0.2	6.2	0.09164772176710058	0.986876076576901	0.9870158769111991	0.9934021623605878
0.2	6.300000000000001	0.12812643496532752	0.9707444130856205	0.9896188137296636	0.9852088535331858
0.2	6.4	0.2033635356771102	0.9253563097705347	0.992307602697726	0.9613393629118614
0.2	6.5	0.2735143577127961	0.8714927553532221	0.9948523198763619	0.9313104892621072
0.2	6.6000000000000005	0.3242716730698572	0.8293550770450193	0.9970025703972457	0.9063546587838991
0.2	6.7	0.34848316333958984	0.8111297399541572	0.9984361682982605	0.8951589176023774
0.2	6.800000000000001	0.34286771690931633	0.8206602619816373	0.9987842775246186	0.9011499541300511
0.2	6.9	0.3080338398361219	0.8550483195251751	0.9977688127020369	0.9218742498844464
0.2	7.0	0.2490851844088573	0.9046604198451145	0.9953817378997045	0.9501126813153427
0.2	7.1000000000000005	0.1775897264077605	0.9531814163041841	0.9919758712614272	0.9761416120019364
0.2	7.2	0.12130145813918015	0.9814602576995123	0.9881867773817679	0.9906666325750912
0.2	7.300000000000001	0.13178729989740315	0.9760166014714792	0.984725941966331	0.9879012393610643
0.2	7.4	0.1946485598840216	0.9374398180028848	0.9821709705364714	0.9679376652467474
0.2	7.5	0.26150432636757226	0.8813151548152615	0.980859192036346	0.9373267520303772
0.2	7.6000000000000005	0.3128739563525928	0.8296991085501095	0.9808952106752343	0.9071322105287555
0.2	7.7	0.3408307748226839	0.800266354685948	0.9822025204608	0.8887931045653477
0.2	7.800000000000001	0.34191904927259104	0.8014288095900616	0.984550505732078	0.8894317153329264
0.2	7.9	0.3157210737912738	0.8329132208555281	0.9875556381345338	0.9088539842233774
0.2	8.0	0.2649020602294247	0.8859751032036701	0.9907141121319061	0.939755343577932
0.2	8.1	0.1965435366223632	0.9432259383477909	0.993509379918543	0.9709108987080222
0.2	8.200000000000001	0.12861554814422155	0.9833112560263862	0.9955607948449966	0.9916087436174539
0.2	8.3	0.11168103584399677	0.9906336207883274	0.9967158286465398	0.9953026911058216
0.2	8.4	0.1688359313232499	0.9632456561835969	0.9970126806314803	0.9813387016941402
0.2	8.5	0.24296405377390032	0.913064749074418	0.9965449340556725	0.9547084588433398
0.2	8.6	0.3045198510494098	0.8591096496638004	0.995349416473778	0.9243321239860763
0.2	8.700000000000001	0.3421610679230208	0.8190728509275267	0.9934191168462719	0.9003839482290991
0.2	8.8	0.3510995443882888	0.8042218507365203	0.9908255725109536	0.8911414866764105
0.2	8.9	0.33087162434345474	0.818514785949134	0.987831587822355	0.9000710248101679
0.2	9.0	0.28464406573225853	0.8586707214753779	0.9848846286676337	0.9241838648818159
0.2	9.1	0.21918859700506638	0.9127257558684894	0.9824886227963144	0.9546486224320269
0.2	9.200000000000001	0.14763529758914168	0.9603883556382551	0.9810501002587005	0.9799007310200595
0.2	9.3	0.10511338978307293	0.9806461733197365	0.980797257408146	0.9902351163569929
0.2	9.4	0.13945900122424126	0.9641706022588138	0.9817890949976166	0.9818437903907858
0.2	9.5	0.21060184880215643	0.9195073696242746	0.9839506439982177	0.9583109326482795
0.2	9.600000000000001	0.27827256068520956	0.8668080001356757	0.9870642186095364	0.9288818188188025
0.2	9.700000000000001	0.3273520451577299	0.8258515961673105	0.9907187278979943	0.9045462778369904
0.2	9.8	0.350251674474451	0.8087471039632095	0.9942990959787921	0.8939116832706617
0.2	9.9	0.34344813907774907	0.8194564783558624	0.9970997386152854	0.9004879812603811
0.2	10.0	0.3073030139849427	0.8552597359459512	0.9985495226768556	0.9219516617048805
0.2	10.100000000000001	0.2464835417295222	0.9066471676948695	0.9984214723941142	0.9511285096249198
0.2	10.200000000000001	0.17157645297278665	0.9572120198152663	0.9968848489340106	0.9782013042023106
0.2	10.3	0.10915213131031831	0.9874212334263923	0.9943704599808444	0.9936850831868946
0.2	10.4	0.11895523309096527	0.9832606013851182	0.9913617319523566	0.9915841418842141
0.2	10.5	0.18644860348772696	0.9448740485798118	0.9882610265309079	0.9718123704421264
0.2	10.600000000000001	0.2569848719050264	0.8876529078578037	0.9853862043571056	0.9407853657657496
0.2	10.700000000000001	0.31149084176315284	0.8337587179335492	0.9830285944583251	0.9094966144080773
0.2	10.8	0.3424260488732124	0.8012046627896628	0.9814676932309285	0.8894464248184698
0.2	10.9	0.3464267006221262	0.7988329802916972	0.9809083012983844	0.8880230498430685
0.2	11.0	0.32308345280627704	0.8268731577271684	0.9814002894990214	0.9054943287495103
0.2	11.100000000000001	0.2751148674868249	0.8773018923706667	0.9828266857942567	0.9350742558254184
0.2	11.200000000000001	0.20973524920239184	0.9335862712575104	0.9849807502909483	0.9659008064817385
0.2	11.3	0.14428311540242994	0.974834377569534	0.9876605720615539	0.9873120967445728
0.2	11.4	0.12231400825177866	0.9850642513258502	0.9906831691922563	0.9924943725425199
0.2	11.5	0.16986791830972153	0.9612928689954506	0.9937964885074164	0.98034938550173
0.2	11.600000000000001	0.23937464391960692	0.914406151318637	0.9965829826092127	0.9554373602463119
0.2	11.700000000000001	0.29891657277087924	0.8628607832172295	0.9984858142167239	0.9263880987984795
0.2	11.8	0.33573306338708686	0.824245116513115	0.9989953931578915	0.90324940982709
0.2	11.9	0.34447462649164884	0.8099318095057456	0.997887824503005	0.8942916958760779
0.2	12.0	0.3243712762628955	0.8240172633912393	0.9953473266783565	0.9030497740828412
0.2	12.100000000000001	0.2783714499219217	0.8633733325882883	0.991890835440444	0.9266644784748228
0.2	12.200000000000001	0.21310396468520032	0.9162670430281429	0.9881634372632927	0.9564778928191862
0.2	12.3	0.14186446388425655	0.9627046008788083	0.9847513121393172	0.9810852720405374
0.2	12.4	0.10188167882788553	0.9818502297345398	0.9821060491528774	0.9908473367820192
0.2	12.5	0.1409093624965691	0.9642637741713551	0.9805555663866713	0.9818941523241389
0.2	12.600000000000001	0.21428327501422967	0.9182432569482321	0.9803081243076772	0.9576817154196494
0.2	12.700000000000001	0.2831484231009118	0.8638922462137738	0.9813950236958685	0.9273856704449646
0.2	12.8	0.3330781136970711	0.8212439796747619	0.9835974040888612	0.9020821066437508
0.2	12.9	0.3566316930782938	0.8027870646412057	0.9864577218454429	0.8906187738051534
0.2	13.0	0.3502836431957443	0.812840294270237	0.9894225559919994	0.8968009121929634
0.2	13.100000000000001	0.31429627939153804	0.8490052786323729	0.9920434553088536	0.9185232637861545
0.2	13.200000000000001	0.2530482969965248	0.9020076358214725	0.9940939426148171	0.948663105303058
0.2	13.3	0.17621998414761883	0.9554161677022007	0.9955212896422924	0.9772753641086045
0.2	13.4	0.10720574998881319	0.9892620951424703	0.9962939588573917	0.9946123350945698
0.2	13.5	0.10808000174410505	0.988716719846611	0.9962959469630763	0.994337394792071
0.2	13.600000000000001	0.17507938355889	0.952977733514973	0.9953698262676259	0.9759936274611436
0.2	13.700000000000001	0.2470846860330132	0.8967393001418981	0.9934686757876371	0.9456559189906917
0.2	13.8	0.3034667832010479	0.8420152746613269	0.9907783263264226	0.9141021144219754
0.2	13.9	0.33653017463417356	0.8071800378068023	0.9877037486123298	0.8928469024478801
0.2	14.0	0.3428466910255593	0.8016262941079048	0.9847370795270134	0.8895644637603529
0.2	14.100000000000001	0.3219670031058115	0.8261373068080601	0.9823186454866079	0.9050006552782865
0.2	14.200000000000001	0.27664805169392537	0.87332601075642	0.9807835448791498	0.9328623618553444
0.2	14.3	0.21431308878119248	0.9273515309524424	0.9803835981378528	0.9626173847557608
0.2	14.4	0.1525042755365719	0.9677511549136456	0.9812937356029093	0.9836871185474978
0.2	14.5	0.13170391160906636	0.9784476537434044	0.9835346508036903	0.9891299175855421
0.2	14.600000000000001	0.17549968999417626	0.9559538311457658	0.9868504179392852	0.9776144775408859
0.2	14.700000000000001	0.24214818735495144	0.9105974340843669	0.9906655488050283	0.9534701793793194
0.2	14.8	0.30014683525664254	0.8604924824469035	0.9942159130783191	0.9251658521868665
0.2	14.9	0.3360813399338527	0.8231465682116172	0.9968132462099271	0.9026836088676556
0.2	15.0	0.34418795836776517	0.810013439466095	0.9980821771977373	0.8943197904649197
0.2	15.100000000000001	0.3233690012657637	0.8253246300267756	0.9980197156992499	0.9036981013015071
0.2	15.200000000000001	0.2761982903463112	0.8660917598145357	0.9968671500761958	0.9280521019833214
0.2	15.3	0.2086886980395948	0.9206567616026082	0.994925073799542	0.9587388315883121
0.2	15.4	0.13279428988901765	0.9688471441398339	0.9924562800651534	0.9842245956929572
0.2	15.5	0.0867038795623958	0.9892445274905077	0.989708963191661	0.9945996695276292
0.2	15.600000000000001	0.13084363090305412	0.9716467987523671	0.986974279307756	0.9856791643707581
0.2	15.700000000000001	0.20963132831480197	0.9239655232908561	0.9845791628136972	0.9607152441672144
0.2	15.8	0.28205858144743395	0.8666159666261902	0.9828035791024472	0.9289174308122397
0.2	15.9	0.3347204874123419	0.8203905020540553	0.9818013967840636	0.9016513205668896
0.2	16.0	0.3605320315852228	0.7985192703796427	0.981605855922046	0.8882097220525124
0.2	16.1	0.3560634018688171	0.8058572840342466	0.9822148699479826	0.8928457552387064
0.2	16.2	0.3215695297678733	0.8404287339523215	0.9836620152338047	0.9137807332443016
0.2	16.3	0.2613310801023284	0.893332653513201	0.9859770423882392	0.9440376322783811
0.2	16.400000000000002	0.18462901025410206	0.9483303433841098	0.9890404156902478	0.9736259273367899
0.2	16.5	0.11258936932020702	0.9852233787834278	0.9924547393729604	0.9925756814738247
0.2	16.6	0.1036877410606976	0.9884253723807981	0.9955740346797929	0.9941909057964988
0.2	16.7	0.16657444774485292	0.9560960006406682	0.9977151622954898	0.9775991419584792
0.2	16.8	0.23802813256924507	0.9021270712077635	0.9984231586391635	0.9485206340983035
0.2	16.900000000000002	0.2948307058779547	0.8483221927300155	0.997617347480363	0.9175489710240591
0.2	17.0	0.3287607505342988	0.8133272395557921	0.9955485604298127	0.8962286825135368
0.2	17.1	0.33620636080315164	0.8069249099078137	0.9926455049727674	0.8924275127178188
0.2	17.2	0.31663093273297976	0.8302013685910028	0.9893831555928	0.9071323479977307
0.2	17.3	0.2728171716876753	0.8759893664749092	0.9862353939938785	0.9342269327968954
0.2	17.400000000000002	0.21247526020630822	0.9285920589061537	0.9836667028861468	0.9632479050890315
0.2	17.5	0.15400008530941253	0.9675920637244971	0.9820818202631891	0.983609170634544
0.2	17.6	0.13762754982025321	0.9768998140185989	0.9817142639734829	0.9883449039329602
0.2	17.7	0.18280880601743785	0.953033320727297	0.9825265081309354	0.97611960413531
0.2	17.8	0.24926212500613557	0.9063832775805113	0.9842214819190437	0.9512859163909654
0.2	17.900000000000002	0.3069698131575783	0.855204844147406	0.9863899788528532	0.9223705037424378
0.2	18.0	0.3426071409502916	0.8172254209785221	0.9887009738151663	0.899468458613891
0.2	18.1	0.350257752201664	0.8041453507114316	0.9909930457245636	0.8910507107872843
0.2	18.2	0.3285850590054124	0.8204141938970004	0.993203518200623	0.9009291642568823
0.2	18.3	0.27975890651427765	0.8632126382625687	0.9952138891688045	0.9264345087898418
0.2	18.400000000000002	0.2088804564499252	0.9208841767286658	0.9967621607491741	0.9588232424903422
0.2	18.5	0.12493573479213292	0.9728103513721615	0.9975060408492589	0.9862331437234039
0.2	18.6	0.059699816098242	0.9965761055721813	0.9971836178080746	0.9982859820388332
0.2	18.7	0.10874699379605512	0.9808713311907391	0.9957420260223352	0.9903613479296304
0.2	18.8	0.1954806471052499	0.933075860467163	0.9933513330677313	0.9654725852163245
0.2	18.900000000000002	0.27274850032388576	0.8738841727656048	0.9903302265481126	0.9328519543771532
0.2	19.0	0.3290735020081424	0.8248012775538643	0.987072705748415	0.9040980810099006
0.2	19.1	0.35796324114349526	0.799720602481057	0.9840292870282182	0.8888407441751699
0.2	19.200000000000003	0.3562059226432671	0.8039449591573202	0.9817078495125708	0.8916857522707637
0.2	19.3	0.32422279894574035	0.8358450077580668	0.9806119474982946	0.9111708147204034
0.2	19.400000000000002	0.2665586041326482	0.8868999214649061	0.9810832014851187	0.9405523115767461
0.2	19.5	0.19303150982784498	0.9412220126679087	0.9831214383808955	0.9699321004322983
0.2	19.6	0.12528076046024153	0.9786777517496794	0.9863180325591816	0.9892560036544715
0.2	19.700000000000003	0.11486669818748622	0.9833045506552784	0.9899810030598942	0.991603593840578
0.2	19.8	0.17139477791820726	0.9526703126155422	0.9933916886589065	0.9758498481625802
0.2	19.900000000000002	0.2396024165351881	0.9002886149714732	0.9960345496605314	0.9475600645180845
0.2	20.0	0.2947301610787545	0.8479608727764378	0.9976738430094091	0.9173253964669857
0.2	20.1	0.3276265502190646	0.8144901393880021	0.9982804215034558	0.8967845189224161
0.2	20.200000000000003	0.3342575904451459	0.8097289179494688	0.9979171730742008	0.8938693852445821
0.2	20.3	0.31382120276928344	0.8346793407123319	0.9966852624859093	0.9094991967813508
0.2	20.400000000000002	0.2688832861687829	0.8819208727834414	0.9947415902411313	0.9373592182208257
0.2	20.5	0.2069693537930687	0.9353486117159373	0.9923212155705462	0.966758113729259
0.2	20.6	0.14673608306875027	0.9741646450271868	0.9897068534354132	0.9869704273260629
0.2	20.700000000000003	0.13145858513311057	0.9821637562093868	0.9871594791678228	0.9910258268269244
0.2	20.8	0.18077103383599077	0.9560525929310751	0.984878523650724	0.9776813661896067
0.2	20.900000000000002	0.2501402971628725	0.906591917967602	0.9830380718772775	0.9514243572673289
0.2	21.0	0.3096511166367918	0.8524980176388949	0.9818645083428442	0.9209514988689012
0.2	21.1	0.3464702937957607	0.8119895633860112	0.9816599568751087	0.8965947594847644
0.2	21.200000000000003	0.3548925670681916	0.7971816043396301	0.9827031118792824	0.8871269499903536
0.2	21.3	0.3336344225364244	0.8128040306373614	0.98506431791515	0.8966422019973252
0.2	21.400000000000002	0.2847708538177776	0.8562242890437662	0.988464539104313	0.9226015489743745
0.2	21.5	0.21302197047557855	0.915825164648805	0.992296683929644	0.956157021530226
0.2	21.6	0.12586219862303258	0.9706728591699346	0.9958126329898702	0.9851448125694756
0.2	21.700000000000003	0.04594788142655642	0.9976515138990065	0.998360591016849	0.9988248162596666
0.2	21.8	0.09415009090330202	0.9846984772161272	0.9995399083053913	0.992293253751421
0.2	21.900000000000002	0.18504994188426263	0.9387492670783782	0.9992290019280434	0.9684111844134753
0.2	22.0	0.26477314564506793	0.8804063586045177	0.997541360832619	0.9363494164241861
0.2	22.1	0.3230688915804167	0.8312696668811932	0.9947834926982453	0.9076737531577336
0.2	22.200000000000003	0.3537315407153118	0.8053727775568393	0.9914292527528852	0.8920006768967228
0.2	22.3	0.35367510424476606	0.8081451845074438	0.988066279070498	0.8939915783229684
0.2	22.400000000000002	0.32348547492467167	0.838104372402443	0.9852776444377807	0.9123479256814515
0.2	22.5	0.26803826881930437	0.8869910340007133	0.9834860332220953	0.9405579889478285
0.2	22.6	0.19789605304344385	0.9392756392629208	0.9828437812433425	0.9689142831246743
0.2	22.700000000000003	0.1358981469169602	0.975069884152321	0.9832424362774626	0.9874245801471179
0.2	22.8	0.12860423446436908	0.9784110104299019	0.9844383150073751	0.9891221795372792
0.2	22.900000000000002	0.18156895943807147	0.9468214852589368	0.9862041550864351	0.9728455656130958
0.2	23.0	0.24685388410484607	0.893992648941297	0.9883973602697422	0.9442406952811693
0.2	23.1	0.3000824336352426	0.8420361728812255	0.9909080793146053	0.9140854386078919
0.2	23.200000000000003	0.33151295771068123	0.8098875282717255	0.993554832473575	0.8941789119448154
0.2	23.3	0.3366851407897935	0.807266161964549	0.9960343991386666	0.8924427767196571
0.2	23.400000000000002	0.3144119916086901	0.8348905795414898	0.9979721194936985	0.90958008387581
0.2	23.5	0.26678870606740657	0.8849454721894976	0.9990259718172507	0.9389537673450546
0.2	23.6	0.20053066097062316	0.9408422556589201	0.9989665889275635	0.9695920262388822
0.2	23.700000000000003	0.1330501923011094	0.9813532663334905	0.9977042411271861	0.9906125669609906
0.2	23.8	0.11315690347479115	0.9900062742213432	0.9952958102151263	0.994986261640284
0.2	23.900000000000002	0.1680148473804679	0.9633798742870473	0.9919708499718635	0.9814384970232163
0.2	24.0	0.242448615532466	0.9122649447241075	0.9881662556081048	0.9544328491331168
0.2	24.1	0.3053539052463459	0.8556725098101741	0.9845115995479553	0.9227124859417656
0.2	24.200000000000003	0.34474870266205815	0.8123387926383512	0.9817144192111155	0.8967979465478315
0.2	24.3	0.3554455748648381	0.7948714066879707	0.9803595072901921	0.8857750456977563
0.2	24.400000000000002	0.336500356489994	0.8083039674304702	0.9807111542092245	0.8940509095580919
0.2	24.5	0.29030991681713236	0.8501806336919481	0.9826283335880862	0.9192609856051001
0.2	24.6	0.22217373975057395	0.909003988120209	0.9856412363755468	0.9525558634279139
0.2	24.700000000000003	0.1414935768473476	0.9638844791332865	0.9891352749137788	0.9816825858525214
0.2	24.8	0.07671522726556604	0.9917191607445109	0.9925308524409507	0.9958460514978325
0.2	24.900000000000002	0.10847839975780718	0.9804693084784176	0.9953804218333834	0.9901583803415299
0.2	25.0	0.18977919853158706	0.9369529182315294	0.9973868362048361	0.9674858904519611
0.2	25.1	0.26584641919599	0.8813606234563747	0.9983951804768953	0.9368771584834987
0.2	25.200000000000003	0.32217016850533925	0.834733382143695	0.9983900572619254	0.9096191468116136
0.2	25.3	0.35148112226952183	0.8106767072911463	0.9974846653277791	0.8950011361211276
0.2	25.400000000000002	0.3503297805090133	0.8144117404048855	0.9958767061319674	0.8974785649459422
0.2	25.5	0.3191707646841062	0.8444206013164178	0.9937789242715527	0.9157588094004884
0.2	25.6	0.2628327506396967	0.8925639157811002	0.9913683127490658	0.9434844861457465
0.2	25.700000000000003	0.19189048353950022	0.9435163035130764	0.9887958163536105	0.9710999231701879
0.2	25.8	0.12983340175254895	0.9775137426989299	0.9862530824870176	0.9886693019078824
0.2	25.900000000000002	0.12580646589391054	0.9786341575429329	0.9840385924611457	0.9892320434321025
0.2	26.0	0.18228891708808506	0.9446078643627522	0.982550000344785	0.9717021570183554
0.2	26.1	0.24939686616124088	0.8896150667131353	0.9821757324079818	0.9419282691301366
0.2	26.200000000000003	0.3037774491639134	0.8362529723659368	0.983137025602759	0.9109447660965887
0.2	26.3	0.33606487135525265	0.8036269912363913	0.9853752932484451	0.8907204083419102
0.2	26.400000000000002	0.3418127167357423	0.8013478920176067	0.9885480514210232	0.8891790631783493
0.2	26.5	0.3197046872208706	0.8299574340854562	0.9921199226075396	0.9069046538899966
0.2	26.6	0.2716142556959069	0.8815204171052897	0.9954856455604632	0.9371389024935584
0.2	26.700000000000003	0.20379064153412257	0.9394295796260306	0.9980765399052357	0.9688604793470363
0.2	26.8	0.1322104312457445	0.982452459628009	0.999447104246877	0.9911662213538414
0.2	26.900000000000002	0.10527679984783679	0.993855634736798	0.9993564562898919	0.9969204051750319
0.2	27.0	0.1590658644205136	0.9695667934655641	0.9978349062711365	0.9845953181733995
0.2	27.1	0.23475615221246243	0.9196686146260803	0.9951966121729992	0.9583338404537536
0.2	27.200000000000003	0.2989981778784073	0.8629137669062312	0.9919665368851263	0.9266640498320072
0.2	27.3	0.33983030488099886	0.8183167805332733	0.9887349946675109	0.9001199549811756
0.2	27.400000000000002	0.3522645913639076	0.7989256612721145	0.9859999874973515	0.8879956781004685
0.2	27.5	0.3355675633072633	0.8100583128747643	0.9840682742308738	0.8949486874531293
0.2	27.6	0.29241445177030184	0.8493939395890279	0.9830503265237956	0.9187796165674337
0.2	27.700000000000003	0.22872021449729443	0.9055657912074576	0.9829260760801171	0.9507257795871575
0.2	27.8	0.1557505870073576	0.9579691069573181	0.983620199673195	0.9786501531524032
0.2	27.900000000000002	0.10391278378453231	0.9840534888539599	0.9850365666010037	0.9919745494645618
0.2	28.0	0.12929924122825795	0.9724024768703085	0.9870489541107391	0.986063666639406
0.2	28.1	0.20105859906240925	0.9300304819891657	0.9894827184542534	0.9639077996803764
0.2	28.200000000000003	0.27209649088387405	0.876687229456171	0.9921152787719113	0.9344323329721862
0.2	28.3	0.32511730321630106	0.8326949689423107	0.9946882261859733	0.908596163040066
0.2	28.400000000000002	0.3517697608202076	0.8111179639941657	0.9969091399157544	0.8953356220467933
0.2	28.5	0.3481630408366917	0.8169319868275382	0.998447848848181	0.8989035029909068
0.2	28.6	0.3144735893841678	0.8485734682409048	0.9989650316620231	0.9179908496143321
0.2	28.700000000000003	0.25513641588043623	0.8979447828736445	0.9982015470244547	0.9462996342551225
0.2	28.8	0.17986888213437083	0.9496962122659289	0.9961032791358878	0.9742725729515105
0.2	28.900000000000002	0.11137743557180611	0.9838504749214466	0.992909727436501	0.9918798987755167
0.2	29.0	0.10882896087335116	0.9842285043713862	0.9891419328013638	0.9920670980891068
0.2	29.1	0.17366429375373543	0.9485920209412768	0.985481390027966	0.9737653707274063
0.2	29.200000000000003	0.2459921608680516	0.8915031376882242	0.9825912615988527	0.9429636431632039
0.2	29.3	0.3039918469791641	0.8359715988869227	0.9809549788045759	0.9108619483791615
0.2	29.400000000000002	0.33930971833630774	0.8012856728152292	0.9807871149467484	0.8895192332733896
0.2	29.5	0.34782786165778445	0.7970642004663949	0.9820266339390201	0.8868828053701697
0.2	29.6	0.32834354112087627	0.8238772645307495	0.9843855168689029	0.903607831691615
0.2	29.700000000000003	0.2828613730472091	0.8740525387344097	0.9874210032015718	0.933149772980826
0.2	29.8	0.2178969810559367	0.9315898068979256	0.9906211436925925	0.9647935913445452
0.2	29.900000000000002	0.1492938630653139	0.9758924233360423	0.9935059348011978	0.9878468050037306
0.2	30.0	0.11874542702261275	0.9902440623861927	0.9957266407012327	0.9951062888251122
0.2	30.1	0.16171625148860566	0.9697203308012965	0.9971180379600788	0.9846781574455441
0.2	30.200000000000003	0.23186260131007264	0.9232241984972804	0.997669151067353	0.9602101690021879
0.2	30.3	0.2935981178135249	0.8687640620615733	0.9974342128813025	0.9298409552932665
0.2	30.400000000000002	0.33336677697623635	0.8252543191756939	0.9964550287000455	0.9039495192684807
0.2	30.5	0.3456638685596332	0.8059367395555539	0.9947553986826506	0.8918644684890384
0.2	30.6	0.32954809048456774	0.8162747607037829	0.9924055872399726	0.8983341634645636
0.2	30.700000000000003	0.28759675809066193	0.8539943880151569	0.9895983792397594	0.9212309620222334
0.2	30.8	0.2257974430445683	0.9078075575170783	0.9866733114308301	0.9518870334675418
0.2	30.900000000000002	0.1560530443145579	0.957425681798007	0.9840669328281064	0.9783652370870837
0.2	31.0	0.11002152634147126	0.9809364781124295	0.9822162223795151	0.990387191013996
0.2	31.1	0.1377419499839709	0.9675729323841851	0.9814639404637625	0.9835898036357863
0.2	31.200000000000003	0.20818131362699213	0.92453804384276	0.9819973360516013	0.9610578186962025
0.2	31.3	0.2779867624839341	0.8712710681305299	0.9838154788048835	0.931599083115978
0.2	31.400000000000002	0.3299590554598781	0.8276957169827663	0.9867049447832577	0.9059651510768519
0.2	31.5	0.3555887121819379	0.8067071993344349	0.9902286469039113	0.8929743033025553
0.2	31.6	0.35089104200824245	0.8133457880603536	0.9937680427111443	0.8969355207413733
0.2	31.700000000000003	0.3159341010821894	0.846239758408931	0.9966509949518157	0.9166914002990391
0.2	31.8	0.2548617465155207	0.8974725040712168	0.9983359471271271	0.9460205735669015
0.2	31.900000000000002	0.17648775153158078	0.9516310045909433	0.9985645030152414	0.9752566216989789
0.2	32.0	0.10097778158039236	0.9882820592771944	0.9974027337223271	0.9941162811003381
0.2	32.1	0.09395597415180874	0.9906101852753251	0.995164032383459	0.9952909114752351
0.2	32.2	0.16357350344565136	0.9559531243683888	0.9922776560930309	0.9775629568778695
0.2	32.300000000000004	0.23953375392008247	0.8987719748947754	0.9891799833790076	0.9468605470090004
0.2	32.4	0.3005011942373436	0.8421208710928827	0.9862622797428935	0.9143256579158088
0.2	32.5	0.3386515026645096	0.8053655929700555	0.9838559753828554	0.8919406022703708
0.2	32.6	0.35001873056064003	0.7982477205400608	0.9822174488214874	0.8876586090215276
0.2	32.7	0.3334733920208075	0.8215636233179571	0.981497992387848	0.9023594111939045
0.2	32.800000000000004	0.2911720356052376	0.8681612401752309	0.9817228937030491	0.9299609986180374
0.2	32.9	0.22994589806844043	0.9229781267269523	0.9828130986669784	0.9602864271057376
0.2	33.0	0.16566495952499075	0.9663870742680613	0.9846454567384362	0.9830037176478388
0.2	33.1	0.13482864166340194	0.9819622090747355	0.9870977415919049	0.9909224562828726
0.2	33.2	0.16878532995167933	0.9641448753632158	0.9900234590063957	0.9818411686740542
0.2	33.300000000000004	0.23240396217593842	0.9207962816695512	0.9931669078675176	0.9589721099838773
0.2	33.4	0.2905891058046798	0.8691604876257607	0.9961026088397763	0.9300998462929536
0.2	33.5	0.32839250520860297	0.8278677261460118	0.9982850520503953	0.9054187922976263
0.2	33.6	0.33966124624995536	0.8101275065931988	0.9992121767513161	0.8941924987135715
0.2	33.7	0.3230648287116749	0.8213990208667223	0.9986126744117879	0.9011379837548614
0.2	33.800000000000004	0.2808213005154323	0.8593861181099751	0.996547387609505	0.9241137054677996
0.2	33.9	0.21851769783442804	0.9128346721372034	0.9933803328142425	0.954507623512115
0.2	34.0	0.14768731751483508	0.9616602627263353	0.9896609497904273	0.9805327841335884
0.2	34.1	0.10162944476800988	0.984268436620025	0.9859947826011538	0.9920793898856402
0.2	34.2	0.13460098505912838	0.9700109139986957	0.9829491542924681	0.9848390148315463
0.2	34.300000000000004	0.2088470173912998	0.9258470883197973	0.9809860516887682	0.9617773934533872
0.2	34.4	0.2808019840609225	0.8709165403499478	0.9803921024028923	0.9315061039767494
0.2	34.5	0.3342966490142307	0.825178847205544	0.9812048909630636	0.9046998771362953
0.2	34.6	0.36118285154675644	0.8019118207220264	0.9831822476797151	0.8903592296158526
0.2	34.7	0.35762356469626416	0.8066686652506092	0.9858682726932727	0.8931940684956842
0.2	34.800000000000004	0.3237376628668107	0.8386069792784991	0.988751578843317	0.9124654584101352
0.2	34.9	0.26361261742104963	0.8902762992161938	0.9914313271638228	0.9421709498664222
0.2	35.0	0.18575242344870982	0.9464372138087672	0.9936855197722685	0.9725781363526349
0.2	35.1	0.10843066174708543	0.9863252713969901	0.9954087262502016	0.9931303184799576
0.2	35.2	0.09102487351255922	0.9923818739122305	0.9964947352901382	0.9961816629005528
0.2	35.300000000000004	0.15570435685306497	0.9611033316838503	0.9967816656813324	0.9802022349655821
0.2	35.4	0.23120753682642486	0.9062572320391005	0.9961117162984429	0.9508344766351373
0.2	35.5	0.29292275409080337	0.8504866792077641	0.9944497539655225	0.9189495434610121
0.2	35.6	0.3323523047783029	0.81309413005433	0.9919573926078822	0.8963323258786225
0.2	35.7	0.34526190747145885	0.804023854123692	0.9889685365879176	0.8909335964542897
0.2	35.800000000000004	0.33039274145179165	0.8244205094836343	0.9859001794096715	0.9039050947873799
0.2	35.9	0.2899043215366172	0.8676864621514205	0.9831733316690974	0.9296448454304592
0.2	36.0	0.23080112639161185	0.9195575479548961	0.9811830047192309	0.9584590213562295
0.2	36.1	0.16925232455018988	0.9611136835519063	0.9802868712785605	0.9802879233933897
0.2	36.2	0.14068970964115612	0.9760917579516798	0.9807514197189413	0.987925651421109
0.2	36.300000000000004	0.1736199490851046	0.9585476775714418	0.9826379348176975	0.9789658056432371
0.2	36.4	0.2355037953013547	0.9158529876916953	0.9856933206442609	0.9564043087147712
0.2	36.5	0.292632726471005	0.8650114420759203	0.9893503114853147	0.9279172379084294
0.2	36.6	0.3299628203525597	0.8246362522272577	0.9928834756099004	0.9036953867827391
0.2	36.7	0.3411198161465973	0.8079685925911525	0.9956491966720611	0.8930285378424487
0.2	36.800000000000004	0.32450467008742245	0.820485595120111	0.9972669740048639	0.9006389331155411
0.2	36.9	0.2819802759269607	0.859921486219643	0.9976477476310078	0.924382888558302
0.2	37.0	0.21859211150793914	0.9150858893756618	0.996898541494386	0.9556670751058212
0.2	37.1	0.14472938549851153	0.9659322494926138	0.9952141175127525	0.9827124298384752
0.2	37.2	0.09235927191152299	0.9906523913903845	0.9928371693121865	0.995311546674996
0.2	37.300000000000004	0.1251866576027132	0.9779395255531621	0.9900738101626418	0.9888859389635447
0.2	37.4	0.20267487027267964	0.9339135321777772	0.9872911374835879	0.9660214614884746
0.2	37.5	0.27727672684297633	0.877314155844256	0.9848511923981644	0.9350345517915813
0.2	37.6	0.333100580343748	0.8284356006956981	0.9830146062164281	0.9065943727170217
0.2	37.7	0.3622038438494802	0.8013230614736448	0.9818958056566403	0.8900498304297542
0.2	37.800000000000004	0.36083497263418857	0.8023107710922882	0.981516959678402	0.8906838202159114
0.2	37.9	0.32914305440083874	0.8312310541937433	0.98191414472449	0.9083160160631293
0.2	38.0	0.2712176055874289	0.8812301109775682	0.9831842833588488	0.9372867994555825
0.2	38.1	0.195540114004544	0.9374702913689952	0.985400276738045	0.9679247789246876
0.2	38.2	0.1196754774115111	0.979177372919357	0.9884444289058425	0.9895126780012042
0.2	38.300000000000004	0.09558413412520478	0.9882986668373344	0.9919039688925552	0.994124861952745
0.2	38.400000000000006	0.15252545343309976	0.9605033509751455	0.9951391291669822	0.9799025625840909
0.2	38.5	0.22570347404172245	0.9086965487133539	0.9974976488698822	0.9521456915081786
0.2	38.6	0.28687322617764116	0.8549549463139291	0.9985366827052206	0.921420430917627
0.2	38.7	0.32639635636008246	0.8184702215630201	0.9981236317147061	0.8993366812570757
0.2	38.800000000000004	0.3395979738343131	0.8093961354388705	0.9963975796025927	0.8938816047805357
0.2	38.900000000000006	0.3250064033280015	0.8291974193394887	0.9936725184059312	0.9064374446323707
0.2	39.0	0.28470027525273933	0.8716363466104815	0.9903697344222647	0.9316872774397944
0.2	39.1	0.22574637997900585	0.9227497065847834	0.9869929702288938	0.960101575005282
0.2	39.2	0.1647973400379364	0.9636320129729018	0.9840886972556345	0.9815824633872982
0.2	39.300000000000004	0.13881534628273068	0.9777037093272793	0.982137900121413	0.9887515666992054
0.2	39.400000000000006	0.17530010873084897	0.9586997575172673	0.9814049806326594	0.979051530373813
0.2	39.5	0.23933264248186684	0.9140311306198987	0.9818464429974416	0.9554739456371394
0.2	39.6	0.29787113152673156	0.8611062730206575	0.9831686591006997	0.9258555302670257
0.2	39.7	0.33634145170510393	0.8190166757161078	0.9850122282180106	0.9006368453554094
0.2	39.800000000000004	0.3484343721261885	0.8013325616348531	0.9871277524496183	0.8893484961992935
0.2	39.900000000000006	0.3324236015656924	0.8137250757430506	0.9894093609403118	0.8968877380472197
0.2	40.0	0.28989997759985525	0.8540991139320971	0.9917776697404168	0.9212089323219543
0.2	40.1	0.2253719210048056	0.9114258178010801	0.9940370281783296	0.9537289674006382
0.2	40.2	0.1476655462268984	0.9656194597617092	0.9958468811258377	0.9825471224273964
0.2	40.300000000000004	0.08368076376747002	0.9943220258791226	0.9968357783035124	0.9971557565409659
0.2	40.400000000000006	0.10949278024500717	0.9851306163312703	0.9967610159944217	0.992522836225541
0.2	40.5	0.18940575125016906	0.9430446654876096	0.9955917332105432	0.9707628496570199
0.2	40.6	0.2665476716415867	0.8863368019374952	0.993478312605398	0.9398931649223525
0.2	40.7	0.32471192156177003	0.8356368152081506	0.9906748155399465	0.9105841033411958
0.2	40.800000000000004	0.35611074680375876	0.8057043096008997	0.9875053450979956	0.8924702326760927
0.2	40.900000000000006	0.3570904517981197	0.8035237709616969	0.9843926902819014	0.8912651306339446
0.2	41.0	0.3278845979838047	0.8294051492492971	0.9818738350639339	0.907196925624741
0.2	41.1	0.2727404193519767	0.8768920680122102	0.9805100572829426	0.9348861012171128
0.2	41.2	0.20059319383782567	0.9315012337095177	0.9806880231198405	0.9647903130927022
0.2	41.300000000000004	0.13008055884568334	0.9726729621838001	0.9824268448827527	0.9861946490202983
0.2	41.400000000000006	0.10881942053908032	0.9822863391864902	0.9853375899330115	0.9910780322093683
0.2	41.5	0.16053472113971531	0.9556350652826215	0.988781445910804	0.9774152810776691
0.2	41.6	0.23047933944856663	0.905149739101491	0.9921223735599908	0.9503170228753403
0.2	41.7	0.28999161711179844	0.8526379491338064	0.9949067332742494	0.920214745542272
0.2	41.800000000000004	0.32844202691188373	0.8173243278445962	0.9968833261614629	0.8987062355750158
0.2	41.900000000000006	0.3406519687070175	0.809540700963279	0.9979204903343775	0.8938863311245704
0.2	42.0	0.3248182148817013	0.8309160496588788	0.9979448219419241	0.907269441679977
0.2	42.1	0.282707233162255	0.8752786629803798	0.9969650085949208	0.9335606849037786
0.2	42.2	0.22094706195713998	0.9284780531095297	0.9951309119030683	0.9630643208785288
0.2	42.300000000000004	0.155676980517829	0.971039096666581	0.9927320618849268	0.9853696174608452
0.2	42.400000000000006	0.12662785628617054	0.9856282706324666	0.990102914476226	0.9927785959055995
0.2	42.5	0.16673807382627204	0.9655232455274598	0.987505440800308	0.9825569565321786
0.2	42.6	0.2351539631372916	0.9182970956690003	0.9850964911850247	0.9577355069724647
0.2	42.7	0.29697525337366426	0.8620167070444672	0.9830155040536658	0.9263818410621506
0.2	42.800000000000004	0.3380288198068687	0.8165339343041448	0.9815085368820754	0.8992772487961835
0.2	42.900000000000006	0.3522225777324389	0.7959824149469547	0.980949979247503	0.8863180044627954
0.2	43.0	0.33786683773468634	0.8063772870923224	0.9816967352909057	0.8927265161534005
0.2	43.1	0.2965027175123933	0.8459008400972472	0.9838577033028721	0.9166849007478102
0.2	43.2	0.23250564905147855	0.9037983974952416	0.9871508945133296	0.949682321772937
0.2	43.300000000000004	0.15420097799893676	0.9600498016969752	0.9909623639597768	0.9796960551234908
0.2	43.400000000000006	0.085324375387476	0.9918674302452235	0.9945644873084851	0.9959221242601736
0.2	43.5	0.10255003181923499	0.9859800737325929	0.9973406199541968	0.9929519187600804
0.2	43.6	0.18143038014180368	0.946550497007585	0.9988934832941688	0.9725734663838596
0.2	43.7	0.2590307488732453	0.8914710748017785	0.9990389442061878	0.9426227313005613
0.2	43.800000000000004	0.31795114269530106	0.8414456874085884	0.9977758763591468	0.9137433165791083
0.2	43.900000000000006	0.350237836662426	0.8114766452905592	0.9952996612612305	0.89563551993517
0.2	44.0	0.3522179915102732	0.8087339127670975	0.9920328179923089	0.8940992844118394
0.2	44.1	0.3241810789034718	0.8336123360259474	0.9885861565200351	0.9094398747891622
0.2	44.2	0.27055229887871823	0.8797110088987719	0.9856032745396625	0.9363546173357363
0.2	44.300000000000004	0.20077639582336262	0.9326584649981264	0.9835489602739623	0.9653854708445472
0.2	44.400000000000006	0.13484528126173267	0.9720672305089593	0.9825771762317468	0.9858930537592709
0.2	44.5	0.11897305164180451	0.9799624896980391	0.9825744619238623	0.9899021171749048
0.2	44.6	0.1701762244621537	0.951721503465971	0.9833391309290995	0.975411523079867
0.2	44.7	0.23867732409675615	0.8998937216087596	0.9847442477735827	0.9475764708925087
0.2	44.800000000000004	0.29715642336295783	0.846520611953985	0.98675354536245	0.9169368250555315
0.2	44.900000000000006	0.3347084423061783	0.8110899797517518	0.9892992204628862	0.8952612805165444
0.2	45.0	0.3458674056406013	0.8040967844271877	0.9921546778159431	0.890813509673665
0.2	45.1	0.32854509339770194	0.8272186630434741	0.9949271052836098	0.9051755283898403
0.2	45.2	0.28410462504982237	0.8742157299736648	0.9971740089048745	0.9329476656298739
0.2	45.300000000000004	0.21835652102262862	0.9306326707197614	0.9985406471466141	0.9641658201073552
0.2	45.400000000000006	0.14559097561527798	0.976373461455935	0.9988188778480884	0.988073839835162
0.2	45.5	0.10712023957539099	0.9933333289543053	0.9979224152604811	0.9966586224413341
0.2	45.6	0.14963599828465993	0.9741893974529707	0.9958579670261409	0.9869700259933835
0.2	45.7	0.2232982819524459	0.926325655385796	0.9927652193783097	0.9619437380467409
0.2	45.800000000000004	0.28904186769599566	0.8680759288179232	0.989008289811308	0.9296793702640818
0.2	45.900000000000006	0.33322502911288576	0.81985255400324	0.9852131975581626	0.9011265667366171
0.2	46.0	0.35017216977221727	0.7963565648574112	0.9821525644458097	0.8864728173709633
0.2	46.1	0.3384360941371665	0.8039968916113812	0.9804925914954351	0.8912862622692745
0.2	46.2	0.29978459224371645	0.8412407097661448	0.9805442705973214	0.914039152280719
0.2	46.300000000000004	0.23900417664825335	0.8976152709571167	0.9821781521129284	0.9463635465146805
0.2	46.400000000000006	0.16550800331408735	0.9532911962236802	0.9849428605469486	0.9762167770450132
0.2	46.5	0.10449120963031373	0.9854395166198834	0.988278625026367	0.9926782904894542
0.2	46.6	0.11729664888928944	0.9805787213726759	0.9916744601007684	0.9902229679074054
0.2	46.7	0.18833659972859443	0.9426746914703856	0.9947078708612094	0.9705802226295914
0.2	46.800000000000004	0.26224281743461086	0.8894850390598997	0.9970259769877231	0.9415689889329799
0.2	46.900000000000006	0.3190083018269787	0.8415607072330519	0.9983590237262869	0.9137927490775164
0.2	47.0	0.3496902379131102	0.8136990675510083	0.998586150848666	0.8968406578934547
0.2	47.1	0.3502228557805497	0.8128507191612261	0.9977867527452303	0.8963459286875358
0.2	47.2	0.3206838693060239	0.8392015428540673	0.9962017473858645	0.9124547816540762
0.2	47.300000000000004	0.2652989894182072	0.8861605296362279	0.9941076888181087	0.9397641497310293
0.2	47.400000000000006	0.1931960178084261	0.9392019599961209	0.9916968848150615	0.9687731750200721
0.2	47.5	0.12428811473051612	0.9778224631023636	0.9890681100554122	0.9888261129291649
0.2	47.6	0.10983528324352962	0.9839981872975142	0.9863429838290573	0.9919506084147643
0.2	47.7	0.16683291755735294	0.9532544416575399	0.9838050064780732	0.9762054681966785
0.2	47.800000000000004	0.23877960149389799	0.8985902942479939	0.9819207881879455	0.9469078649580501
0.2	47.900000000000006	0.29932821093751366	0.8426515783847388	0.9811910083837407	0.9148555282845137
0.2	48.0	0.3383208305621635	0.8053789486119755	0.9819208206375799	0.8920950427143389
0.2	48.1	0.3505225875217364	0.7974386238372594	0.9840678091547598	0.8870865133472625
0.2	48.2	0.33387034226357964	0.8205146923165959	0.9872589726382603	0.9014706570026274
0.2	48.300000000000004	0.2896417652028932	0.8683425004687606	0.9909339233834724	0.9297914665991949
0.2	48.400000000000006	0.22338592724220685	0.9264326909310684	0.994496371032201	0.9619801860479803
0.2	48.5	0.14842698498503568	0.974589717488602	0.997398036150721	0.9871690588514069
0.2	48.6	0.10364941309183429	0.9944292499906037	0.9991767349890799	0.9972083120226587
0.2	48.7	0.14207916555387692	0.978086470750358	0.9995159920378058	0.9889451794689256
0.2	48.800000000000004	0.21568181211836446	0.9322871621866502	0.9983454528144496	0.9650536425636721
0.2	48.900000000000006	0.28211225096246695	0.8749467758212213	0.9959180453307018	0.9333956945121229
0.2	49.0	0.3272726531562703	0.8265048798468209	0.9927739461567561	0.9048155462336236
0.2	49.1	0.3454945135175482	0.8019584828132942	0.9895683522452695	0.8895723351293783
0.2	49.2	0.3354107506570028	0.8079845895700333	0.9868462332611625	0.8934244143842593
0.2	49.300000000000004	0.2989441759852889	0.8432152572232826	0.9848984111839274	0.9150394575752282
0.2	49.400000000000006	0.2412673712186349	0.8973236186172882	0.9837776686365776	0.9461750278743037
0.2	49.5	0.17288044503484415	0.9506612206735218	0.9834317434558818	0.9748594106155596
0.2	49.6	0.12035277745652671	0.980664602132242	0.9838264464075108	0.9902604703864977
0.2	49.7	0.13414004811759253	0.9742379739165266	0.9849614957791687	0.9870027393028802
0.2	49.800000000000004	0.1998721786785635	0.9357188454072219	0.9867931235560303	0.96698782883192
0.2	49.900000000000006	0.27026196751605436	0.8829847761204433	0.9891608733835038	0.9381364711146606
0.2	50.0	0.32456796605054405	0.8364012243817951	0.9917942310940184	0.9110193257204598
0.2	50.1	0.35311718378558915	0.8104507289225961	0.9943824929248923	0.8950802813502206
0.2	50.2	0.35145376122755884	0.8118143385257357	0.9966314316772806	0.895780667814543
0.2	50.300000000000004	0.31935398522175323	0.8404968584058994	0.9982611041821622	0.9131369466249084
0.2	50.400000000000006	0.2605778443425855	0.8897687638777962	0.9989794768438073	0.9416506189388105
0.2	50.5	0.1830857420338451	0.9448955641659186	0.9985084938843265	0.9716982902865751
0.2	50.6	0.10387455201004715	0.9849761373616159	0.9966978237875053	0.9924442106757126
0.2	50.7	0.08436866131009486	0.9915001817063877	0.9936718623358646	0.9957366181426871
0.2	50.800000000000004	0.15239530809473514	0.9597915563930901	0.9898976668159614	0.979564370028607
0.2	50.900000000000006	0.23105935478220452	0.9031650189144045	0.9860934692399266	0.9493425651622178
0.2	51.0	0.2958648789951465	0.8448494661301094	0.9830045281454821	0.9160813084771636
0.2	51.1	0.3381824282841897	0.8052115314656676	0.9811702598750438	0.8920333874808841
0.2	51.2	0.35333358896347195	0.7950534927612575	0.9808075626260688	0.8857794657816449
0.2	51.300000000000004	0.3395312575505988	0.816059130963628	0.9818385500163982	0.8990219496106532
0.2	51.400000000000006	0.29833539905793277	0.8620468315599644	0.9839892318226393	0.9264001151712425
0.2	51.5	0.2357873424101553	0.9188673916631493	0.9868716087408946	0.9580271443258072
0.2	51.6	0.16592853958985537	0.9668804594576406	0.9900298329745685	0.98324774704383
0.2	51.7	0.12378170020215042	0.9880877993912676	0.9929924191581596	0.9940200635565708
0.2	51.800000000000004	0.15246281582222412	0.9744140215752409	0.9953604193743041	0.9870874714447984
0.2	51.900000000000006	0.2183659110887081	0.9318117820775906	0.9969004108104847	0.964823211978995
0.2	52.0	0.28071080807797	0.877376629229806	0.9975762167894751	0.9347270756802779
0.2	52.1	0.32351114178572893	0.8311193072487086	0.9974854904775073	0.9073734336612191
0.2	52.2	0.3403736876723354	0.8079638907600986	0.9967398768046316	0.8929024720956534
0.2	52.300000000000004	0.3296356147707828	0.814596849484699	0.9953783894701419	0.8970488621951795
0.2	52.400000000000006	0.2930401464959475	0.8495999711010782	0.993386604831069	0.9184717522437779
0.2	52.5	0.23564138327451567	0.9025693867111754	0.9908135180363773	0.9489290266906119
0.2	52.6	0.16807493682211028	0.9539047136456048	0.9878931619976097	0.9765258934076129
0.2	52.7	0.11815829350533615	0.9813991009714432	0.9850644867066013	0.9906314912344598
0.2	52.800000000000004	0.13629691038108768	0.9725630817238536	0.9828601576654757	0.986142748349465
0.2	52.900000000000006	0.2039011234460832	0.9322193248103312	0.9817357335596759	0.9651747274855279
0.2	53.0	0.27487891969222034	0.8783413621447047	0.98194247360114	0.9357053846749119
0.2	53.1	0.32935054079799836	0.8311331144852078	0.9834892876927812	0.9082301912701342
0.2	53.2	0.35782727233666856	0.8049403226564942	0.9861629361576615	0.8921114375246734
0.2	53.300000000000004	0.3558902660678748	0.806454040349975	0.9895586947010491	0.8928384704969798
0.2	53.400000000000006	0.32328343791583136	0.8358258418468205	0.9931172220256629	0.9105640746678509
0.2	53.5	0.26358719821190063	0.8865481098343824	0.9962023108057282	0.9399097381918059
0.2	53.6	0.1841158351926697	0.9439795149463049	0.9982381688756699	0.9712140514967706
0.2	53.7	0.09917828124892393	0.9869018069965041	0.9988686098790214	0.9934136099308334
0.2	53.800000000000004	0.06993858585364379	0.996099652267644	0.9980601678814796	0.9980474690952483
0.2	53.900000000000006	0.14159740083171737	0.9662436997405586	0.9960877282166154	0.9828641973522529
0.2	54.0	0.22330603350575878	0.910406103811577	0.993407798121266	0.9531715182581345
0.2	54.1	0.2905724106618511	0.8518864696028453	0.9904931695613598	0.9199498530430807
0.2	54.2	0.3352906937998994	0.811161412177489	0.9877201145053343	0.895415267676202
0.2	54.300000000000004	0.35292529679767654	0.7990767810115459	0.9853497718927251	0.888103972427458
0.2	54.400000000000006	0.3417683400984596	0.8173500949163717	0.9835702805648139	0.8997669540316798
0.2	54.5	0.3035637579886482	0.8600058108088408	0.9825314511672767	0.9252870850508854
0.2	54.6	0.24478359649157652	0.9135003466721615	0.9823362318751774	0.9551969835853277
0.2	54.7	0.18006683862957	0.9591195457265421	0.9830115751855414	0.9792725085316298
0.2	54.800000000000004	0.141726663833682	0.9795790048118748	0.984500872756076	0.9897123779299288
0.2	54.900000000000006	0.16486553390508224	0.9668139171138671	0.9866848355486886	0.9832181269561328
0.2	55.0	0.22407756882791843	0.9261865850464348	0.9893954658186754	0.9619177626528146
0.2	55.1	0.2821505356492259	0.8741320614203486	0.9923923895088025	0.9330330662872441
0.2	55.2	0.3221858828518096	0.8302713654406181	0.9953203863587246	0.906946554319674
0.2	55.300000000000004	0.33718551302602606	0.8093457490992383	0.9977077782037305	0.8936855681931346
0.2	55.400000000000006	0.3251177039326525	0.817898105168979	0.9990511614912941	0.8988741972842063
0.2	55.5	0.287371038236044	0.8543384844224203	0.9989704418283005	0.9210337822423265
0.2	55.6	0.22853767134758138	0.908080075907089	0.99736008343782	0.9518228748887367
0.2	55.7	0.15860119112204865	0.9594642724249128	0.9944543351101824	0.979374082034168
0.2	55.800000000000004	0.10611863488068805	0.9864849962926464	0.9907717412602451	0.9932078696109448
0.2	55.900000000000006	0.12855076183252923	0.9769407681684454	0.9869719087080083	0.9883739341956681
0.2	56.0	0.2012109453516793	0.9356773796163982	0.9836961158893188	0.9669980745685463
0.2	56.1	0.27518102470910566	0.8804124744510502	0.9814484703925013	0.9369025983546965
0.2	56.2	0.33177636342650163	0.8311782114965032	0.9805284489058043	0.9084025661821588
0.2	56.300000000000004	0.3620664501904649	0.8024744708850847	0.9809977194534858	0.8908604765655947
0.2	56.400000000000006	0.3619066549931501	0.8013948578308742	0.9826770112190351	0.8900447908873274
0.2	56.5	0.3312297605117107	0.8286212655340814	0.9851926384304418	0.9065653439442022
0.2	56.6	0.27379742684369685	0.8782623322383685	0.9880821121451885	0.9354459074699851
0.2	56.7	0.19723285989913086	0.9361942467646879	0.9909233501268748	0.9671775933392589
0.2	56.800000000000004	0.11639518980462038	0.9812675764947594	0.9934210483262932	0.990569997840903
0.2	56.900000000000006	0.08183453630823843	0.9937622948150504	0.9954072492322099	0.9968748517900162
0.2	57.0	0.14049661448303125	0.9675488645173951	0.9967748457276616	0.9835317364124344
0.2	57.1	0.2184348097258344	0.9149415974128401	0.9974086417501226	0.9555658417242491
0.2	57.2	0.28475826176104596	0.8586712486869319	0.997173200669249	0.9236726510606661
0.2	57.300000000000004	0.32963822072057053	0.8188929723006383	0.99597001233783	0.8997822297743254
0.2	57.400000000000006	0.34793394638026787	0.8063786937840517	0.9938252252594977	0.8922444014822777
0.2	57.5	0.33765368763681375	0.8229549454683035	0.9909477153957145	0.9028629602387094
0.2	57.6	0.3004499935901384	0.8629854824572172	0.9877192372502266	0.9268514759085462
0.2	57.7	0.24289151595140326	0.9135978605407905	0.9846257292002388	0.9552135864425398
0.2	57.800000000000004	0.17995949435297554	0.9568619317028431	0.9821695141158563	0.9781001875242975
0.2	57.900000000000006	0.14411615900957322	0.9758911747782627	0.9807894877419943	0.9878247226863179
0.2	58.0	0.16844370619681698	0.9624364014641528	0.9807838363413802	0.980965351323941
0.2	58.1	0.22742486596441497	0.9214609790032361	0.9822265773799156	0.9594601878953746
0.2	58.2	0.285202974648772	0.8692426806683302	0.9849052295349585	0.9304465707252304
0.2	58.300000000000004	0.32520793146659166	0.8255150410973777	0.9883337619809479	0.9043694354138394
0.2	58.400000000000006	0.34043803651763876	0.8051425446315932	0.9918662936635834	0.8913690947345493
0.2	58.5	0.328728140103333	0.8146862203669697	0.994870985665763	0.8971111208272149
0.2	58.6	0.29122457515316413	0.8525238197797979	0.9968833888351659	0.9200594255585097
0.2	58.7	0.2321410615592885	0.9080268176348252	0.9976789074454508	0.9517936504401112
0.2	58.800000000000004	0.16069714896380335	0.9615147049396889	0.997259521751507	0.9804200691799115
0.2	58.900000000000006	0.10358647705648351	0.9909227716380098	0.9957928169343355	0.9954485772526893
0.2	59.0	0.1220734102168732	0.9837002771204787	0.9935480601414635	0.9918062968105928
0.2	59.1	0.19536427747279966	0.9439422298180258	0.9908513804813472	0.9713072903519598
0.2	59.2	0.27070290440327865	0.8886187219408588	0.9880522795176658	0.9413676138978776
0.2	59.300000000000004	0.3288117109425972	0.8375656396559803	0.9854825810538314	0.9120356016987716
0.2	59.400000000000006	0.36078728059719134	0.8057066377759814	0.9834085204610418	0.8927491531507468
0.2	59.5	0.362583137038141	0.8008289780932875	0.9820051922900577	0.8897055714188105
0.2	59.6	0.33424111171759935	0.8243191939557919	0.9813786113364686	0.9041051468343416
0.2	59.7	0.27965850943387316	0.8709784839153406	0.9816149086236542	0.9314666408894926
0.2	59.800000000000004	0.20676237306437178	0.9272982650096417	0.9827961568302966	0.9625245785753924
0.2	59.900000000000006	0.13105708465445845	0.9724538358085046	0.9849424228357758	0.9860892966207566
0.2	60.0	0.09670311966002176	0.9866235669991966	0.9879109235537942	0.9932736714009955
0.2	60.1	0.14487166938327145	0.9631957999573522	0.991335486715899	0.9813152512867814
0.2	60.2	0.21802216950756897	0.9137508157458955	0.9946689642444709	0.9549752565256464
0.2	60.300000000000004	0.2824389098878424	0.8602627911740763	0.9973179884092717	0.9246139601153234
0.2	60.400000000000006	0.32652376147306716	0.822405193210529	0.9988006007181507	0.9018274601877663
0.2	60.5	0.3444251364378447	0.8108470012042813	0.9988563370034863	0.8947847219172642
0.2	60.6	0.3337732384577893	0.8275745393883529	0.9974823836295859	0.9053740424908198
0.2	60.7	0.29598758181926216	0.8673046920325221	0.9949140424113521	0.9291076841571223
0.2	60.800000000000004	0.23747249238339857	0.9176352776347387	0.9915793615636169	0.9572920730872047
0.2	60.900000000000006	0.17322673059444416	0.9608870048558851	0.9880367001628402	0.9801651825368547
0.2	61.0	0.13729310625955973	0.9798670110494119	0.9848810293709382	0.9898541591682876
0.2	61.1	0.1649366761544942	0.9656653263610583	0.9826142643402775	0.9826283472358993
0.2	61.2	0.22725924003267603	0.9228850673838596	0.9815175235486973	0.9602352225920661
0.2	61.300000000000004	0.2875895198141583	0.8681136029200263	0.9815950888409085	0.9298880292890775
0.2	61.400000000000006	0.3298554622601678	0.8217624677940657	0.9826335259994192	0.9023347328171414
0.2	61.5	0.34722758081738253	0.7992459547447951	0.9843417506789202	0.8880784678444462
0.2	61.6	0.3374648934298787	0.8074230497269893	0.9864755943049403	0.8930591138326304
0.2	61.7	0.301516079041866	0.8448901802599157	0.9888661594959752	0.9158916853407199
0.2	61.800000000000004	0.2433157007315544	0.9012784032167155	0.9913552068780858	0.9482263658122945
0.2	61.900000000000006	0.17142446417353785	0.9571243606335098	0.9937167195201199	0.9781706780631019
0.2	62.0	0.10926945809769838	0.9902251481673294	0.9956449347969332	0.9950976534215642
0.2	62.1	0.11675127586730866	0.9872258594850268	0.9968225933135214	0.9935847361132073
0.2	62.2	0.1863562973127219	0.9509442345718021	0.9970161443826984	0.974924231858059
0.2	62.300000000000004	0.2613564038376552	0.8973299794508501	0.9961349301381808	0.9460285407799855
0.2	62.400000000000006	0.32003881584521754	0.8460164525280484	0.9942369177644533	0.9166936054802759
0.2	62.5	0.353022214109394	0.8124158822369899	0.9915133073710642	0.896468377000628
0.2	62.6	0.35618248508282024	0.8049930755834986	0.9882888653037579	0.8919355675723252
0.2	62.7	0.3295973229876629	0.8256890385246464	0.9850306969476517	0.9047369525448614
0.2	62.800000000000004	0.2772840760244844	0.8697142780215268	0.98231285007884	0.9307008735215065
0.2	62.900000000000006	0.20754296853857607	0.92386071174476	0.9806940373039067	0.960693053988959
0.2	63.0	0.13703748639258093	0.9675089367682141	0.9805371414722012	0.9835519038193298
0.2	63.1	0.10864680461467505	0.9809720638719489	0.9818699014553028	0.9904001689205126
0.2	63.2	0.1547600584719414	0.9576485319567014	0.984380349118519	0.9784732979907899
0.2	63.300000000000004	0.22537608853566177	0.9088963706664446	0.9875503721472833	0.9524642940149849
0.2	63.400000000000006	0.28837542642747704	0.8563259381312462	0.9908347910435826	0.9225814599462417
0.2	63.5	0.3314973472537596	0.8193794165714702	0.993779595310741	0.9002673541678549
0.2	63.6	0.34845212854811625	0.8087509231972159	0.9960469982958632	0.8936649570698041
0.2	63.7	0.33657041596634124	0.8266301581397967	0.9973975094068814	0.9048099623777929
0.2	63.800000000000004	0.2969701027375238	0.8680232909433399	0.9976937005469121	0.9294207590814225
0.2	63.900000000000006	0.23553426113353973	0.9207125664731783	0.9969369283490243	0.958861600889962
0.2	64.0	0.16620330185312526	0.9667302971521974	0.9952905469568022	0.9831482155115974
0.2	64.10000000000001	0.12367881869962696	0.9879837521080852	0.9930396006906063	0.9939683632002182
0.2	64.2	0.151802364973561	0.9745267926643272	0.9904917067945911	0.9871553549817166
0.2	64.3	0.2183040018867364	0.9305221390234648	0.9878871426406598	0.9642436554236901
0.2	64.4	0.28239962752623415	0.872958044592893	0.985393987801831	0.9325351103204236
0.2	64.5	0.3280335821568605	0.8230718838530534	0.9831945346969005	0.9030896722612881
0.2	64.60000000000001	0.3485386356828325	0.7969951930976765	0.9815759653637006	0.8868045178867567
0.2	64.7	0.34165547208751695	0.8020368474070065	0.9809148787270208	0.8899938480316473
0.2	64.8	0.30824310218546397	0.8371511423451182	0.981529865970422	0.9115917922183822
0.2	64.9	0.2521690804520128	0.8924257210466039	0.9834971450476311	0.9434925444664684
0.2	65.0	0.18189953696994782	0.9488643484699036	0.9865639535934703	0.9739126850071571
0.2	65.10000000000001	0.11931192308275851	0.9843168038588149	0.990215083794876	0.9921149122415143
0.2	65.2	0.11903005955651866	0.9847286953852628	0.9938314196721938	0.9923249773255681
0.2	65.3	0.18304496612510807	0.9517588316984082	0.9968348219192605	0.975354793127825
0.2	65.4	0.25609930653802043	0.9004900388926932	0.998765443594541	0.9477192308488656
0.2	65.5	0.314084047037138	0.850409477690772	0.9993162836024574	0.9190713115337933
0.2	65.60000000000001	0.3468963048476134	0.8172725493569625	0.9983762942954245	0.8990775883623665
0.2	65.7	0.35018701896374405	0.8099215593471293	0.9960910365295117	0.8945435282226468
0.2	65.8	0.32394521720652136	0.8304865595526869	0.9928875325355698	0.9072550264115563
0.2	65.9	0.27216291400359244	0.8741722275231167	0.9893952337210614	0.9330328736843793
0.2	66.0	0.20328107182998764	0.9276267891074091	0.9862574537857806	0.9626490055286128
0.2	66.10000000000001	0.1348348457662481	0.9700851778108158	0.9839241570050098	0.984878222894565
0.2	66.2	0.11147492325948923	0.9818818676650012	0.9825560666129186	0.9908703924902914
0.2	66.3	0.16080359120783452	0.9566124653769755	0.9820969447693827	0.9779513347559947
0.2	66.4	0.23232342863287425	0.905871633032927	0.9824381063654286	0.9509082968011658
0.2	66.5	0.2956688626661677	0.8514923780842837	0.9835296198018415	0.9200342986708081
0.2	66.60000000000001	0.3388092507988087	0.8131718105159583	0.9853548016997675	0.8968960802187731
0.2	66.7	0.35539558938717347	0.8018869617661426	0.9878166190279494	0.889844513488328
0.2	66.8	0.3426306760249543	0.8201089845705957	0.9906582360302085	0.9011625085051364
0.2	66.9	0.3013821712958263	0.8631002108129289	0.9934934717575513	0.9267163760130319
0.2	67.0	0.23690278601571987	0.9186949154265814	0.9959152301100285	0.9577820581388016
0.2	67.10000000000001	0.16137288850351644	0.9684753891371514	0.9975889001714138	0.984031716578638
0.2	67.2	0.10763773205961401	0.9933788138826098	0.9982732855051685	0.9966817888183994
0.2	67.3	0.13289115108696306	0.9824244590809753	0.9977988709876731	0.9911548473228917
0.2	67.4	0.20340495669024203	0.9392252497856646	0.9960824429837457	0.9687629475516547
0.2	67.5	0.2711870208303098	0.8808600552519371	0.9932160599803228	0.9367859180257255
0.2	67.60000000000001	0.32006921398197097	0.829034885524666	0.989571391334863	0.9063991336452387
0.2	67.7	0.3436390570369943	0.8003825746627693	0.9858032306710729	0.8886928924799536
0.2	67.8	0.3397315368587659	0.8025782727400628	0.9826880767596324	0.8902329184374711
0.2	67.9	0.3092829048374325	0.8348746838784047	0.9808626219966794	0.9102545897110629
0.2	68.0	0.2563985817296621	0.8877662449738961	0.9806173817708947	0.9409515005554578
0.2	68.10000000000001	0.1901844320699765	0.9427529259336743	0.9818637466825111	0.9707355924995523
0.2	68.2	0.1330206617418183	0.9779300052913766	0.9842589449960593	0.9888729385396606
0.2	68.3	0.13248169687929945	0.9789783391443664	0.9873662716727516	0.9894116869462686
0.2	68.4	0.1909943354403557	0.947024682948763	0.9907408793551372	0.9729305707491986
0.2	68.5	0.2606108848341018	0.896837143394424	0.993936894578275	0.9458098400651038
0.2	68.60000000000001	0.31651644286767566	0.847956595932766	0.9965163835586304	0.917731006819813
0.2	68.7	0.347812461522385	0.8163179972123795	0.9981236011657646	0.8984813825592659
0.2	68.8	0.34972828342962253	0.8108247917927678	0.9985955946947602	0.8949383818309631
0.2	68.9	0.32193483301709597	0.8335002054061662	0.9980125130188184	0.9088137930039164
0.2	69.0	0.26803298507320217	0.8792903035134755	0.9966217730424997	0.9357195317938654
0.2	69.10000000000001	0.19574809639255483	0.9344369168314139	0.9946779023521805	0.9661759714400888
0.2	69.2	0.12132254744572155	0.9777037150704527	0.9923251862928462	0.9887583005861357
0.2	69.3	0.09485791898224699	0.9890705654906089	0.9896256585871506	0.9945123078593562
0.2	69.4	0.1518048155954574	0.962062640280753	0.9867099752202703	0.9807545669760581
0.2	69.5	0.22870849435479665	0.9085579704059449	0.9839115348401873	0.9523534718842571
0.2	69.60000000000001	0.29532779338181736	0.8509572416221046	0.9817467786832812	0.919786862328119
0.2	69.7	0.3406778089693017	0.8095919154329535	0.9807320691448751	0.8949166128710655
0.2	69.8	0.35880551994241494	0.795923604320847	0.9811646264676778	0.8864537078073635
0.2	69.9	0.34708334206254343	0.8127361990996268	0.9830155142748559	0.8969970108681381
0.2	70.0	0.30644569699000684	0.8555189396554246	0.9859759441639554	0.9225627628543052
0.2	70.10000000000001	0.2420714853816229	0.9121939831805849	0.9895764273885903	0.9543571666115407
0.2	70.2	0.16559615341992057	0.9641355655021858	0.9932761481393133	0.9818174461761423
0.2	70.3	0.10756823423662935	0.9917850122156905	0.99650014855698	0.9958808358713763
0.2	70.4	0.12725875170218637	0.9835928239219531	0.9986863965142841	0.9917446996794965
0.2	70.5	0.1966403792138806	0.942722453627303	0.9994031070194991	0.970568859776001
0.2	70.60000000000001	0.26462861926889447	0.8859769502338558	0.9985113484764767	0.9395168189340266
0.2	70.7	0.31413463650210105	0.8349622043684836	0.9962641993373044	0.9096592429979937
0.2	70.8	0.33857588712652686	0.8063573426910656	0.9932397390393756	0.8920187077064334
0.2	70.9	0.33574925588310545	0.8079324069832222	0.9901133958530054	0.893175094681769
0.2	71.0	0.30663442013642894	0.8390220109517377	0.9874026126085107	0.9124679503030595
0.2	71.10000000000001	0.2555348590845411	0.8902455905474213	0.9853474160140456	0.9422376269389893
0.2	71.2	0.19212521204460242	0.9433044406880906	0.9839832323889869	0.9710188851238529
0.2	71.3	0.1397028933481394	0.9764876273190078	0.9833060525162505	0.9881452903481516
0.2	71.4	0.14239378044221715	0.9756157158378023	0.9833694617166078	0.9877037199808841
0.2	71.5	0.19964782898615122	0.9419932120736509	0.9842421858763271	0.9703401770490229
0.2	71.60000000000001	0.2676536439789229	0.8906690867308924	0.9858975614546125	0.9425641861717742
0.2	71.7	0.3222787915575402	0.8414610671106284	0.9881593606235998	0.914221116529415
0.2	71.8	0.35240792379293656	0.8104220761959	0.9907520162579063	0.8952218862342542
0.2	71.9	0.35302844793394134	0.8063927013523565	0.9933911050262253	0.8924602096605853
0.2	72.0	0.3235147024115787	0.8312364635246894	0.9958181927772148	0.907545453675781
0.2	72.10000000000001	0.2669504153694655	0.8796922651929957	0.9977561375056366	0.9359086420186501
0.2	72.2	0.18980495169498784	0.9377101514769028	0.9988590369342989	0.9678568538712138
0.2	72.3	0.10423475786290169	0.9836044541701983	0.9987578522716661	0.9917398954945476
0.2	72.4	0.06340397154407704	0.9967596731437997	0.9972257998945135	0.9983779667408579
0.2	72.5	0.13274259363726562	0.9701844084619559	0.994367268497996	0.9849013871833466
0.2	72.60000000000001	0.21732457922698406	0.9156528620151818	0.9906795560060686	0.9560990509189616
0.2	72.7	0.2885101249401696	0.8559583861506802	0.9869120786506005	0.9225258850509023
0.2	72.8	0.3372569285947365	0.8120231457424204	0.9837996783472622	0.8962629249467922
0.2	72.9	0.35828112072860746	0.7957507343978263	0.9818396082382143	0.8863020535588412
0.2	73.0	0.3492925697031299	0.8101514174618051	0.9812286739317245	0.8954863507716089
0.2	73.10000000000001	0.3115435810059259	0.8508616758576759	0.9819336703635285	0.9199828006830827
0.2	73.2	0.25072629417322473	0.9059773229865825	0.9837771007647086	0.9510654587995169
0.2	73.3	0.17944810751307516	0.9570870384054521	0.98645979342495	0.9782068976550667
0.2	73.4	0.1274585481336861	0.9848419983457912	0.9895516691788094	0.9923809594979344
0.2	73.5	0.1421174549535012	0.9777791294137288	0.992537790103799	0.9888059530360261
0.2	73.60000000000001	0.203828179638392	0.9388946761449958	0.9949532464129134	0.968599728403041
0.2	73.7	0.26739782980635196	0.8845978150429553	0.9965363649258638	0.9387963731533729
0.2	73.8	0.31411895169064996	0.8360739023833218	0.9972821903419145	0.910277467915535
0.2	73.9	0.3365417254348862	0.8097104483369085	0.9973413758938088	0.893873258664933
0.2	74.0	0.33206675702054306	0.8130925642616851	0.9968362497076627	0.8960065520246627
0.2	74.10000000000001	0.3014302809115122	0.8453845293762319	0.9957445601100539	0.9158986287733459
0.2	74.2	0.2487167286961429	0.8970127867577566	0.9939532037789363	0.9458037405479959
0.2	74.3	0.18340602618995627	0.9495074770093268	0.9914410405943971	0.9742159988182274
0.2	74.4	0.1296514329829097	0.9811335689433529	0.9884366740990183	0.9905057567832054
0.2	74.5	0.13589946908781397	0.9779604832089682	0.9854180378762382	0.988893177601799
0.2	74.60000000000001	0.1979454944463652	0.9417772264966163	0.9829551274685745	0.9702294827163289
0.2	74.7	0.26868247264741657	0.8881276411191511	0.9815175365399411	0.9412351379828305
0.2	74.8	0.3249425812332778	0.8371258559921996	0.9813679479396208	0.9119050682318067
0.2	74.9	0.3561892970862654	0.804904593618309	0.9825597389473472	0.8922195714466088
0.2	75.0	0.35763734018651655	0.8002860351065729	0.984965641302449	0.8891018619277837
0.2	75.10000000000001	0.32874055400091934	0.8251408965738726	0.988272209416033	0.9042051403180976
0.2	75.2	0.27256374503178904	0.8743165476312266	0.9919593681481569	0.9330244873999054
0.2	75.3	0.195385491875166	0.9339299975484382	0.9953471609303385	0.9658926293519219
0.2	75.4	0.10834069510968063	0.9822891378443724	0.997760149025964	0.9910748963189269
0.2	75.5	0.0585005498256937	0.9983673631317974	0.9987553448927847	0.9991831893581307
0.2	75.60000000000001	0.12508729839063298	0.9744702978246463	0.9982783198079425	0.9870799312878878
0.2	75.7	0.21042648693741856	0.9217873184537223	0.9966380269955849	0.9593189122832486
0.2	75.8	0.2827311044189585	0.8629050417268886	0.9943154691701852	0.9263065415933673
0.2	75.9	0.33285710777979094	0.8188156624246539	0.9917427757518122	0.9000576308547662
0.2	76.0	0.35550432172271196	0.8015369703395419	0.989199580018092	0.8895546048199605
0.2	76.10000000000001	0.34840960954518924	0.8141349158233868	0.986861697669305	0.8976868191440938
0.2	76.2	0.3129611751909684	0.8523233660837635	0.98490645135049	0.9207516143126908
0.2	76.3	0.2552170936617093	0.9044731266804523	0.983550534022608	0.9502547991421746
0.2	76.4	0.1885344401325668	0.9527317847852113	0.9829875226467066	0.9759645682476357
0.2	76.5	0.14214382515018378	0.9784168212068091	0.9833011405763068	0.9891225174301685
0.2	76.60000000000001	0.1556987813190919	0.9704853474986556	0.9844460572643953	0.98509388911378
0.2	76.7	0.21248609699697799	0.9319141427340751	0.9863050326826457	0.9649916396494619
0.2	76.80000000000001	0.27244851679998566	0.8788037678445254	0.9887455171174103	0.9357417333310674
0.2	76.9	0.3166018641313593	0.8320181767632141	0.9916003156832456	0.9080965980354635
0.2	77.0	0.33698655084122014	0.8077199231034802	0.9945819195322948	0.89278191487866
0.2	77.10000000000001	0.3306752659540394	0.8133210634781758	0.9972245000746494	0.8961209162851539
0.2	77.2	0.29809598948653243	0.8478080609012537	0.998949484738707	0.9171974120838899
0.2	77.30000000000001	0.242884808041032	0.9013706415399405	0.9992605636329891	0.9480925540956021
0.2	77.4	0.1737067595664501	0.9552437025546879	0.9979625817319694	0.9771567604973729
0.2	77.5	0.11447192523967951	0.9874830858134063	0.9952623518461589	0.9937151468429007
0.2	77.60000000000001	0.12232715181503095	0.9841664578098793	0.991687855457402	0.9920395036911909
0.2	77.7	0.19070155886509557	0.9472134630133937	0.987893178011235	0.9730502115488779
0.2	77.80000000000001	0.2655529003687835	0.892242042914447	0.9844827628837388	0.9434723802191383
0.2	77.9	0.32465479567889055	0.8393835040768605	0.9819333109001928	0.913241287560804
0.2	78.0	0.3582603128260033	0.8048516667192102	0.9805815319755238	0.8923061285610395
0.2	78.10000000000001	0.36200431921094073	0.7976548774130864	0.9805997924663411	0.887696221516393
0.2	78.2	0.3356487412714547	0.819946016482966	0.9819388153256916	0.9013365374099108
0.2	78.30000000000001	0.28261431140315446	0.8670099129869683	0.9842990252388668	0.9290738401709134
0.2	78.4	0.20989845907761764	0.9255556176252772	0.9872005369454335	0.9615260808676447
0.2	78.5	0.13075045276092606	0.9743759798188812	0.9901443225759575	0.9870666135895879
0.2	78.60000000000001	0.08643437851334525	0.9924708293637112	0.9927717614348467	0.996225002755538
0.2	78.7	0.13358481573345535	0.9716587054421598	0.9949184466559006	0.9856561542658794
0.2	78.80000000000001	0.21088251805972008	0.922396442401564	0.9965339463448563	0.95965115311149
0.2	78.9	0.27994236846021375	0.8665834057759201	0.9975430347175461	0.9283251405763258
0.2	79.0	0.3286243223611376	0.82472115061215	0.9977720795753033	0.9033828978715474
0.2	79.10000000000001	0.3506972037038628	0.808555708183022	0.9970118833946676	0.8935322860712898
0.2	79.2	0.34348269630420525	0.8210419791932947	0.995172576247601	0.9015314632691371
0.2	79.30000000000001	0.3081580299109799	0.8579484041948544	0.9924069724176131	0.9237774194691659
0.2	79.4	0.2507212663961093	0.9079904800554801	0.9891093456943094	0.9520821130248927
0.2	79.5	0.1847255074094519	0.9539423720150467	0.9858045848023739	0.9765777865419061
0.2	79.60000000000001	0.14023370098135332	0.9776930848567061	0.983019320609893	0.9887479655902216
0.2	79.7	0.15663401092005663	0.968350040188294	0.9812035097862751	0.983992214590183
0.2	79.80000000000001	0.21493337016113032	0.9286759982168993	0.9806909062373502	0.9633138609386654
0.2	79.9	0.27563959829723805	0.8745957170808061	0.9816462226114004	0.9335368056845268
0.2	80.0	0.3204231248976813	0.8270576109909997	0.9839855305799414	0.9054331353472478
0.2	80.10000000000001	0.3415071996233974	0.8024181441155597	0.9873240329912149	0.8898621248735414
0.2	80.2	0.33593643122802463	0.8082168946949732	0.9910246835840993	0.8932899126520989
0.2	80.30000000000001	0.30399744618797814	0.8435154586325743	0.9943658874200569	0.9148562005870455
0.2	80.4	0.24910004004603636	0.8985566723664943	0.9967595189206757	0.9466030270010555
0.2	80.5	0.17945638327241756	0.9545618441308958	0.9979043278308513	0.9768047520857234
0.2	80.60000000000001	0.11733344890135121	0.9894512515820637	0.9977981030355522	0.9947068458492032
0.2	80.7	0.11927590746294991	0.9889507739029344	0.9966301336192894	0.9944557632316046
0.2	80.80000000000001	0.18575892944609357	0.9543488397271892	0.9946533486749587	0.9767341997352047
0.2	80.9	0.2608365504393449	0.9005497482788769	0.9921254748553759	0.9479264412314257
0.2	81.0	0.32078714497631633	0.8472825813957543	0.9893242155993248	0.9176513230892709
0.2	81.10000000000001	0.35559443516888284	0.8108582787187486	0.986569029821662	0.8957434675347266
0.2	81.2	0.36090008632249865	0.8007073885510899	0.9841913861905972	0.8894185383540556
0.2	81.30000000000001	0.33657845699504974	0.8195003032404341	0.9824660171697128	0.901027966287621
0.2	81.4	0.286264812090303	0.8631056223774711	0.9815645643808293	0.9269003490787338
0.2	81.5	0.21742753633623163	0.9188858459680299	0.9815688004375205	0.9580078219984722
0.2	81.60000000000001	0.14443522937098308	0.9661796012072112	0.9825146792231126	0.9828801679864163
0.2	81.7	0.10530042035898313	0.984222350060581	0.9844028385870602	0.9920547021921596
0.2	81.80000000000001	0.14398389679442616	0.9647284371652923	0.9871426570843705	0.9821218810112369
0.2	81.9	0.21519359033923088	0.9177623303808755	0.9904666068862258	0.9572508006367522
0.2	82.0	0.2812655613623093	0.8646258766508743	0.993896299787964	0.9273383428661102
0.2	82.10000000000001	0.3282862151971298	0.8252277562237548	0.9968191832248404	0.90377558769295
0.2	82.2	0.34926124347018306	0.8109393676252078	0.9986587718203257	0.894966532699131
0.2	82.30000000000001	0.341112084640343	0.8245929351224216	0.9990515273421936	0.9035322588101218
0.2	82.4	0.30474208056088326	0.8620584054796643	0.9979385127057449	0.9259740496124224
0.2	82.5	0.24587254732726405	0.9123763682536039	0.9955440618213144	0.9543560623710106
0.2	82.60000000000001	0.1777268681486429	0.9586797417176679	0.9922882814802142	0.9790036641149292
0.2	82.7	0.13124068365574673	0.9828505089162771	0.9886980675172057	0.991371794971093
0.2	82.80000000000001	0.14990627236978593	0.9734843511362381	0.9853365225211831	0.9866201327218361
0.2	82.9	0.211865379774258	0.9327636842667145	0.9827245665111726	0.9654752496191888
0.2	83.0	0.275464389736983	0.8765368497890709	0.9812382915861052	0.9346498926674116
0.2	83.10000000000001	0.32286190239976736	0.8262246032623194	0.9810172130226387	0.9050550774459571
0.2	83.2	0.34658349262286925	0.7987734711211633	0.9819454712555046	0.8878663004073267
0.2	83.30000000000001	0.34370969812760865	0.8021379864631403	0.9837308551078263	0.8898972292006866
0.2	83.4	0.3144405160550014	0.8357001465512064	0.9860368451754197	0.910564841729391
0.2	83.5	0.26208791113518076	0.8900924275799224	0.9885856020799252	0.9421030926460021
0.2	83.60000000000001	0.19471243356711637	0.9469800036312235	0.9911763270189655	0.9729045092645461
0.2	83.7	0.13274050829386475	0.9845103265729196	0.993628821132617	0.9922171174269837
0.2	83.80000000000001	0.12530389622220817	0.9880126631367558	0.9957153995044479	0.9939836426906222
0.2	83.9	0.18314006240378772	0.95765949418813	0.9971486384761149	0.9784403081035115
0.2	84.0	0.25488174517377105	0.9070578500622214	0.9976460609928494	0.9513977660530788
0.2	84.10000000000001	0.3136068693854848	0.8552085762708458	0.9970313697060446	0.9220157772978528
0.2	84.2	0.34813846113351177	0.8184981277265614	0.9953065389046958	0.8999978050222451
0.2	84.30000000000001	0.35376564673597233	0.8068738886330056	0.9926616034611365	0.8927852262193635
0.2	84.4	0.33026044418938066	0.8235538420611416	0.9894425215394361	0.9031394901002833
0.2	84.5	0.2812584424908782	0.8648579414088685	0.9861124082815502	0.9277472752022655
0.2	84.60000000000001	0.21440206371629678	0.9184840562436252	0.9832066585068351	0.9577564794540958
0.2	84.7	0.14485876064149944	0.9639473902762623	0.981251313671814	0.9817251471915758
0.2	84.80000000000001	0.11141899728148377	0.9805667674368767	0.9806360515831118	0.9901887816929298
0.2	84.9	0.15184174823548932	0.9601596451480802	0.9814889570759883	0.9797751059019073
0.2	85.0	0.22245681714465476	0.912845293749355	0.9836251783503002	0.9546949812405146
0.2	85.10000000000001	0.2880779488024442	0.8598068959429238	0.9866046130560365	0.9248167171427191
0.2	85.2	0.3347794456712384	0.820750668546993	0.9898687222235721	0.9014271662286855
0.2	85.30000000000001	0.3553486598639262	0.8069550099327131	0.9928875888225076	0.8928496070088636
0.2	85.4	0.34651150843835965	0.8213434716498609	0.9952572855102261	0.901761898035123
0.2	85.5	0.30895614774254393	0.8600524358980887	0.9967287119755477	0.9248556335271507
0.2	85.60000000000001	0.24799601524997558	0.9124526229471871	0.9971916273034979	0.9543607731767735
0.2	85.7	0.17580108653154106	0.9617140871323364	0.9966533056332172	0.9805468675971658
0.2	85.80000000000001	0.12196786927993188	0.9890895026507128	0.9952298869224291	0.994526140689051
0.2	85.9	0.13711062810767777	0.9820357052398374	0.9931336927388891	0.990965524809403
0.2	86.0	0.20131870491171985	0.9418213390262484	0.9906336715664006	0.970192637441617
0.2	86.10000000000001	0.26782130135374604	0.884196902761982	0.9879997756469445	0.9387919100361019
0.2	86.2	0.31822316258139594	0.8311591457236708	0.9854731849097687	0.9078238688216493
0.2	86.30000000000001	0.34511373479630314	0.800341156580658	0.9832863244527842	0.8887702775422182
0.2	86.4	0.3455260991473342	0.8001758863922295	0.9817020883133997	0.8887842461530263
0.2	86.5	0.31955596057862234	0.8304059003042723	0.9810118527091609	0.9076141852201778
0.2	86.60000000000001	0.27047882899228864	0.8821512675062766	0.9814629028561497	0.9378294143649893
0.2	86.7	0.20643664525630354	0.9377803069428023	0.9831476539294748	0.9681283674805559
0.2	86.80000000000001	0.14706613521020095	0.9760234738743259	0.985921553792767	0.9879106406056047
0.2	86.9	0.13543536158795383	0.9820740666584491	0.9893991585131031	0.9909803611607277
0.2	87.0	0.1856683263304651	0.9551008553737178	0.99303055089163	0.977142283135772
0.2	87.10000000000001	0.2533061447726889	0.9074886800842581	0.9962205550751468	0.9516712319348519
0.2	87.2	0.3099416670560419	0.8575979154072517	0.998444485764283	0.9233580207981801
0.2	87.30000000000001	0.34333887480619585	0.8219139598089138	0.9993354485489233	0.9018639070365693
0.2	87.4	0.34835023662764886	0.8108028879419238	0.9987454202656666	0.8948515607535495
0.2	87.5	0.3245050990415059	0.8278319989658716	0.9967854172478106	0.9053456796065477
0.2	87.60000000000001	0.2752234234794616	0.8694788550075913	0.993825987606856	0.9301373338364956
0.2	87.7	0.20792356175668	0.9233587914078789	0.9904247584474279	0.9602798030383594
0.2	87.80000000000001	0.137843923869303	0.9686801094967361	0.987179246443187	0.9841528863067424
0.2	87.9	0.10657994401277514	0.9844622318471268	0.9845634364673469	0.9921763512208371
0.2	88.0	0.15234374051619815	0.9624821348255447	0.9828334937201935	0.9809795620119173
0.2	88.10000000000001	0.22616024264824736	0.91305045522024	0.9820445971319273	0.9548433394114771
0.2	88.2	0.29375460439403267	0.8576125382428313	0.9821421255251117	0.9237146273606351
0.2	88.30000000000001	0.34177932119123977	0.8161702009009365	0.9830467538967435	0.8989878838263845
0.2	88.4	0.36311666309883683	0.8003574016550633	0.9846773534106166	0.8892037288308862
0.2	88.5	0.3544692332334994	0.8135222997761022	0.9869167638126201	0.8973897173175773
0.2	88.60000000000001	0.3164204717931243	0.852304659727438	0.9895678174741568	0.9205950397280618
0.2	88.7	0.2539245375815755	0.9065027259937511	0.9923428305032334	0.9511975630672623
0.2	88.80000000000001	0.17791738780891456	0.9592129711858597	0.9948943164681073	0.9792610799329088
0.2	88.9	0.11483833800680177	0.9908210073838141	0.9968636097858268	0.9953971426623819
0.2	89.0	0.12185442099724207	0.9874727561939147	0.9979234603631173	0.9937085613975224
0.2	89.10000000000001	0.18681051473060378	0.9494690823858266	0.9978171135113506	0.9741351822848706
0.2	89.2	0.2556160889075859	0.8923750025316184	0.9964170813817412	0.9431429363710998
0.2	89.30000000000001	0.30852992594196726	0.8385418958410904	0.993808493100907	0.9118692008546059
0.2	89.4	0.33806662632259565	0.8060359315064508	0.9903526757908272	0.8919393600015533
0.2	89.5	0.34120491693443783	0.8035891955482295	0.9866604123533387	0.8906590464881036
0.2	89.60000000000001	0.31800514682259845	0.8311598099545979	0.9834458506218977	0.9079729136022162
0.2	89.7	0.2718523035886476	0.8801892149947489	0.9813177033421936	0.936729025792642
0.2	89.80000000000001	0.2112995754067374	0.9335986386508179	0.9806159241537303	0.9659322809976976
0.2	89.9	0.15640092869890354	0.9706614851790638	0.9813679669534944	0.9851723624614418
0.2	90.0	0.1467683820006416	0.9766271047593821	0.9833516927075384	0.9882103703903082
0.2	90.10000000000001	0.19408356860484316	0.9501532284850902	0.986193530975947	0.974607934411286
0.2	90.2	0.2589530746629913	0.9030655038849166	0.9894444443566978	0.9493812210311141
0.2	90.30000000000001	0.31373903526481767	0.8536213112088378	0.9926307441435785	0.9212444900245159
0.2	90.4	0.3458205665232042	0.818605980987965	0.9953097794738723	0.9000124282029257
0.2	90.5	0.34974918135309535	0.8087066138337502	0.997144817023197	0.8935888613695097
0.2	90.60000000000001	0.32475308837575434	0.8276133084321373	0.9979728468561018	0.9051150317348746
0.2	90.7	0.27379985032317744	0.8717019365323535	0.9978175984901204	0.9312628822363505
0.2	90.80000000000001	0.20344481022104582	0.9282219159905477	0.9968250544108835	0.9627917517918412
0.2	90.9	0.12700633709646714	0.9757800472076644	0.9951584435960604	0.9877662914449239
0.2	91.0	0.08820590998137888	0.9927816926188489	0.9929336708920141	0.9963810593768455
0.2	91.10000000000001	0.13976981844917116	0.9706110873340744	0.9902528180967305	0.9851401571344758
0.2	91.2	0.21939428142985587	0.9195026696288435	0.9873079714761104	0.9582643867090368
0.2	91.30000000000001	0.2908196243040625	0.8611740227810365	0.984455364421545	0.9257172324401906
0.2	91.4	0.34163433499562657	0.8161923733672897	0.9821762613159635	0.8990609063085276
0.2	91.5	0.3650858472497806	0.7968521228419261	0.9809357448742271	0.8872101694201021
0.2	91.60000000000001	0.3580375496905697	0.8071068990838034	0.9810313163532164	0.8937056947465281
0.2	91.7	0.32116426055913894	0.844160767600162	0.9825156625081728	0.9160479611457856
0.2	91.80000000000001	0.259431154206354	0.8982571530429279	0.9852037512056189	0.9467873893987385
0.2	91.9	0.18350566962568093	0.9525039362290544	0.9887168912695045	0.9758072355378269
0.2	92.0	0.1181736854870014	0.9866918119768573	0.9925251349406544	0.9933146326651779
0.2	92.10000000000001	0.1192051345591676	0.9861053576840397	0.9959982009924585	0.993019278874971
0.2	92.2	0.18160188802104263	0.9504645618138085	0.9985032130180789	0.9746457427871521
0.2	92.30000000000001	0.250089512166469	0.8951910521183206	0.9995607131840278	0.9446200776519696
0.2	92.4	0.30340423046848775	0.8426794245567291	0.9990064194634838	0.9140953425094216
0.2	92.5	0.33360474430132275	0.8110164033146058	0.9970619465170752	0.8946680344157193
0.2	92.60000000000001	0.3374405415259826	0.8089141610273402	0.9942474308077704	0.8935766991619684
0.2	92.7	0.3148591956518501	0.8362987601341701	0.9911694471380303	0.9107395597828692
0.2	92.80000000000001	0.2692871177377853	0.8846289114228492	0.9883107288849272	0.9390670790070295
0.2	92.9	0.20958056774622796	0.936948805600852	0.985944605783383	0.9676709175401298
0.2	93.0	0.15656967511682915	0.9726481421975806	0.9841920943611028	0.9861965501877236
0.2	93.10000000000001	0.14991316723893566	0.9769281726389407	0.9831295041718945	0.9883688212139732
0.2	93.2	0.19873696206650188	0.9483658569831914	0.9828393985444543	0.9736957027523039
0.2	93.30000000000001	0.2639406845483032	0.8990005218442005	0.983378087648144	0.9472575135796882
0.2	93.4	0.3187285954576954	0.8476429599719751	0.9847175665524499	0.9180154955528186
0.2	93.5	0.3506764198091016	0.8116330318755294	0.9867293794662789	0.8961281269450475
0.2	93.60000000000001	0.3543052944476588	0.8019175581582683	0.9892188400760031	0.8897567652048906
0.2	93.7	0.3286642904100563	0.8221683157659874	0.9919601563768705	0.9020759127952824
0.2	93.80000000000001	0.2763259856185372	0.8685834852379164	0.9946849495562295	0.9295715916658671
0.2	93.9	0.20291433579277035	0.9280898506949754	0.9970370109356116	0.962716772112711
0.2	94.0	0.11874258167558932	0.9788273582649937	0.998567151063415	0.9893075463861787
0.2	94.10000000000001	0.06384432835169	0.9986445046097057	0.9988358374427987	0.9993219169774656
0.2	94.2	0.1210938463810685	0.9783447037024413	0.9976044238811734	0.9890666024405064
0.2	94.30000000000001	0.2069854989616378	0.9277130676802126	0.9949983327407687	0.9625682850697135
0.2	94.4	0.28224264139622196	0.8683953118824534	0.9915165371498955	0.9296585827300605
0.2	94.5	0.33591187803308464	0.821321692691037	0.9878653620653814	0.9019333407956037
0.2	94.60000000000001	0.3617757442353691	0.799333032281475	0.9847223887988331	0.888556381514045
0.2	94.7	0.35699112709473413	0.8068589989473176	0.9825710940457647	0.8934548181241934
0.2	94.80000000000001	0.3225116834644696	0.8414791800550399	0.9816640318948111	0.9144768392796503
0.2	94.9	0.26370867006561755	0.8937250438405234	0.9820615214835599	0.9443324300509579
0.2	95.0	0.19203446040772457	0.9468164571959642	0.9836596679630913	0.9728658771026205
0.2	95.10000000000001	0.1328402317933474	0.9804780252123202	0.9861821301823513	0.9901696932893687
0.2	95.2	0.13381193891158666	0.979938656276626	0.9891871744869247	0.9899012929218333
0.2	95.30000000000001	0.19059534780336618	0.9449854311803719	0.9921516605562437	0.971831070519737
0.2	95.4	0.25552531519669014	0.8910822774606488	0.9946254932529517	0.9424512900502029
0.2	95.5	0.30661383100822964	0.8404827346297793	0.9963686366832861	0.9129012856696673
0.2	95.60000000000001	0.3350629429015354	0.8110144276744795	0.9973694892547939	0.8946561598231826
0.2	95.7	0.33714171978495183	0.8111476772611858	0.9977245021947133	0.8947816643631725
0.2	95.80000000000001	0.31247419701487816	0.8406087010106671	0.997473895964453	0.91304355627319
0.2	95.9	0.2641785240864791	0.8906630980552338	0.9965330828117406	0.9422383608380052
0.2	96.0	0.20069542487818334	0.9441147030293384	0.9947822067845752	0.971366948019956
0.2	96.10000000000001	0.14305774767054885	0.980014220191381	0.9922386822348448	0.9899413520281115
0.2	96.2	0.1365019628657734	0.9832395939536818	0.9891657614415723	0.9915715012875409
0.2	96.30000000000001	0.1908740191586418	0.952374143695817	0.9860308760310841	0.9757642552455752
0.2	96.4	0.260402113598289	0.8999708056453729	0.9833579455049238	0.947781329294313
0.2	96.5	0.31809066854442186	0.8456152395773221	0.9815898265730133	0.9169136945584823
0.2	96.60000000000001	0.3522091361027462	0.8072391923316327	0.9810306859721492	0.8936656078003332
0.2	96.7	0.35764760921408245	0.7960041456095193	0.981838366658292	0.8864204949356198
0.2	96.80000000000001	0.3336258264647507	0.8155570569892375	0.9839950659922821	0.8984032018174515
0.2	96.9	0.28280266323580894	0.8620368278435111	0.9872392434835064	0.9260416509878776
0.2	97.0	0.21091253856935735	0.9223797254283769	0.991027217160625	0.9597415022792138
0.2	97.10000000000001	0.12852157080824783	0.9747868874427053	0.99461465542573	0.9872607093764919
0.2	97.2	0.07222273129748455	0.9970428600981959	0.9972735388264964	0.9985198783491394
0.2	97.30000000000001	0.1199815641131891	0.9795536207504562	0.9985461887602097	0.9896793286534022
0.2	97.4	0.20317534281367797	0.9314606688095817	0.9983839404226272	0.9645255855066488
0.2	97.5	0.27768728478236643	0.8738982304714922	0.9970828519356728	0.9326362125696138
0.2	97.60000000000001	0.33127556647705547	0.8276498887164112	0.9950722397765933	0.9054409391009496
0.2	97.7	0.3574531381274579	0.8056497920884584	0.9927152429941921	0.8920694847614308
0.2	97.80000000000001	0.35334257621594745	0.8124372536401876	0.9902498325415618	0.8965109184643902
0.2	97.9	0.31997379600466214	0.8456462268751184	0.9878615970375512	0.9167040447260635
0.2	98.0	0.2629455788347377	0.8958656689846812	0.985768453851354	0.9454459788556328
0.2	98.10000000000001	0.19429703175163784	0.9464764312061531	0.9842157147614388	0.9726882397162577
0.2	98.2	0.14014877021065592	0.97755865193124	0.9833946829021298	0.9886881367076457
0.2	98.30000000000001	0.14398480884657344	0.9748586733116664	0.9833808518891919	0.9873174491680372
0.2	98.4	0.19908705787218628	0.93861501657045	0.9841568771223504	0.9685423920450527
0.2	98.5	0.26216086425131624	0.8844408206818133	0.9856846995989412	0.938953219946845
0.2	98.60000000000001	0.31178896548104473	0.8344493533430116	0.9879309052241056	0.9096659782596054
0.2	98.7	0.3389030431280701	0.8062402539260275	0.9907914758108848	0.8920610612626888
0.2	98.80000000000001	0.3394989315796746	0.8081060903332897	0.9939682098106642	0.8931095658714931
0.2	98.9	0.3129221116585258	0.8396628570862427	0.9969213397717891	0.9125073511140388
0.2	99.0	0.2618868414718567	0.8920877695048859	0.9989875872420917	0.9429685750639585
0.2	99.10000000000001	0.19400893780198025	0.9479888580849418	0.9996263664996126	0.9733504881672996
0.2	99.2	0.12916554409197556	0.9859950255205875	0.9986433879826836	0.9929614257655873
0.2	99.30000000000001	0.1191578637576592	0.9904530588488212	0.9962474829920068	0.9952113157199733
0.2	99.4	0.17878442959623506	0.9596287784135805	0.9929253920078982	0.9794917331095713
0.2	99.5	0.2529160305317712	0.9061631733697757	0.9892526536544882	0.9510708431933984
0.2	99.60000000000001	0.31397311581201626	0.8500000079513319	0.9857726049169314	0.9193371103334459
0.2	99.7	0.3509401809501414	0.8094213187660901	0.982969634060639	0.8949195942648357
0.2	99.80000000000001	0.35911805928850044	0.7957863010861898	0.9812578461408143	0.8863183057115871
0.2	99.9	0.33800800016006766	0.8128395758296539	0.9809097135639786	0.8968868041869186
0.2	100.0	0.2906137539788958	0.8568846392706666	0.9819453877324563	0.9232341175744744
