time = tau * tau_parallel
rms: rms distance of hole to its origin
IPR: inverse participation ratio, IPR(tau) = sum_i (n_h(i,tau))^2, with hole density n_h(i,tau) at site i at time tau.
return prob: probability of the hole to return to its origin, n_h(0,tau).
leg imbalance: difference between the occupation in the two legs of the ladder (see Eq. (15) in the manuscript).


time, rms, IPR, return prob, leg imbalance
0.4	0.0	0.0	1.0	1.0	1.0
0.4	0.1	0.10755914320070552	0.9772589340767688	0.9968923355204166	0.9885132127335395
0.4	0.2	0.2067915616438327	0.9197426367180952	0.9881423895522329	0.9583618096983726
0.4	0.30000000000000004	0.2898377533650347	0.8518821551371737	0.9753896050661615	0.9205481284837463
0.4	0.4	0.34990861616898944	0.7970512241701698	0.9610573005301687	0.8880928026849919
0.4	0.5	0.3820846904428634	0.7690053427162579	0.9478236924206528	0.8710789863116472
0.4	0.6000000000000001	0.38425602508058854	0.771986136135299	0.9379510429197472	0.8735571633315775
0.4	0.7000000000000001	0.35808736426581295	0.8030432463366671	0.9327379358722436	0.8930217239329202
0.4	0.8	0.3100417754438182	0.8524166168670305	0.9323494147999166	0.9219064454763888
0.4	0.9	0.25300169374019715	0.9037890286556389	0.9360726978980806	0.9501614437015937
0.4	1.0	0.20888527821582895	0.9380547295944814	0.9428004734157434	0.9682325544316576
0.4	1.1	0.2032166537136957	0.9413223048003369	0.951446229680678	0.9699993963993457
0.4	1.2000000000000002	0.23639547335158487	0.9129460125427369	0.9611030378573163	0.9550596469587774
0.4	1.3	0.2828392628618359	0.8668604477197116	0.9709678061033075	0.9294031141845377
0.4	1.4000000000000001	0.32138572968959345	0.8238316418293203	0.9802022536829935	0.9036273472611472
0.4	1.5	0.3410636906914884	0.8008617316555129	0.9878878204929724	0.8888254982130347
0.4	1.6	0.3372365412259859	0.8059569845278788	0.9930963269602724	0.8917478326244377
0.4	1.7000000000000002	0.3095938839582894	0.8382238485103389	0.9949934443845491	0.9116798012667338
0.4	1.8	0.26214015882006064	0.8878956177255044	0.9929280369582235	0.9407670361247118
0.4	1.9000000000000001	0.20565561601680316	0.9367395679937232	0.9865716582980713	0.9675570652412315
0.4	2.0	0.16500024699335575	0.9639883837208238	0.9761800026606209	0.9817637738139207
0.4	2.1	0.1757491362417976	0.9566963915458231	0.9628860222468785	0.9779566064874263
0.4	2.2	0.23260062814649757	0.9165888231102555	0.9487667851744525	0.9569679530620373
0.4	2.3000000000000003	0.30019207670974196	0.8583715939787498	0.9364754345318833	0.9251662395336927
0.4	2.4000000000000004	0.35597410553163567	0.8019443608014684	0.9285063140177579	0.8923764568390812
0.4	2.5	0.38842943572746896	0.7644215715798953	0.9264315450862475	0.8691032660839719
0.4	2.6	0.3922062357705476	0.7560761589651501	0.9304778123416064	0.86345757232968
0.4	2.7	0.3664792047980489	0.7800533674871631	0.9395946125083813	0.878324258398213
0.4	2.8000000000000003	0.31422793843916025	0.832263548960212	0.9518884554120888	0.9097393964597302
0.4	2.9000000000000004	0.2420807368671322	0.8992808560910271	0.9651564167106285	0.9475708649157455
0.4	3.0	0.16259058333204754	0.958373116174359	0.9773091224139381	0.9788818843176943
0.4	3.1	0.10916828161084889	0.9859330814977773	0.9866422081753905	0.9929308117457539
0.4	3.2	0.13813054921889936	0.9713999126776657	0.9920344641754435	0.9855398837677819
0.4	3.3000000000000003	0.212536616447971	0.9240324790662815	0.9931113616044063	0.960615607577004
0.4	3.4000000000000004	0.2853697467759617	0.8656878104299283	0.9902784430856959	0.9281236706809143
0.4	3.5	0.3402346047921162	0.8175704319028123	0.9844973933862843	0.8997764051566814
0.4	3.6	0.36970773147538344	0.7924850571733946	0.9768524126961325	0.8846648226235192
0.4	3.7	0.3709192097754998	0.7946038653531804	0.9681789894081039	0.8865555715857167
0.4	3.8000000000000003	0.3454399377639618	0.8213429082109087	0.9590295543128999	0.903322734272995
0.4	3.9000000000000004	0.30012001713833963	0.8636547324279921	0.9499725177853188	0.9280846423909617
0.4	4.0	0.24878420470825954	0.906199434233729	0.9419192386351997	0.951455913436718
0.4	4.1000000000000005	0.21402328261660175	0.9310473692636076	0.9361450751011431	0.9644788825153602
0.4	4.2	0.21769738692498605	0.92584403614365	0.9339350318464469	0.9617111779002254
0.4	4.3	0.2549258033795227	0.8917445479972399	0.9360856487529952	0.9435569769206928
0.4	4.4	0.30143959634306683	0.8439010352730967	0.9425786557555036	0.9166976009183619
0.4	4.5	0.3383863270055124	0.8029306577517549	0.9525763052991743	0.8919244642324389
0.4	4.6000000000000005	0.35555626845984445	0.7846757888149393	0.9646452163957252	0.8798652983794649
0.4	4.7	0.34830527807935063	0.7959196023390424	0.977004374860806	0.8864049895251024
0.4	4.800000000000001	0.31596293803423303	0.8348917756534197	0.9876948260192523	0.9100608938479868
0.4	4.9	0.2617646620958125	0.8912892114587371	0.9947662205530327	0.9426378767638787
0.4	5.0	0.194902731487018	0.9466549397262467	0.9966414110994255	0.972684940428175
0.4	5.1000000000000005	0.13958250690987167	0.9799120663744599	0.9926410838616878	0.9898901067042322
0.4	5.2	0.1443360431514494	0.9771653971486473	0.9833830949941814	0.9884883554186898
0.4	5.300000000000001	0.20772707543751817	0.9388251663036544	0.9707174416159593	0.9687403191680564
0.4	5.4	0.2826559359124866	0.8789526436195899	0.9571359102867982	0.9365490515405146
0.4	5.5	0.34496042264760696	0.8179601300088817	0.9449773013750097	0.9016679011707348
0.4	5.6000000000000005	0.3838956860402022	0.774007528403285	0.9358786726883771	0.874910926666465
0.4	5.7	0.3947862293205556	0.758118895866687	0.9306854191797211	0.8648460117783481
0.4	5.800000000000001	0.3773317179291294	0.7737609467739526	0.929664487957972	0.8748047118052518
0.4	5.9	0.3351086128960693	0.8172247252643839	0.9327011224178697	0.9013501864272916
0.4	6.0	0.2757457421134031	0.8762312961993528	0.9393103306397108	0.9351419814155634
0.4	6.1000000000000005	0.21297350867629788	0.9303059803118525	0.9485690681816917	0.9642553532742156
0.4	6.2	0.17215799349706787	0.9582771634847149	0.959190914291963	0.978779783365185
0.4	6.300000000000001	0.18198128121750448	0.9502138408558375	0.9698156133170169	0.9746689350833669
0.4	6.4	0.23172682870510278	0.9132881255197539	0.9793323667969951	0.955040278955154
0.4	6.5	0.28909959710864047	0.8659932512905557	0.9869708770176754	0.9284491989622327
0.4	6.6000000000000005	0.3342606712914373	0.82702652277245	0.9920953623937488	0.9052200799984187
0.4	6.7	0.35735209742583923	0.8082443101465653	0.9939494569983155	0.8936282461460405
0.4	6.800000000000001	0.3543815147821336	0.8138245769055327	0.9917038138694549	0.8973079187641113
0.4	6.9	0.32641139881140296	0.8414784047498235	0.9849079339161555	0.9143804496550869
0.4	7.0	0.28024210821723256	0.8824269648924483	0.9740489373251813	0.9382187340824715
0.4	7.1000000000000005	0.23056684953790874	0.9214869072197244	0.9607524404678547	0.9595871771538531
0.4	7.2	0.2022774127560842	0.9410254648010841	0.9474031155098722	0.9697292612881498
0.4	7.300000000000001	0.21680417826720405	0.9294947309408268	0.9364036238830244	0.9636018161091752
0.4	7.4	0.2636072549766174	0.8891613010268283	0.929531147768895	0.9421117006350329
0.4	7.5	0.316733358893779	0.835887120406146	0.9276936215371704	0.9122875531302833
0.4	7.6000000000000005	0.3584329843793636	0.7903663085549864	0.931017748164668	0.8849852691454156
0.4	7.7	0.37924839076073763	0.7683677708278471	0.9389812242756854	0.870794635799455
0.4	7.800000000000001	0.3748248076057108	0.7769042038440571	0.9504133049727629	0.875790990053947
0.4	7.9	0.34458144573630295	0.8149108135917407	0.9634753810799744	0.8990397821633385
0.4	8.0	0.29166913440176323	0.8732727703805224	0.9758802073487383	0.932984610544094
0.4	8.1	0.22448185509810445	0.934552738242079	0.9854465230114212	0.9664134744172824
0.4	8.200000000000001	0.162842613625346	0.9772494498571208	0.990753481686314	0.9885406203816656
0.4	8.3	0.14853069401951718	0.9851644450501047	0.99148104681592	0.9925478625249561
0.4	8.4	0.19769122897296246	0.9558014407568748	0.9882079925816843	0.9775385156513516
0.4	8.5	0.26832398335746377	0.9013936277909754	0.9818595071454521	0.9485956180199693
0.4	8.6	0.3309138396346443	0.8420195133943346	0.9732687598020847	0.9150997882783991
0.4	8.700000000000001	0.3726327306304004	0.7962597535042419	0.9631674455661325	0.8877584500850675
0.4	8.8	0.3881665156841464	0.7755942486508183	0.9524834129542655	0.8751279243287464
0.4	8.9	0.37709104460965664	0.7838069414737207	0.9425305963431745	0.8806977334747266
0.4	9.0	0.3431973409114192	0.8176589793330928	0.9348120158797188	0.9016014022982666
0.4	9.1	0.29465558720794177	0.8661391705619899	0.9305592602724201	0.9295784714535349
0.4	9.200000000000001	0.24536388482134622	0.9111484206507028	0.9303811999447034	0.9540148750672068
0.4	9.3	0.21610256633521926	0.9340040708894017	0.9342606397237427	0.9659956141846905
0.4	9.4	0.22419276600699567	0.9256899964142922	0.941788951178201	0.9617296430865627
0.4	9.5	0.26241339816595044	0.892313393681028	0.9523209099011455	0.9438696222838012
0.4	9.600000000000001	0.30846192195561734	0.8506121590766518	0.9648567258902888	0.9202070969129426
0.4	9.700000000000001	0.344759879308022	0.8180924949931111	0.9777929537094875	0.9004521790815356
0.4	9.8	0.3610938967109375	0.8060800447374187	0.9889137723985681	0.8925479015053216
0.4	9.9	0.3528188484726713	0.8184078029633656	0.9958767286686802	0.8998952269107906
0.4	10.0	0.3202873334976903	0.8522990404031461	0.9970377655132208	0.9202791900799847
0.4	10.100000000000001	0.2695679800211056	0.898269417188242	0.9921113911999164	0.9466639066510296
0.4	10.200000000000001	0.21512757940818397	0.9404482741679514	0.9822238330873029	0.9695459856877428
0.4	10.3	0.18435626718709902	0.9609448342177516	0.9693707848900612	0.9801702714130901
0.4	10.4	0.20296359206457237	0.9483765989374601	0.9557189119216243	0.9736306194429107
0.4	10.5	0.25721471069102175	0.905069236378362	0.9431914231031185	0.9508301440363282
0.4	10.600000000000001	0.3175366210215192	0.8466467458720917	0.9333970299730875	0.9185417524593023
0.4	10.700000000000001	0.3658609619450127	0.7938228545049786	0.9276238285781059	0.8873571014633156
0.4	10.8	0.3930135906704337	0.7630706937974896	0.9266548998169513	0.8680452207277768
0.4	10.9	0.39482901934767056	0.762563644444989	0.9304765491987879	0.8675715966441542
0.4	11.0	0.37082492687407315	0.7927095672655975	0.9381786677888826	0.8863861286721936
0.4	11.100000000000001	0.3241576264601227	0.8463296094885543	0.9482493779989347	0.9181973165838171
0.4	11.200000000000001	0.262772500087689	0.907831622497916	0.9591346420620045	0.9523537853666171
0.4	11.3	0.20318344502107255	0.9561803858037657	0.9696777670304407	0.9777685207332347
0.4	11.4	0.176050626359593	0.973748777642494	0.979125886518407	0.9867589851558701
0.4	11.5	0.20326572149910452	0.9555858693754005	0.9867620733266002	0.9774342569113013
0.4	11.600000000000001	0.26067198418887133	0.9115781308996818	0.9915762284134687	0.9539845567462993
0.4	11.700000000000001	0.31730419219702943	0.8600631534481388	0.9923801210564209	0.9249825837800141
0.4	11.8	0.35689744550049635	0.818592591942606	0.9883722068062603	0.9003771544646952
0.4	11.9	0.3724310239053662	0.7983405584789709	0.9797275096841135	0.8881758609988816
0.4	12.0	0.36271724935323246	0.8033621741901072	0.9677415995126594	0.8918314698050959
0.4	12.100000000000001	0.331371050500869	0.8311792997387196	0.9544350835190426	0.9091051335662867
0.4	12.200000000000001	0.2869130438971927	0.8721523539537586	0.9419480074723571	0.9327987828300562
0.4	12.3	0.24397386017072756	0.909903638372073	0.9321261965294902	0.9532784608255144
0.4	12.4	0.2230432253765455	0.9268998035861186	0.9264065593505765	0.9621016823820331
0.4	12.5	0.23784894516696398	0.9141768276546173	0.9257847792474079	0.9554321495031555
0.4	12.600000000000001	0.27880727796754745	0.8774662838914931	0.9306219423325013	0.9357225928159811
0.4	12.700000000000001	0.32527834548353735	0.8335747148000627	0.9403191378044582	0.9107822130900529
0.4	12.8	0.3612688976935579	0.800465998774554	0.9531680758080551	0.8906090029289834
0.4	12.9	0.3771024771939108	0.7897883767399818	0.9666719358281711	0.8834459799014064
0.4	13.0	0.3680750750622061	0.8054019437772176	0.9782976310948498	0.8927339278773359
0.4	13.100000000000001	0.3340903818267767	0.844360774576806	0.9862529881683281	0.916015287771414
0.4	13.200000000000001	0.2802890171058581	0.8968691369252697	0.9898275789625286	0.945934749837907
0.4	13.3	0.21940126134978194	0.9466615988041256	0.989171091927299	0.9727636046149365
0.4	13.4	0.17753388749098262	0.9752528815073461	0.9848154172418068	0.9875302564592054
0.4	13.5	0.1869428570918674	0.9699829556088646	0.9773810455018515	0.9848436789679692
0.4	13.600000000000001	0.23981452063130407	0.9310761076256714	0.9676370681859928	0.9647037795598232
0.4	13.700000000000001	0.3028961153785894	0.8722596230848405	0.9566949397021639	0.9328139609543297
0.4	13.8	0.35569850514341667	0.813949888773433	0.9459970371743284	0.8991123349292365
0.4	13.9	0.3884055271454404	0.7740117985708388	0.9370059844363005	0.8746312057438217
0.4	14.0	0.39669317023399164	0.7625549031053176	0.9308305546404525	0.8675295795438784
0.4	14.100000000000001	0.3799867220293143	0.7817461127845919	0.9280922386353141	0.8798747205352467
0.4	14.200000000000001	0.3412876495595629	0.8261544620345753	0.9290837691769344	0.9067581247236932
0.4	14.3	0.2881342349787084	0.8819175663278707	0.9339650940131297	0.9382947569960776
0.4	14.4	0.23521357236580911	0.9291660923825996	0.9426965277484667	0.9635655447769862
0.4	14.5	0.20675252636990588	0.950414180070105	0.9546790674867548	0.9746610012669569
0.4	14.600000000000001	0.22172020232780212	0.9397054511962419	0.9684116405608604	0.9691863721145884
0.4	14.700000000000001	0.2669353635684692	0.9049479404142247	0.9815615334402877	0.9505433714615055
0.4	14.8	0.3157368556448798	0.8622026935526269	0.9915694765027963	0.9262895356328767
0.4	14.9	0.3505112100280647	0.8274176619747676	0.9964918750093875	0.9054181274772479
0.4	15.0	0.3628041578217943	0.8113057835487539	0.995584593742738	0.8954502306951213
0.4	15.100000000000001	0.35056212387766844	0.8183286365236675	0.9893369992218942	0.9000281879745976
0.4	15.200000000000001	0.3169873317936566	0.8468352268840927	0.9790833243799884	0.9175468440818012
0.4	15.3	0.2707220845106423	0.888012883202287	0.9665619041975959	0.9413360866758739
0.4	15.4	0.22763762619980302	0.9256183350838707	0.9536613707663512	0.9617361982063221
0.4	15.5	0.21092385405406558	0.9411144705028864	0.9422787025215064	0.9697426258495039
0.4	15.600000000000001	0.23435645254549295	0.9242096509452737	0.9340792304074159	0.9608907788952469
0.4	15.700000000000001	0.28417725741325384	0.8804929284973285	0.9301223630223298	0.9374847967984525
0.4	15.8	0.3379325638160851	0.8281709513861809	0.930573315137684	0.9078713660479505
0.4	15.9	0.37983158432642045	0.7870505280352461	0.934756747643069	0.8830270600738093
0.4	16.0	0.40041552427508253	0.7700851268678318	0.9415689974644188	0.8721714668033362
0.4	16.1	0.3948698088839205	0.7819330514752386	0.949976212387008	0.8794348961946686
0.4	16.2	0.36269130192007004	0.8203735259554134	0.9592503210398963	0.9027595522452678
0.4	16.3	0.3081618057835331	0.8764059643253891	0.9688057791041181	0.9349890792579025
0.4	16.400000000000002	0.24190282873136434	0.9342322861229783	0.9778329634163525	0.9663188102147429
0.4	16.5	0.1855631761263945	0.9745814279552226	0.9851060742086479	0.9871886793566375
0.4	16.6	0.17387513519885744	0.9820901221947211	0.9892060201282193	0.9909933905489536
0.4	16.7	0.21500276101089927	0.9532020076571758	0.9890433634098812	0.9761750927584533
0.4	16.8	0.2756000632487574	0.8989467378179656	0.9843120350484182	0.9471458280567949
0.4	16.900000000000002	0.33007111504535497	0.8395572546927352	0.9755909264755629	0.9133615952873789
0.4	17.0	0.36662493118665285	0.7945603792034023	0.9641339944883845	0.8862821983063993
0.4	17.1	0.3802716032934364	0.7759389562141112	0.9516034397600103	0.8750348375549827
0.4	17.2	0.37016612908167573	0.7871259137159017	0.939903366454068	0.882679024086039
0.4	17.3	0.339252786190243	0.8235012486373228	0.931024070325041	0.9050258705796234
0.4	17.400000000000002	0.2952170940826134	0.8719367191488573	0.9267205153530693	0.9326669665088629
0.4	17.5	0.25255911379393525	0.9134765293072493	0.9280217561750645	0.9550730729070154
0.4	17.6	0.2325047530202946	0.9315868511614653	0.9348074217025576	0.9646529200580359
0.4	17.7	0.24877827421893536	0.9206460421975177	0.9457434890612519	0.9590858787858129
0.4	17.8	0.29008540598536775	0.8878694993729889	0.9586792005341681	0.9414687524660987
0.4	17.900000000000002	0.33411826288600666	0.8481824136696484	0.9713185022406904	0.9188220141334522
0.4	18.0	0.36442350701801907	0.8169296832220915	0.9818139825632141	0.8997612888245508
0.4	18.1	0.3722825759666346	0.8050191112693232	0.9890182237797807	0.8918904280991197
0.4	18.2	0.3550799468531438	0.8174510621523629	0.9923993699727903	0.8992844270390037
0.4	18.3	0.31533188901294784	0.8529460748162377	0.9918528190046539	0.9206262920350265
0.4	18.400000000000002	0.26088510593055797	0.9023670989957593	0.9876223587444768	0.9489009019507493
0.4	18.5	0.2075991774637872	0.9478367158532004	0.9803275546784329	0.9734075675974054
0.4	18.6	0.18351952477901887	0.968087025037947	0.9709329973847829	0.9838525618072346
0.4	18.7	0.2099698523368557	0.950628087139049	0.9605671057084239	0.9748727333568624
0.4	18.8	0.2689284131510176	0.9009724434078238	0.9503007234872894	0.9486505518604271
0.4	18.900000000000002	0.3322698220530321	0.8391651944711167	0.941074412560742	0.9141240370870576
0.4	19.0	0.38274668020986996	0.7872946948972376	0.9338154540056475	0.8832362065727136
0.4	19.1	0.4106117959628987	0.7600286086165701	0.929568207530222	0.8662641808498928
0.4	19.200000000000003	0.41091121956540366	0.7631928047098295	0.929403917135683	0.8683953372539334
0.4	19.3	0.38302837844516824	0.7957034732530935	0.9340439261130581	0.8885754018528349
0.4	19.400000000000002	0.33103764065750535	0.8499364117403037	0.9433823211138183	0.9203747977192607
0.4	19.5	0.2647682990851808	0.9111192118828372	0.9562211978821363	0.9540836656876981
0.4	19.6	0.20308949899861237	0.959456299695611	0.9704269447293241	0.9794160038476477
0.4	19.700000000000003	0.177516174686712	0.9771078656731645	0.9834564083209856	0.9884572093801883
0.4	19.8	0.20542353206803357	0.9574297044803092	0.9929918022596183	0.9783479136319632
0.4	19.900000000000002	0.26014761103652156	0.9096819531113174	0.9974219819528154	0.9527656449902195
0.4	20.0	0.31311327843179837	0.8541542709897207	0.996080908770554	0.9211434131050874
0.4	20.1	0.3503451496760822	0.8111840059934551	0.9893098137993285	0.8953015884802085
0.4	20.200000000000003	0.3659783185786625	0.7932758151039582	0.9784045945157124	0.8846223347702804
0.4	20.3	0.3588695015769885	0.8038875053085242	0.9654053144095615	0.8920746742018213
0.4	20.400000000000002	0.33207105563712375	0.8380772186740838	0.9526636166888443	0.9132007635146282
0.4	20.5	0.29385322919427065	0.8824010501699646	0.9422626335540379	0.9385004981290728
0.4	20.6	0.25948423531278786	0.9181414446517483	0.9355296023371253	0.957707981353103
0.4	20.700000000000003	0.2490583599219244	0.9296170037579887	0.9328804113051007	0.9637001092061808
0.4	20.8	0.27201697378921846	0.9120738954964064	0.9340338097974735	0.9545541489851923
0.4	20.900000000000002	0.31554734351906977	0.873293002951172	0.9383962319384462	0.9336143231138604
0.4	21.0	0.3591819942415905	0.8288362074661257	0.9453425703023441	0.908192582170089
0.4	21.1	0.3877809722554312	0.7950249720188038	0.9542503741539599	0.887456587260863
0.4	21.200000000000003	0.3930027349686858	0.7837393412080367	0.9643584189446915	0.8797433487116677
0.4	21.3	0.3720737003600537	0.8005126959392206	0.9746417869755524	0.8896276824934384
0.4	21.400000000000002	0.32686593912833567	0.8439924859100115	0.9838467607787542	0.9156177468561317
0.4	21.5	0.26384472225566435	0.9040759800926228	0.9906768995186227	0.9497615252162642
0.4	21.6	0.19663929423680043	0.9607311433782929	0.9940120927035955	0.9800271782517537
0.4	21.700000000000003	0.1552381303286006	0.9899251209566202	0.9930704624189857	0.9949463565892663
0.4	21.8	0.17651776513509188	0.9771331712991971	0.9875391446942688	0.9884797119376758
0.4	21.900000000000002	0.2419351846991677	0.9273312408687234	0.977749492204287	0.9626072805688434
0.4	22.0	0.31367043738737455	0.8612416769227652	0.9648667588247166	0.9263319635565536
0.4	22.1	0.37207719740890016	0.8022329332468011	0.9509106304005553	0.8918357975434423
0.4	22.200000000000003	0.4071858611268178	0.7663616405008314	0.9384261903677025	0.8699143388396816
0.4	22.3	0.41418478285633925	0.7606432752383814	0.9298423194227136	0.8666540511142962
0.4	22.400000000000002	0.39276187667695883	0.7850643238167956	0.9267986223249854	0.8821210132178036
0.4	22.5	0.3474732181567811	0.8331730785876463	0.92975633326261	0.9107954515563157
0.4	22.6	0.2886933989511735	0.8911523288616248	0.9380093704521305	0.9432551503018262
0.4	22.700000000000003	0.23468534962208945	0.9392313337585114	0.9499788397887898	0.9688359370061924
0.4	22.8	0.21126462044953478	0.9586778162741579	0.9635984718681759	0.9789739970163154
0.4	22.900000000000002	0.2315619524942354	0.9420725306787263	0.976680159120812	0.9704160906564531
0.4	23.0	0.27705805197160166	0.8987146508907344	0.9872530568855554	0.946923837174217
0.4	23.1	0.32315402972529333	0.8491466354493077	0.9938895685697088	0.9182369681567705
0.4	23.200000000000003	0.35528570546470895	0.8133330269479124	0.9959654002234116	0.8962236831789452
0.4	23.3	0.3666054100956663	0.8028575775620702	0.9937292537655397	0.889789139688745
0.4	23.400000000000002	0.3553540412606499	0.8201457178849808	0.9880851574666815	0.9010660885739512
0.4	23.5	0.3244365156423234	0.8592083461975544	0.9801553136422818	0.9248093285684947
0.4	23.6	0.2826574332283632	0.9056449373482156	0.9708810214984364	0.9510644908559361
0.4	23.700000000000003	0.24701916032224544	0.9401279509229793	0.9609299759036645	0.9694328639526666
0.4	23.8	0.24005443612952063	0.9468018538159211	0.9509388718067355	0.9728251707182465
0.4	23.900000000000002	0.27017344259330767	0.9212838481646044	0.9418273247464166	0.9594858569473019
0.4	24.0	0.3206605990974305	0.872598602143643	0.9348595163075823	0.9332204537233443
0.4	24.1	0.3695378269737743	0.8183870886390072	0.9313613971296276	0.9022463330416334
0.4	24.200000000000003	0.40186426224007854	0.7770528041203341	0.9322847578739879	0.8769482890611722
0.4	24.3	0.40968621440184355	0.7616671402891502	0.9378825961082323	0.866738546647301
0.4	24.400000000000002	0.3904321327011074	0.7780114578294623	0.9476098229892321	0.876634560781113
0.4	24.5	0.34592605388706404	0.824477447741691	0.9601885817250639	0.9048037920694877
0.4	24.6	0.2821954544596269	0.8903225303472296	0.9737439677780299	0.9424789864671173
0.4	24.700000000000003	0.21141535094998945	0.9545027273878347	0.9860088467252694	0.9768418229013278
0.4	24.8	0.16008049061641283	0.9919261706580453	0.994678956676952	0.9959523906454194
0.4	24.900000000000002	0.16862833956188142	0.9870797880607841	0.9979523384401053	0.9935066799284582
0.4	25.0	0.22907969112698653	0.9437455491045695	0.9951112300440452	0.9711309744280038
0.4	25.1	0.30059021050517654	0.8814217595496132	0.9868452870845801	0.9372661981528915
0.4	25.200000000000003	0.36051494489003616	0.8229447111988667	0.9750632510358722	0.9035410232008988
0.4	25.3	0.39806403211015645	0.7847610753896472	0.9622326394448262	0.8805649475522438
0.4	25.400000000000002	0.4083953385913608	0.7746741323014856	0.9506055662216644	0.8747568330590743
0.4	25.5	0.3915314962818253	0.7933759484543011	0.9417405014684532	0.886817347993428
0.4	25.6	0.3526286056544541	0.8349459989895323	0.9364593195968681	0.9117726460627753
0.4	25.700000000000003	0.30280915060009006	0.8859225529032301	0.9350459155453095	0.94045679229444
0.4	25.8	0.2601572010939825	0.9268744354438341	0.937400186616511	0.9623354462335895
0.4	25.900000000000002	0.24592790091744415	0.9399130277819141	0.9430464874834293	0.9691762610090099
0.4	26.0	0.26714550971192935	0.9191704458961287	0.9511243762256714	0.958375311372454
0.4	26.1	0.3080022124451751	0.8753576643179134	0.9605235332208937	0.9343973815045084
0.4	26.200000000000003	0.34816942304224485	0.8292225306742701	0.9701523503798949	0.9073091413404493
0.4	26.3	0.3741625875663372	0.7997908630966392	0.9791468925200145	0.8887113806633001
0.4	26.400000000000002	0.3789420204984464	0.7974351871739943	0.9868352007867547	0.8868096021412188
0.4	26.5	0.36034007625391895	0.8235736172883327	0.9924904230338593	0.9029633134140947
0.4	26.6	0.3208730311839281	0.8713343833504283	0.995144101158281	0.9313102743083949
0.4	26.700000000000003	0.2692104836444038	0.9253410261749057	0.9937441307579596	0.9613928741036659
0.4	26.8	0.22387689357445975	0.9649556859003214	0.9876686170821539	0.9822660383174205
0.4	26.900000000000002	0.21324510869720767	0.972803617634096	0.9772679832783593	0.9862584767173612
0.4	27.0	0.2489053847220249	0.9437030238347337	0.9640252716842421	0.9712718220245065
0.4	27.1	0.30824862417610477	0.8875864275928008	0.9501963369125339	0.9413440765769477
0.4	27.200000000000003	0.3654895098050988	0.8243972987764664	0.9381702612381099	0.9055557239087764
0.4	27.3	0.40527643830655297	0.7747166359343896	0.929927955483078	0.8754218260216159
0.4	27.400000000000002	0.42003040805723063	0.752574657476121	0.9267805312369515	0.8612106270905826
0.4	27.5	0.4075902041817017	0.7637160395704774	0.9292799165149057	0.8682280368130806
0.4	27.6	0.37020530937283536	0.8062688472474994	0.9371167547562844	0.8945306665142382
0.4	27.700000000000003	0.31443447087520054	0.8695582271609634	0.9490052686655918	0.9312664236696678
0.4	27.8	0.25262342511227487	0.9332704421815178	0.9627652819270232	0.9658171005485857
0.4	27.900000000000002	0.20691904548872855	0.9734348945139127	0.9757872386004831	0.9865826794180583
0.4	28.0	0.2053272035818814	0.9749076385576143	0.9857899495530325	0.9873487850317009
0.4	28.1	0.24817487427046006	0.9402568575468386	0.9914947338058334	0.9693281632385464
0.4	28.200000000000003	0.3070069497624085	0.8868623828213931	0.9928189815194046	0.9401616272634313
0.4	28.3	0.3588780912306643	0.8358900912002807	0.9904969330881008	0.9106538640939907
0.4	28.400000000000002	0.39142294636974456	0.8030590120076158	0.9854403667744316	0.8908435776836605
0.4	28.5	0.39908764780834016	0.7959488880100728	0.9783178684702164	0.8868239763063664
0.4	28.6	0.38174854488078763	0.8150049367921229	0.9696031849391801	0.8990425515118988
0.4	28.700000000000003	0.34481710918522546	0.8538594712065619	0.9599179205664963	0.9222963415850597
0.4	28.8	0.3000676222542622	0.8987127582445985	0.9502622932591829	0.9474194224337141
0.4	28.900000000000002	0.2660338564839578	0.9306946344802046	0.94189583589652	0.9643773024573693
0.4	29.0	0.2617126869489838	0.933880489757623	0.9360014553517086	0.9659515029155598
0.4	29.1	0.28944600303495566	0.9049732766581188	0.9334457035484163	0.9507038298171662
0.4	29.200000000000003	0.332537769475417	0.8562729804237881	0.9347679048776493	0.9239064527569084
0.4	29.3	0.37244191880193345	0.8085218625733889	0.9402255445978615	0.8958004762039805
0.4	29.400000000000002	0.3968389815828653	0.7799745129102663	0.9496519104319562	0.8776827473102472
0.4	29.5	0.39909995077361066	0.7804123301111001	0.9621273282965666	0.8773876772518209
0.4	29.6	0.3771077279632447	0.8110750037040498	0.975764277522275	0.8961205793427623
0.4	29.700000000000003	0.3331666372434857	0.8651667569586955	0.9879435091367567	0.9279957227880931
0.4	29.8	0.27534017085091667	0.9271724108862484	0.9960489043652825	0.9623331057315856
0.4	29.900000000000002	0.22137151654842735	0.9753780160418944	0.9983602855618787	0.9875661132436054
0.4	30.0	0.20183930876008235	0.9903826237108384	0.9945978406822138	0.9951761100250507
0.4	30.1	0.2344963861315358	0.9652266210915356	0.9858283642458986	0.9824035229332098
0.4	30.200000000000003	0.2961141921765696	0.9094632539646466	0.9738877372841132	0.9530865254183267
0.4	30.3	0.35775855382545113	0.8438367227545244	0.960772619873147	0.9164749239872445
0.4	30.400000000000002	0.4029538691341448	0.7898456353574987	0.9483434555097588	0.8843030062443081
0.4	30.5	0.42388908309619117	0.7619483367162836	0.9382877189529338	0.8669152993434035
0.4	30.6	0.4184690015606964	0.7659364218507949	0.9320330123133516	0.8696859580932147
0.4	30.700000000000003	0.38922167102732597	0.8000464822819358	0.9304408526147157	0.8910451555251563
0.4	30.8	0.34312920661542934	0.854432179873081	0.933473619560776	0.9229646046303182
0.4	30.900000000000002	0.29242482183482826	0.9107013178851051	0.9401860228247974	0.9538735529912191
0.4	31.0	0.2556085333728143	0.947119202383744	0.9491571769645473	0.9729849566654812
0.4	31.1	0.25161587012667647	0.9496078607661876	0.9590861179355484	0.974328715462616
0.4	31.200000000000003	0.2815315998194415	0.920106546300054	0.9691139506329899	0.9588218541026856
0.4	31.3	0.3267643449937565	0.8745217856415726	0.9786633673106038	0.9335655346151858
0.4	31.400000000000002	0.3678431106523037	0.8326254524341872	0.987000249063278	0.9088266563877773
0.4	31.5	0.39226680685969223	0.8089960523567795	0.9929664806431451	0.8940965348117367
0.4	31.6	0.3939412948590125	0.8101470143786583	0.9951938702784847	0.8947550615805079
0.4	31.700000000000003	0.3724015435995812	0.8353865605034458	0.9926945197580087	0.9103665253429583
0.4	31.8	0.33304035047701536	0.8771434912237949	0.9853944746085279	0.9349716850929805
0.4	31.900000000000002	0.28820057279598243	0.9208271106072224	0.9742365706514312	0.9591886769242887
0.4	32.0	0.2576919312811318	0.9480104875031015	0.9608618147538314	0.9734747749920762
0.4	32.1	0.26058609923112186	0.9445108072738051	0.9471991939178261	0.971535600857644
0.4	32.2	0.2960321801003285	0.9088595828840975	0.9352393570896151	0.9527494939126129
0.4	32.300000000000004	0.34498702375406903	0.8540996489048193	0.9269363405797075	0.9227151200797554
0.4	32.4	0.3890698703312953	0.8008383048150541	0.9239664478269375	0.891581123273143
0.4	32.5	0.41672448685980784	0.7672416888181375	0.9272249127104387	0.870553867664299
0.4	32.6	0.42193932083471464	0.7634058508892723	0.9363018116024102	0.8677393004359542
0.4	32.7	0.4029964675375408	0.7911927197898351	0.9493646139248033	0.8849456290102836
0.4	32.800000000000004	0.3623146063906197	0.844708070571409	0.9636709924676018	0.9168554719827359
0.4	32.9	0.3074764448785687	0.9093090901782941	0.9764946997627323	0.9529760900657004
0.4	33.0	0.2539672237950287	0.9634554393740073	0.985939268736244	0.9815003331957504
0.4	33.1	0.2271830456160391	0.9869403683748966	0.9912044927141245	0.9934427393024227
0.4	33.2	0.24617282085407757	0.971344112399653	0.9922935968765367	0.9855260312438417
0.4	33.300000000000004	0.29734722671000685	0.9244714003654557	0.9895487744367593	0.9609939021260117
0.4	33.4	0.35384860525040795	0.8653111174186519	0.9834351983123297	0.9283039204907433
0.4	33.5	0.3976190305245444	0.8140800641003324	0.9746530551364544	0.8982458134232705
0.4	33.6	0.4196671022652701	0.7848073473459516	0.9642963037018667	0.8804055849091974
0.4	33.7	0.41733499892478626	0.783552244592115	0.9537552439250505	0.8800381006036704
0.4	33.800000000000004	0.39300021183050415	0.8092921929398407	0.944372128244778	0.8962993166005271
0.4	33.9	0.35372815190705303	0.8536280261160565	0.9371490782413187	0.9224656354820553
0.4	34.0	0.3115747251004653	0.90032562161889	0.9327574022816626	0.9482579373095577
0.4	34.1	0.2831113551095115	0.9295942711069466	0.9317641766072489	0.9636703286492526
0.4	34.2	0.28280397054181	0.9281574885771817	0.9347361185926243	0.9629290420427092
0.4	34.300000000000004	0.31021181815261895	0.8978286540542365	0.94197966921385	0.9468576614786114
0.4	34.4	0.350269129341634	0.8542010263861294	0.9530437555477256	0.9224793228201115
0.4	34.5	0.3862682136011043	0.8166881933646961	0.9663981983888955	0.9000160429527366
0.4	34.6	0.40645538062564907	0.7992350244540801	0.9796343573186403	0.888725173791292
0.4	34.7	0.4046138924192924	0.8074807766675178	0.9901620618404788	0.893414633917149
0.4	34.800000000000004	0.3798994010103613	0.8397853442624846	0.9960107810822206	0.9128975368292831
0.4	34.9	0.33730973084333343	0.8876933915971721	0.9962897742449569	0.9406535923370172
0.4	35.0	0.289001259939047	0.9360908655638555	0.9911575717694683	0.9671706278715965
0.4	35.1	0.25535591394346535	0.9665349346794938	0.9815232584665107	0.9830767848325556
0.4	35.2	0.2571371945975589	0.9648269341396906	0.9688120786012274	0.9821602021433791
0.4	35.300000000000004	0.2941857943867911	0.9288996094491723	0.9548954970464785	0.9635176903947028
0.4	35.4	0.3463664728276281	0.8710032134438026	0.9419796670411086	0.9322227139163936
0.4	35.5	0.3945389144385967	0.8117311904951443	0.9322159422101446	0.898086403478404
0.4	35.6	0.4270360281671069	0.770183300955474	0.9270959054964941	0.8725358375131937
0.4	35.7	0.43794685782957027	0.7576114840360877	0.9270025643596921	0.8644608421366061
0.4	35.800000000000004	0.4256301332412742	0.7768446817717596	0.9312568479205602	0.8766870130523847
0.4	35.9	0.39242063542644984	0.8230402006349467	0.9386270990644575	0.9047813592338184
0.4	36.0	0.34533710886821084	0.8829134252524824	0.9479130940463484	0.9388561247571063
0.4	36.1	0.2976517095502801	0.936381629172045	0.9582034344303691	0.9674888936271603
0.4	36.2	0.2690871642793863	0.9642595604738442	0.9687220768526491	0.9818940366329871
0.4	36.300000000000004	0.2756461633468538	0.9578900066447743	0.978525435946546	0.97865015563949
0.4	36.4	0.3119353841677026	0.9230110235281915	0.9863994558817089	0.9602657433324845
0.4	36.5	0.35738267813100566	0.8753613447082434	0.991094701138677	0.9338510895919869
0.4	36.6	0.3942034984812943	0.8323915417383322	0.991730690283361	0.908644944767866
0.4	36.7	0.41239057641118376	0.8069782027590455	0.9880681913724636	0.8931472013901517
0.4	36.800000000000004	0.4086021895684863	0.8054213969807218	0.9805004086930256	0.892464525849282
0.4	36.9	0.38496635827530323	0.8276454034778573	0.9698914370296705	0.9064676231001284
0.4	37.0	0.3486126548824019	0.8665632637622412	0.9574973395173297	0.9294634570063288
0.4	37.1	0.31175415974717313	0.9072524979149531	0.9450168687275073	0.9519387465994777
0.4	37.2	0.29047514004201913	0.9306707860074527	0.9345467102439694	0.9641818060399632
0.4	37.300000000000004	0.2971446571799271	0.9237034231854281	0.9281950050825922	0.9604461376522464
0.4	37.4	0.32932504541962077	0.8883445565958906	0.9274063361974103	0.9416296652547191
0.4	37.5	0.37225154036586494	0.8406503691046701	0.9323762249832593	0.9149854850807138
0.4	37.6	0.4102599609283393	0.8004229542262342	0.9419465845226865	0.8909858273122169
0.4	37.7	0.4320667597980836	0.7817014237818333	0.9540545888664065	0.8790037499852585
0.4	37.800000000000004	0.4313964673886599	0.7901484598006016	0.9664444042542949	0.883867870194915
0.4	37.9	0.40703833258002425	0.8243760077206737	0.9772371253807384	0.9045061102955688
0.4	38.0	0.3633293474661093	0.8765322488013326	0.9851406574826166	0.9346809580132971
0.4	38.1	0.3112449000544975	0.9321526428161419	0.9893819003680974	0.9650994109048913
0.4	38.2	0.269623640504756	0.9725296142607528	0.9896080386533042	0.9861373078792957
0.4	38.300000000000004	0.2603511125728205	0.9813995835874568	0.9859134673752324	0.9906439133633721
0.4	38.400000000000006	0.288902438557874	0.9534068740534443	0.9789171464494909	0.9763339282445342
0.4	38.5	0.337817614485814	0.8983089179180573	0.9696949048647315	0.9470518117759744
0.4	38.6	0.38677533556365135	0.8364626137940151	0.9595028385151454	0.9120785941483048
0.4	38.7	0.4227837912396139	0.7884386143876737	0.9494697264852239	0.8831465808207828
0.4	38.800000000000004	0.4391668470947585	0.7671476202969206	0.9405034130140298	0.8699925712903464
0.4	38.900000000000006	0.43380003050466903	0.7765525282285418	0.9334480273492085	0.8764106245876815
0.4	39.0	0.4086062330702471	0.8127238344502328	0.9292596882402159	0.8988411358253159
0.4	39.1	0.3700398252929322	0.863622391621387	0.928927439839135	0.9282160890587241
0.4	39.2	0.32999518546244	0.9109901690792787	0.9330982913963308	0.9539352195781912
0.4	39.300000000000004	0.304903862306279	0.9374808352382377	0.9416418691371229	0.9678566510965674
0.4	39.400000000000006	0.3076137871473432	0.9349659060438343	0.9534640544277067	0.9666575312682517
0.4	39.5	0.33524286654800817	0.9076561617498335	0.9667070153435371	0.9521892690055374
0.4	39.6	0.3718805414264889	0.8686367195404225	0.9792144837300526	0.9303810987019792
0.4	39.7	0.4015951890921039	0.8332852593654386	0.9890034585749741	0.909346246591692
0.4	39.800000000000004	0.4144962476526986	0.8137624316310049	0.9945612825951109	0.8970218191375948
0.4	39.900000000000006	0.4069924661154839	0.8165690830153672	0.9949868566586058	0.8985839403794551
0.4	40.0	0.38099342494656546	0.8420621152003909	0.9901100182573284	0.9142461835076499
0.4	40.1	0.3435609420819436	0.883401013545717	0.9806340217191221	0.9384893002030009
0.4	40.2	0.3071466728620623	0.9254242782671863	0.9681608154325161	0.9616321762788237
0.4	40.300000000000004	0.28836014731619564	0.9483922514344408	0.954913417009844	0.9736214597665858
0.4	40.400000000000006	0.2995338375847216	0.9386252105512224	0.9431622301263947	0.9684791478379355
0.4	40.5	0.33713852584448245	0.898205341330013	0.9346206603070281	0.9471107475470385
0.4	40.6	0.3855363744733072	0.8437683942521155	0.9301324742980596	0.9169351772040526
0.4	40.7	0.42880397021774225	0.7957941357133331	0.9297596874036109	0.8886493767360646
0.4	40.800000000000004	0.4555029156229892	0.769042600813057	0.9330970584967461	0.8719920571802225
0.4	40.900000000000006	0.4590988834571052	0.7701165593567834	0.9395381567419517	0.872508819966668
0.4	41.0	0.43798988407982997	0.7990189149583706	0.9483501909943846	0.890239074670542
0.4	41.1	0.3958601124403472	0.8498208779668764	0.9586202474668899	0.9200965403633167
0.4	41.2	0.3423749804191193	0.9098171867182095	0.9692280334340572	0.9533543813927573
0.4	41.300000000000004	0.2940387622736038	0.9603448160693795	0.9789320356180822	0.9799141711980314
0.4	41.400000000000006	0.27175590807251215	0.9825074802873889	0.9865269824176653	0.9912043381702835
0.4	41.5	0.28656944684163255	0.9667882854928178	0.9909752150577266	0.9831913343496805
0.4	41.6	0.3271405171686534	0.919755195014035	0.9914800833412841	0.9583707961869641
0.4	41.7	0.37337661559794805	0.8609421602924555	0.9875761843323151	0.9254488944644054
0.4	41.800000000000004	0.41051466998576913	0.8117797763656645	0.979325469358347	0.8962463274724419
0.4	41.900000000000006	0.4304542101535101	0.7863734268656493	0.967577127390426	0.8809090937497035
0.4	42.0	0.43015405598706197	0.7895875142938973	0.9540828342923688	0.8837401117878634
0.4	42.1	0.41102737100889875	0.8182261623548798	0.9412503805129167	0.9017978054195365
0.4	42.2	0.37930947488202454	0.8612458831790141	0.9315362443030013	0.9267875381502585
0.4	42.300000000000004	0.3465574011465235	0.9017914130535142	0.9267506781741635	0.9488900853306265
0.4	42.400000000000006	0.32786351640022626	0.9236898036326041	0.9276200772309982	0.9604351431081456
0.4	42.5	0.33385676898159156	0.9189194007289809	0.933755042585539	0.9580530604364181
0.4	42.6	0.3612113429398164	0.8908678175100131	0.9439076149120782	0.943171119395971
0.4	42.7	0.3956697927920224	0.8519330554846123	0.9563058510840133	0.9213436932532614
0.4	42.800000000000004	0.4226634064687412	0.8176461477503829	0.9689562646639555	0.9007261388222214
0.4	42.900000000000006	0.43276184666130496	0.800831518195565	0.9799347932347195	0.889700971247062
0.4	43.0	0.42233236391914875	0.8084927427994287	0.9876970935922602	0.8938929567048218
0.4	43.1	0.3929925842313367	0.8410096424952715	0.9913493470944605	0.9135092152945602
0.4	43.2	0.35138008966264667	0.8908923249657323	0.9907566557198635	0.9424276701135766
0.4	43.300000000000004	0.3097088593821818	0.9414912310158656	0.9864136917033596	0.9700349681214111
0.4	43.400000000000006	0.28548877554671176	0.9711386708623374	0.979142174500979	0.9854302777482309
0.4	43.5	0.29361157073451527	0.9646239199090303	0.9698082804228461	0.9820884022645423
0.4	43.6	0.3320333009987625	0.9232988559878169	0.9592473624300868	0.9605966117496884
0.4	43.7	0.3840056818727354	0.8637958599598101	0.9484079162902858	0.9281600601169713
0.4	43.800000000000004	0.4321020727151117	0.8073181227594012	0.9385143633803202	0.8954604400533269
0.4	43.900000000000006	0.4640128741652858	0.7700090120916928	0.931010715806618	0.8727159214838531
0.4	44.0	0.4727844447218903	0.7601610567968663	0.9272427790905682	0.8666256437360995
0.4	44.1	0.45657092445414094	0.7795617987011434	0.9280721437991628	0.8788147541440756
0.4	44.2	0.4187391147203897	0.8241839219524616	0.9336512020086528	0.9055894491174801
0.4	44.300000000000004	0.36821840619616786	0.8829240620053541	0.9434135726881435	0.9388059822843076
0.4	44.400000000000006	0.3198522159189987	0.9374300741545344	0.9561643966292149	0.9679595627532093
0.4	44.5	0.2924018713266126	0.9673436509041804	0.9701675439866896	0.983435470589687
0.4	44.6	0.2980829658967355	0.960756325647795	0.9832713899262268	0.9800999289617435
0.4	44.7	0.3304511689060321	0.9222343624500033	0.9932016609584912	0.9596745090488578
0.4	44.800000000000004	0.3717986746938012	0.8702183242152822	0.9980659120433335	0.9304311378222031
0.4	44.900000000000006	0.40687725490948073	0.8257241189746208	0.9969210672009663	0.9039181887235554
0.4	45.0	0.4265399954784989	0.8028394667096305	0.9901193118127706	0.8900883832269815
0.4	45.1	0.42696699411021966	0.8066232029279707	0.9792058698452503	0.8932245264942401
0.4	45.2	0.40921567016571564	0.8342108905324958	0.966391678943283	0.910628775873733
0.4	45.300000000000004	0.37961734708948874	0.8750699274169282	0.953888917490843	0.9343939097772673
0.4	45.400000000000006	0.3501553937012143	0.9127759524580394	0.9434497412163215	0.9549277588245035
0.4	45.5	0.33609899507639984	0.9309389213793211	0.9362350780552647	0.9644116659454355
0.4	45.6	0.34722018714318387	0.9207485969023815	0.9328713147198171	0.9590896467841158
0.4	45.7	0.3789526939059072	0.8853487592169519	0.9334911030115105	0.9402257717696672
0.4	45.800000000000004	0.4166530697957376	0.8383685181598229	0.9377211507784754	0.9138635878005257
0.4	45.900000000000006	0.4459060151670633	0.7975275721368974	0.9447425334309355	0.8892979502492094
0.4	46.0	0.45733363365471147	0.7774442151384134	0.9535091068334142	0.8761937570065507
0.4	46.1	0.4470701905319726	0.7858988392331584	0.9630241767201592	0.8809405331413395
0.4	46.2	0.4162237689264302	0.823306417551015	0.9724679341749537	0.9036593260291889
0.4	46.300000000000004	0.37068987121435376	0.8816202357073221	0.98107310782926	0.9374674351819312
0.4	46.400000000000006	0.3218937751800451	0.94288623312976	0.9878805917326025	0.9707548846452794
0.4	46.5	0.28760307202150615	0.9834858861893467	0.991658458723805	0.9916976795321181
0.4	46.6	0.2861904511887569	0.9859692187971026	0.9911837494149035	0.9929523762583279
0.4	46.7	0.3198689699534649	0.9496479442114052	0.9858040637823902	0.9743305405545647
0.4	46.800000000000004	0.37179844484685143	0.8900875268357441	0.9759327510369745	0.9424059583632379
0.4	46.900000000000006	0.4224923954269539	0.8289845480363399	0.9631238088503764	0.9076663383888866
0.4	47.0	0.45832081323634966	0.7841570672987186	0.9496565722439699	0.8808118148792116
0.4	47.1	0.47182146467765	0.7657300593392351	0.9378981727204969	0.8696064596911397
0.4	47.2	0.46106238941317224	0.7768483431235101	0.9297990682732147	0.8768749390819955
0.4	47.300000000000004	0.42948138194571167	0.8143649805230637	0.9266582648969264	0.8997435175449688
0.4	47.400000000000006	0.38596286593549545	0.8676730055720493	0.9290280769247745	0.9302988417934857
0.4	47.5	0.34459265505468495	0.9185874635493989	0.9365973941521238	0.9578894809326924
0.4	47.6	0.32182559777286907	0.9468987316362423	0.9480958984539296	0.9727681074116922
0.4	47.7	0.3274341080138447	0.9410732674975639	0.9614321435485358	0.9698767314455372
0.4	47.800000000000004	0.35597604132178884	0.905875836523453	0.9741906975254971	0.9510735995753498
0.4	47.900000000000006	0.3924117368764477	0.8592335469688216	0.9843271419715179	0.9245476283137704
0.4	48.0	0.42272464849611424	0.8211754015194528	0.990691156516916	0.9014568014704389
0.4	48.1	0.4378472584994038	0.8049778123026422	0.993089954239994	0.8912597430699509
0.4	48.2	0.43376354597492084	0.8152668574154821	0.9919241109023444	0.8979118291723487
0.4	48.300000000000004	0.41146497886096756	0.8489521676408857	0.9877219094084961	0.9185870628095009
0.4	48.400000000000006	0.3775467281721367	0.895187243945928	0.9809253972328359	0.9451895270251612
0.4	48.5	0.3448279601314122	0.9366240623107581	0.9720237162876071	0.9676022989585769
0.4	48.6	0.3300316737019725	0.9551646505410865	0.9618120105121999	0.9772034399140661
0.4	48.7	0.34381004650180735	0.9405422248473115	0.951461188855456	0.9696084840653025
0.4	48.800000000000004	0.3805861025940017	0.8962511921686718	0.9422968612063626	0.9461522202659842
0.4	48.900000000000006	0.42409608242188834	0.8382942918792393	0.9354853664216868	0.9138059030432163
0.4	49.0	0.45896856137719183	0.7872482740012872	0.9318949707404917	0.8832872750418859
0.4	49.1	0.4753367722438679	0.7595174625065291	0.9321649306483993	0.8655654174750202
0.4	49.2	0.46896186673191176	0.7634720596176537	0.9367388845247727	0.8677838662858488
0.4	49.300000000000004	0.44056485775744886	0.7996770410683025	0.9456291495534951	0.8902354932950369
0.4	49.400000000000006	0.3955539635828912	0.8602667697092528	0.9579960153982804	0.9258504936629395
0.4	49.5	0.3445917191389352	0.9273541271703729	0.9719249297755408	0.9626503816259869
0.4	49.6	0.3044767087661106	0.9766942988992474	0.9847361992835051	0.9882514068730315
0.4	49.7	0.29420542082368445	0.9890273162106696	0.9937829347408439	0.9944945541724186
0.4	49.800000000000004	0.3197934601471892	0.9611535970119173	0.9973184159152311	0.9802313418515279
0.4	49.900000000000006	0.3669834715882309	0.9068592332408107	0.9949607899992289	0.9512682873094099
0.4	50.0	0.41585640686485714	0.8477155332340135	0.9875755647388209	0.917852194388281
0.4	50.1	0.45183925131676844	0.8025320194374024	0.9767815036919958	0.8909894618923485
0.4	50.2	0.4670135005269054	0.7824038446274478	0.9644578392179605	0.8789395627742977
0.4	50.300000000000004	0.4594056043463161	0.7908352153155844	0.9524760736276631	0.8847643509144278
0.4	50.400000000000006	0.432656360468058	0.8244273108056168	0.9425737581698868	0.9054311572851487
0.4	50.5	0.39590643862722025	0.8720235018784928	0.9361488352264056	0.9327701403931854
0.4	50.6	0.362991480293027	0.9153492909891939	0.9339275484617143	0.9562340723271555
0.4	50.7	0.3485193481916835	0.9353610448382355	0.9357428866509042	0.9667337045753093
0.4	50.800000000000004	0.3592059738489243	0.9226509234344216	0.9407008663495655	0.9601722836544401
0.4	50.900000000000006	0.3884772655676199	0.8836842899833534	0.9477079090564031	0.9391975726922679
0.4	51.0	0.42251698298603824	0.8367828482481423	0.9559781902655394	0.9123127156275026
0.4	51.1	0.44864920651475687	0.8015089655441517	0.9651162619088168	0.8905808697404232
0.4	51.2	0.45852057958094355	0.7906011927912857	0.974730231651184	0.8832291353368008
0.4	51.300000000000004	0.4484312074833888	0.808309936670522	0.983944062623451	0.8939894590258407
0.4	51.400000000000006	0.4194976240598285	0.8511227359069694	0.991271998456494	0.919686757799126
0.4	51.5	0.37842042660042413	0.9072528828684477	0.9950240724620188	0.9515266217167255
0.4	51.6	0.33857032239505397	0.9574513449051127	0.9939895906459432	0.9783565672974716
0.4	51.7	0.31849752054389313	0.9811960544174718	0.9879430968042456	0.9905409469541573
0.4	51.800000000000004	0.3312256751876444	0.9667233711483092	0.97768975686849	0.9831693107334151
0.4	51.900000000000006	0.37111777675377183	0.9180008392721877	0.9647489642251758	0.9577441721649342
0.4	52.0	0.41996493112791533	0.8529121207443254	0.9510088075469956	0.9218969972953682
0.4	52.1	0.4609814560893245	0.793884396373162	0.9385533778355405	0.8870885562428105
0.4	52.2	0.4836770252539078	0.7583331558841513	0.9295346040814045	0.8648418080297068
0.4	52.300000000000004	0.4835483450642919	0.754965559369641	0.9258216971114506	0.8627048217597255
0.4	52.400000000000006	0.4611916679319654	0.7845811475744529	0.9283985883199538	0.8814340690047205
0.4	52.5	0.42189091294896325	0.8400253648367363	0.9368482341629797	0.9145548003238603
0.4	52.6	0.3758188740530395	0.9046994515225949	0.9493510722982172	0.9505994794564163
0.4	52.7	0.3381264426927458	0.9553490552833434	0.9633032359642958	0.9772817426125371
0.4	52.800000000000004	0.32520050481733487	0.9723401443237505	0.9762113644090991	0.9860238794812876
0.4	52.900000000000006	0.3433421673506534	0.9509789741009658	0.986343413305081	0.9750158808630581
0.4	53.0	0.3821758449671422	0.9037383076274639	0.9928447963988014	0.9495792965164056
0.4	53.1	0.42429847420906525	0.8516625419680928	0.9954485966405213	0.9198214927650339
0.4	53.2	0.45552428301936004	0.8132952646130672	0.9941642063454073	0.8967170181388071
0.4	53.300000000000004	0.467665546198973	0.7991857277513433	0.9892278600462989	0.8882092268972925
0.4	53.400000000000006	0.4585284862188572	0.8119635326360157	0.9812600816777612	0.8966273673462096
0.4	53.5	0.43180044333692846	0.8471202749441706	0.9713325194091451	0.9180885122084057
0.4	53.6	0.3969759768345842	0.8924866910840086	0.9607460725728033	0.9439593296652714
0.4	53.7	0.36825265239925664	0.9296677514310311	0.95066105819887	0.9639209736744683
0.4	53.800000000000004	0.3596877865843821	0.9409025936894339	0.941924330003224	0.969686106744538
0.4	53.900000000000006	0.37608588239443236	0.9188629308078194	0.935257331337259	0.9581247024074228
0.4	54.0	0.40921303292415806	0.8717754725680606	0.931569987017894	0.9326615842005941
0.4	54.1	0.44500251894521253	0.8189686512794916	0.9319723733332779	0.9023201369251799
0.4	54.2	0.47124381057329323	0.7805037285014046	0.9372985227396197	0.8785682313860046
0.4	54.300000000000004	0.4801002590471774	0.7693438034083813	0.9474208339871918	0.8709946736869997
0.4	54.400000000000006	0.46825039269059504	0.7897851751451814	0.9608798433760419	0.8834931197836963
0.4	54.5	0.43698264831579503	0.8381635208518128	0.9751541416934049	0.9126067575402887
0.4	54.6	0.3928959282974699	0.9019961582964607	0.9874351717840554	0.9487858585815189
0.4	54.7	0.34902696892780183	0.9605581157424405	0.9954489649486452	0.9799565731331841
0.4	54.800000000000004	0.32394653132256196	0.9916781824497647	0.9979221931123531	0.9958279398706628
0.4	54.900000000000006	0.33210546135028995	0.9826875329673767	0.994623508840287	0.9912938541098733
0.4	55.0	0.3696532229508603	0.9374088782262661	0.9862054567834825	0.967917184817896
0.4	55.1	0.41857607454414253	0.8736212385112547	0.974080480952666	0.9332575478533469
0.4	55.2	0.46145230831969786	0.8134462972335162	0.9603254528886384	0.8983925192939396
0.4	55.300000000000004	0.4873201988532642	0.774185571299068	0.947407419428024	0.8743822456468513
0.4	55.400000000000006	0.4915251272808266	0.7647817430364203	0.9376097439404735	0.8686841933045044
0.4	55.5	0.4747199666039836	0.7864902393170611	0.9323582046621905	0.8825959296600968
0.4	55.6	0.4422312563161205	0.8330329401610098	0.9318672669616039	0.9106369061197099
0.4	55.7	0.40379741339936714	0.8893155763657357	0.9353704947440775	0.9423217715238972
0.4	55.800000000000004	0.3728222685985307	0.9337147009345363	0.9417596371974555	0.9659744349762165
0.4	55.900000000000006	0.36248422298832095	0.947642790859279	0.950138639249093	0.97324886587202
0.4	56.0	0.37746373846086	0.9268094848120149	0.959911061234345	0.9624199229352477
0.4	56.1	0.4096907618096178	0.8836738392562626	0.9704529002140853	0.9388942390222985
0.4	56.2	0.44471224440682294	0.8387259092577424	0.9807662463849656	0.9127410649700152
0.4	56.300000000000004	0.46963815087977073	0.8093245837226856	0.9894695881838669	0.8945149343340731
0.4	56.400000000000006	0.4764603682430985	0.8045453310928806	0.9951452531220562	0.8912749574118506
0.4	56.5	0.4628234211145852	0.8256019895624692	0.9967667979208893	0.9042667165664718
0.4	56.6	0.4323242405226365	0.8667479261588967	0.9939179145296486	0.9287812953329122
0.4	56.7	0.3947102017105774	0.9150075867250191	0.9867562012362474	0.9559137342048323
0.4	56.800000000000004	0.36493001582579765	0.95190705892567	0.9759168364211349	0.9755422902839418
0.4	56.900000000000006	0.3578394432625131	0.9601117919645596	0.9625525330649763	0.9797010270284712
0.4	57.0	0.37792589804081866	0.9327394639755098	0.9484615494231912	0.9654511666883487
0.4	57.1	0.4156282377519403	0.8785562685520273	0.9360202280934955	0.936342249687951
0.4	57.2	0.45593947426316916	0.8179275027145667	0.9276926977824304	0.901720450548598
0.4	57.300000000000004	0.48644562168504885	0.772220405412027	0.9252408644384459	0.8737069999718973
0.4	57.400000000000006	0.49943675646440927	0.7552917822667402	0.9290790691044963	0.8626771953443296
0.4	57.5	0.4917256392375484	0.7717812580038941	0.9381769753293108	0.8730652906046472
0.4	57.6	0.4645622119192569	0.8181744594293588	0.9505302016041145	0.9014979391663474
0.4	57.7	0.42413036915556707	0.8821099965973145	0.9638481670724114	0.9382058184096262
0.4	57.800000000000004	0.3822723078193137	0.9430405479470001	0.9760686651938448	0.9709503015166296
0.4	57.900000000000006	0.3554047844071668	0.9791761363397209	0.9855692218146257	0.9895187019968615
0.4	58.0	0.35695995768128047	0.9780075764447638	0.9912171828757727	0.9889265452754464
0.4	58.1	0.3858166879894468	0.9423639483128741	0.9924483177362218	0.9704830128625698
0.4	58.2	0.4272732084118191	0.8877756778861703	0.9893957613210835	0.94089433818564
0.4	58.300000000000004	0.4650347256421466	0.8340870673328971	0.9829068506925007	0.9100193663111664
0.4	58.400000000000006	0.4881415320903386	0.7974795605319062	0.9742901406522022	0.8878854681845588
0.4	58.5	0.49184593061567267	0.7868968761903007	0.9648562969682764	0.88155785713939
0.4	58.6	0.4768333622770103	0.8040497513628335	0.9555506605398325	0.8926369160187314
0.4	58.7	0.44847135520484793	0.8433124194652479	0.946957099172002	0.9163490489318762
0.4	58.800000000000004	0.41622530240538413	0.8905688900372729	0.9396431321611961	0.9429902748607386
0.4	58.900000000000006	0.3923335215066409	0.9255657205548083	0.934492144109347	0.9616147816484638
0.4	59.0	0.3876582635005175	0.9314157562313415	0.9326586500809344	0.9646056588545229
0.4	59.1	0.4049506538687053	0.9055173477370758	0.9351113378607272	0.9509669590734882
0.4	59.2	0.4364506619919374	0.8612382994363772	0.9420809306441699	0.9266325556194777
0.4	59.300000000000004	0.46923207486938306	0.8186779643591083	0.9527881059510648	0.9017012944731858
0.4	59.400000000000006	0.49148881557896823	0.793947305378319	0.965585467284531	0.8861670733098466
0.4	59.5	0.49558296779396344	0.7948862443923653	0.9783659882286045	0.8862291318447919
0.4	59.6	0.4791262981880495	0.8219150983393814	0.9889979852316251	0.9024771899651342
0.4	59.7	0.44553700859956863	0.8690017773808865	0.995656786987449	0.9300526357799667
0.4	59.800000000000004	0.40439362018256025	0.9233181448398775	0.9970832404702277	0.9602426171948804
0.4	59.900000000000006	0.3707312808815066	0.9664077122871638	0.9928452411582493	0.9829878795521918
0.4	60.0	0.3601864853723147	0.9799955295240868	0.9835662283973824	0.9899209784985533
0.4	60.1	0.37853633770117545	0.9554166251095945	0.9709383301153706	0.9773465462446793
0.4	60.2	0.416842353086257	0.9001776966772524	0.9573538889480139	0.9481481231206944
0.4	60.300000000000004	0.4598523647606693	0.8349497695649715	0.9452240321443833	0.911489865668945
0.4	60.400000000000006	0.4947030053088565	0.7824292939155415	0.9363156052164548	0.8798395251613312
0.4	60.5	0.5132907498551917	0.7576097209287519	0.9314584356448307	0.8641871240426712
0.4	60.6	0.5120537578959313	0.7656664023510882	0.930701075334174	0.8695811303718874
0.4	60.7	0.4917993836414171	0.8034998659378983	0.9336710370945539	0.8932240525876499
0.4	60.800000000000004	0.4580120902766766	0.8597269203902352	0.9398198796116453	0.9260269564476645
0.4	60.900000000000006	0.4211403010510265	0.9156759402245291	0.948440008835781	0.9565829995859686
0.4	61.0	0.39518666206489433	0.9516931698294797	0.9585890419354064	0.975410910168751
0.4	61.1	0.3917415548648166	0.9561064102763563	0.9691101711740243	0.9777224264663229
0.4	61.2	0.41137317767275383	0.9302769160542066	0.9787902093966281	0.9642299249657068
0.4	61.300000000000004	0.44302095089602994	0.8867780057037349	0.9865384780749976	0.9404339744351945
0.4	61.400000000000006	0.47254438393913245	0.8428314485889871	0.9914604931847429	0.9149062266583832
0.4	61.5	0.4895928633956917	0.8133361751187899	0.9928333276330791	0.8967927957274071
0.4	61.6	0.4895209901327815	0.8069764840689866	0.990120843792645	0.892813831043936
0.4	61.7	0.47308004767411793	0.8255276520112929	0.9831545060028818	0.9045550907967221
0.4	61.800000000000004	0.44572734450686735	0.8633983816033138	0.9724381191612278	0.9273159471614595
0.4	61.900000000000006	0.4169165808248549	0.9065153281294944	0.9593547831294182	0.9515329116190494
0.4	62.0	0.39843895587489786	0.9351011469253079	0.9460408264475271	0.96663536877028
0.4	62.1	0.39990870216253427	0.9335921331094957	0.9348909920012933	0.9656935774718125
0.4	62.2	0.42252550194152166	0.9010831145725553	0.9279177712046914	0.9484917935985807
0.4	62.300000000000004	0.45784831979111246	0.8518632091251812	0.9262771921636341	0.921440955247182
0.4	62.400000000000006	0.4932046351208617	0.805798484050258	0.9301179697729178	0.8946007127229855
0.4	62.5	0.5172500357515182	0.7783806127128472	0.938677074562441	0.8776197856189911
0.4	62.6	0.522638707572743	0.7772542459127235	0.9504628573153648	0.8765299050629435
0.4	62.7	0.5070285220826407	0.8033138489225605	0.9634746304077899	0.892259471141255
0.4	62.800000000000004	0.4735614335704889	0.8516154338807499	0.9755245200650332	0.9206541216956716
0.4	62.900000000000006	0.4310775478192183	0.9105909299403223	0.9846862763298666	0.9535513476077414
0.4	63.0	0.3934797936950711	0.9621416062483861	0.9897381126772192	0.9808011270135817
0.4	63.1	0.37597657084431524	0.9864984335948841	0.9903793383615447	0.9932189729167972
0.4	63.2	0.38632086922163167	0.9720787372764317	0.9870999654306228	0.9859101204705617
0.4	63.300000000000004	0.4186623219355925	0.9237056259106954	0.980799657416403	0.9606517654474672
0.4	63.400000000000006	0.45916321866501736	0.8608462025632422	0.9724106877437835	0.9258741999452695
0.4	63.5	0.4947658832599156	0.806356375734367	0.9627517867746717	0.8936950089750365
0.4	63.6	0.5166410476308159	0.7759447414245391	0.9526437719148642	0.875074424483519
0.4	63.7	0.5204486930193082	0.7755074652874302	0.9431038738849317	0.8754131040498022
0.4	63.800000000000004	0.5062716333965472	0.8027852791818558	0.9353800158457151	0.8927868492521198
0.4	63.900000000000006	0.47885480427459076	0.8480065768264159	0.9307399880776022	0.9194581777638368
0.4	64.0	0.44762071738452786	0.8950884531344261	0.9301469706918686	0.9454526617263426
0.4	64.10000000000001	0.4249805235040477	0.926771775140089	0.934018519584485	0.9622110270082628
0.4	64.2	0.42103477936456657	0.9319411275235824	0.9421368376359749	0.9649762052694336
0.4	64.3	0.4366778135498109	0.9104700409723346	0.9536331756982136	0.95372780132074
0.4	64.4	0.4628659075013783	0.8728622581403935	0.9669864757390036	0.9330096906000245
0.4	64.5	0.4872119397275109	0.8350948633377289	0.980111916683777	0.9107471120539732
0.4	64.60000000000001	0.5001231927229756	0.8117366802902727	0.9906716281137858	0.8958949734167736
0.4	64.7	0.4970700550097838	0.8113995766228723	0.9966165771982898	0.8951729542206505
0.4	64.8	0.47865408590351116	0.8356359411786167	0.9967699570342959	0.9100155310777908
0.4	64.9	0.45014818202110224	0.8783689589344573	0.9911720582276341	0.9353472655102151
0.4	65.0	0.4209586928697645	0.9248221934390501	0.9810111110888775	0.9612294306239629
0.4	65.10000000000001	0.4030393514698518	0.9546760500753773	0.9681950699490547	0.9769495536019619
0.4	65.2	0.4061902445239958	0.9522990233206167	0.9548122544322901	0.9756446946577717
0.4	65.3	0.4314959558048454	0.9168956375068461	0.9427400903227707	0.9571312717383647
0.4	65.4	0.47013984746413434	0.8626878413436936	0.9334827888037068	0.9276560107859327
0.4	65.5	0.5091113650271565	0.8095786487337039	0.9281147625735996	0.8970736483479758
0.4	65.60000000000001	0.5368685486579516	0.773641541006302	0.9271797458135748	0.8751761697244267
0.4	65.7	0.5459393139501981	0.7636409116601297	0.9305637379076106	0.868764929611624
0.4	65.8	0.5338051217503091	0.7819515448083925	0.9375082523973585	0.8800346948639827
0.4	65.9	0.5032054308737423	0.8253978075774262	0.9468570161747695	0.9060786740367289
0.4	66.0	0.4621049335627811	0.8840942076483598	0.957402987478348	0.9394024932654971
0.4	66.10000000000001	0.4229368877315924	0.9406576948927943	0.9680875704974994	0.9697177664532256
0.4	66.2	0.399662292161662	0.974420365297435	0.9779406265517411	0.9870956280224397
0.4	66.3	0.40109152846581314	0.9716002207885092	0.9859003086563501	0.9856674179133712
0.4	66.4	0.4247444367721199	0.9344022218207416	0.9907708119685925	0.966234899036333
0.4	66.5	0.4593076210990233	0.8800002034716431	0.9914621445890233	0.9362645446261786
0.4	66.60000000000001	0.4921951696563912	0.8298360068310068	0.9874159390059373	0.9069447612724607
0.4	66.7	0.5140282452191379	0.7993388710183025	0.9789528339800865	0.8885866436045944
0.4	66.8	0.5197656223475166	0.794952388638169	0.9673120448492133	0.8865949785629388
0.4	66.9	0.5089418026897717	0.8154544030030224	0.9543642061046816	0.8998566148536323
0.4	67.0	0.48590233959622686	0.852704924911333	0.942188964848103	0.9219402255700305
0.4	67.10000000000001	0.4596201396933783	0.8926052706635393	0.9327332264765934	0.944031912936747
0.4	67.2	0.4417222944077666	0.9191439045711391	0.9275921732548613	0.95805648829674
0.4	67.3	0.4412828172843107	0.9209666922144032	0.9277866498736134	0.9590197591412822
0.4	67.4	0.45873947798595516	0.8969323733737143	0.9334592553182671	0.9463812664057409
0.4	67.5	0.48555683939808597	0.8571092645192494	0.9436367826083384	0.924428458762252
0.4	67.60000000000001	0.5100869861967288	0.8180160890829443	0.9563321823207159	0.901323510924605
0.4	67.7	0.5230547496074065	0.7950329491338134	0.9690894150406856	0.8865418901810184
0.4	67.8	0.5197654378457697	0.7972320592236586	0.979736488620295	0.8872079691332995
0.4	67.9	0.500342738905284	0.8262823487985348	0.9869290495200507	0.9048085978932702
0.4	68.0	0.46947540579210506	0.8759875565503896	0.9902198956881895	0.9340155297239418
0.4	68.10000000000001	0.4361722958174266	0.9310980559228144	0.9897429813821204	0.9644837065820425
0.4	68.2	0.4126974656584756	0.9702257096583841	0.9858470564523847	0.984965076810608
0.4	68.3	0.4103556965459153	0.9758458977600694	0.9789632690155577	0.987822898831056
0.4	68.4	0.43220999225601653	0.9447456205283306	0.9697217625571204	0.9718515146212954
0.4	68.5	0.4702666317212613	0.8894145185550605	0.9590983634093386	0.9423229478006411
0.4	68.60000000000001	0.511041214822431	0.8298807498057937	0.9483717228168008	0.9086815288063081
0.4	68.7	0.5421970051864126	0.7840310502201787	0.938881206754948	0.8812469897007806
0.4	68.8	0.5556566411299001	0.7629231882176991	0.9317800369847226	0.8681792245322641
0.4	68.9	0.5484624196205924	0.7708363619051994	0.9279647274309271	0.8732871452013378
0.4	69.0	0.5228843644534881	0.8060445616714665	0.928137837689744	0.8948774369487273
0.4	69.10000000000001	0.4861679240166889	0.8597558227985478	0.9327706742594458	0.9259631993598171
0.4	69.2	0.4496143821742676	0.9152196702910328	0.941813522819078	0.9562075284795952
0.4	69.3	0.42589166350433694	0.9518733418059565	0.9543083909423438	0.9754049157542402
0.4	69.4	0.4235220947946977	0.9554431394760261	0.9682783868840562	0.977337412973171
0.4	69.5	0.44156459063936043	0.9268096248391416	0.9811385525085812	0.9622930802537778
0.4	69.60000000000001	0.4707035229811042	0.8811422124635403	0.9904800534777616	0.9369579276861314
0.4	69.7	0.4993577236678887	0.8381072050310874	0.9947825083110088	0.9116190682748202
0.4	69.8	0.5182875475185914	0.8123689874543263	0.9936794783245857	0.8959420404324062
0.4	69.9	0.5223054710105668	0.8105061081595368	0.9877579239459937	0.895249058666807
0.4	70.0	0.51083337051789	0.8318639916853451	0.9781804180445709	0.9088475885845306
0.4	70.10000000000001	0.48822970434265217	0.8689819751821769	0.9664275067843392	0.9308068963706283
0.4	70.2	0.46356070011482164	0.9080654746801803	0.9542104473286636	0.9524411167921376
0.4	70.3	0.4484442645381409	0.9325594545162024	0.9433648630570518	0.9653304026398506
0.4	70.4	0.4516272721703984	0.9301260531566022	0.9355400031493293	0.9639998422921869
0.4	70.5	0.47302104372609655	0.8993727153249543	0.9317477904277732	0.9477734967973621
0.4	70.60000000000001	0.5037367645097619	0.8514362499082699	0.9320803460728125	0.9213770771119095
0.4	70.7	0.5319564138292922	0.8045521012589051	0.9358616885948374	0.8938154835482466
0.4	70.8	0.5481551112272173	0.7754844400635019	0.9421553256234537	0.8754481643288314
0.4	70.9	0.5471765965741043	0.7741243574838673	0.9502239121434406	0.8740802952931284
0.4	71.0	0.528505924060413	0.80276526318658	0.9595734131188017	0.8916580812908391
0.4	71.10000000000001	0.49611796780997813	0.8559393273848067	0.9696019709658361	0.9231301335071604
0.4	71.2	0.4584050963177791	0.9189774434723486	0.9792406526926146	0.958125509359372
0.4	71.3	0.42758652874520375	0.9699204193180132	0.9869715198369752	0.9848060381609577
0.4	71.4	0.4163808097353754	0.9885698047634861	0.9912630244748991	0.9942628024834734
0.4	71.5	0.43066601112074776	0.9676700260323868	0.9911150316017185	0.983638155126654
0.4	71.60000000000001	0.46452553989606543	0.9167324075365046	0.9863571851875846	0.9568390691795701
0.4	71.7	0.5046004743722129	0.8556044057859595	0.9775935316167723	0.9228466354386259
0.4	71.8	0.5377121263019163	0.8041370791139087	0.9659772730289028	0.892542095298896
0.4	71.9	0.5549256365002736	0.7756388208602997	0.9530667553808985	0.8752327510962797
0.4	72.0	0.5526503699834511	0.7758424327385322	0.9408053286631849	0.8758204972053536
0.4	72.10000000000001	0.5327001946252201	0.8037197129068475	0.9314012167037468	0.8932682129961697
0.4	72.2	0.5019063208102502	0.8508349423723107	0.9268690099142693	0.9208541342891049
0.4	72.3	0.4709637455246406	0.9008374838504271	0.9283133245417885	0.9483850069283718
0.4	72.4	0.4515353314569142	0.9338091078793034	0.9353928835775533	0.9658437903205337
0.4	72.5	0.45109455506979257	0.9360691287336189	0.9463986204983154	0.9671730098288063
0.4	72.60000000000001	0.4685122530503605	0.9084825188017022	0.9589536926336191	0.9526284317072754
0.4	72.7	0.49520228101162533	0.8656140567483912	0.9708793172321009	0.9286585104596302
0.4	72.8	0.5203928495422935	0.8265867869992456	0.9806978893314101	0.9053145466992066
0.4	72.9	0.5353336211574294	0.8059642156480844	0.9876024818102707	0.8922497348215614
0.4	73.0	0.535118640619509	0.8104500347622969	0.9911514604452929	0.8949543704790794
0.4	73.10000000000001	0.5194033732795823	0.8393650589027103	0.991075467965219	0.9127366751443011
0.4	73.2	0.4928346738832864	0.884624471207146	0.9873582579538385	0.9391446085024396
0.4	73.3	0.4649456184723994	0.9307696352597992	0.9804301729777555	0.9644599125891967
0.4	73.4	0.4480889277929594	0.9589116284426593	0.971195485762202	0.9791658093937948
0.4	73.5	0.451723036956924	0.9551270513265678	0.9607949562471417	0.9771827312056869
0.4	73.60000000000001	0.4757916754003225	0.9183181036991364	0.9502988909079622	0.9579701716640958
0.4	73.7	0.5106851955655841	0.8614128282021811	0.9406274195417631	0.9269386845460905
0.4	73.8	0.5436973032179032	0.8046504185816037	0.9327638682802936	0.8939422356031248
0.4	73.9	0.5645985317695144	0.7662241834463311	0.9279719466739846	0.8701202631040392
0.4	74.0	0.5677120100441703	0.7569266366737515	0.9276340815161169	0.8640211490443445
0.4	74.10000000000001	0.5520988107196086	0.7798357598784215	0.9326478547418955	0.8783972145692851
0.4	74.2	0.521307452769832	0.8305646261289219	0.9427649584754652	0.9089570891651396
0.4	74.3	0.48320000467851604	0.8956843455007314	0.9563876092815383	0.9456845948077914
0.4	74.4	0.4494209730463233	0.9535091198711262	0.9710105212791443	0.9763568821952844
0.4	74.5	0.4326884711881457	0.982083194886807	0.9840172450970652	0.9909768067040154
0.4	74.60000000000001	0.44032257208937947	0.9710593398538764	0.993340713304429	0.9853679676351802
0.4	74.7	0.468598616157484	0.9275666729856998	0.9977175928142381	0.9624863293469205
0.4	74.8	0.5053623565633799	0.8709072820851232	0.9966481190199352	0.9310247467149421
0.4	74.9	0.5374301095761783	0.8215606980018625	0.9903494405792541	0.9020632067968851
0.4	75.0	0.5553938334312506	0.7934976993479008	0.9798321034077428	0.8851727203717172
0.4	75.10000000000001	0.5551951648238127	0.792686453221397	0.9669361199329167	0.8853043504052688
0.4	75.2	0.5383374091725011	0.818001884055685	0.9540545446540972	0.9013154699969252
0.4	75.3	0.5114968147182103	0.8608790798895634	0.9434881232732355	0.9264795233031673
0.4	75.4	0.4852062335206206	0.9051862642117651	0.9367340517600768	0.9508464375138885
0.4	75.5	0.4706291004487164	0.9316552948403243	0.9341625278536493	0.9647846805733304
0.4	75.60000000000001	0.4742929115994224	0.9273072767832528	0.9352867998074629	0.9625588579552016
0.4	75.7	0.4942248814154388	0.8935683336399023	0.9393740119790489	0.9446468419244671
0.4	75.8	0.5216286935237069	0.8457864778281005	0.9458907000771628	0.917821166320568
0.4	75.9	0.5459757596238545	0.804243618959613	0.9544688816909125	0.8927578025825469
0.4	76.0	0.5588294898289196	0.7845228851340423	0.9645330761593063	0.8799165683508865
0.4	76.10000000000001	0.5554977214605725	0.793756334943643	0.9750136323139305	0.8853093176534415
0.4	76.2	0.5357422745593974	0.8310498582677052	0.9844388798747582	0.9080038395762844
0.4	76.3	0.5043095762277294	0.8871944458413791	0.9913204516868247	0.9404734368203641
0.4	76.4	0.4710679630590947	0.9444045745030916	0.9945131075509874	0.9715289503719653
0.4	76.5	0.4492808797426238	0.980977229924852	0.9933416074843028	0.9904303370581403
0.4	76.60000000000001	0.4498150881356723	0.9811648983168463	0.9875781716762703	0.9905256287166452
0.4	76.7	0.4734983335384181	0.9437352398531181	0.9775037498121939	0.9713034802824754
0.4	76.80000000000001	0.510366843595867	0.8825872290506526	0.9641415118812774	0.938475357734364
0.4	76.9	0.5467747799199475	0.8192020981155883	0.9494569657535932	0.9022170264497515
0.4	77.0	0.5717340706138422	0.7729336988254603	0.9361802763991682	0.8740371186120872
0.4	77.10000000000001	0.5791682987753574	0.7555279834999191	0.92710893703213	0.8630718646667419
0.4	77.2	0.5679881521038267	0.770793276765556	0.9241649128257915	0.8728998296303984
0.4	77.30000000000001	0.5416446148149014	0.8151061247682495	0.9277439422967596	0.9000330281956999
0.4	77.4	0.5076844199560083	0.8759328233752841	0.9367353671294824	0.9348830878192655
0.4	77.5	0.4769271257564434	0.9321512099037291	0.9491215135749118	0.9651575797305234
0.4	77.60000000000001	0.46084741942661067	0.9617028623882502	0.9627007341098186	0.9805230120501565
0.4	77.7	0.4661499147388267	0.9538963209763065	0.9755269236836382	0.9765669733854031
0.4	77.80000000000001	0.4900675526918048	0.9156995928384561	0.9860174015470472	0.956262574945697
0.4	77.9	0.5220607853459517	0.8661070651929307	0.9929667386924912	0.9283676901006738
0.4	78.0	0.5499352266228734	0.8247250288670848	0.995666447245849	0.9037206149478095
0.4	78.10000000000001	0.5645458922965052	0.80431042933615	0.9940800722573772	0.8912056535344358
0.4	78.2	0.5618013780722513	0.8097150256214581	0.9888588536336262	0.8948868782075122
0.4	78.30000000000001	0.5432157045105163	0.8389477450211413	0.981073729618161	0.9129608133988903
0.4	78.4	0.5156703052779995	0.882920203986254	0.9717944275190061	0.9385009975036205
0.4	78.5	0.49003842336517767	0.9254097205577732	0.9618226997446707	0.961690827971069
0.4	78.60000000000001	0.47764084515462674	0.9472813149426418	0.9517943690255553	0.9730742812966366
0.4	78.7	0.4846089601215218	0.9357452724754164	0.9425422724872738	0.9670264388086045
0.4	78.80000000000001	0.5081570796217588	0.8929276163099826	0.9353393129736712	0.9442718106257184
0.4	78.9	0.5388172251158551	0.8358501006495767	0.9317023078971541	0.9122428208601924
0.4	79.0	0.5657544946225487	0.786859064777981	0.9328124718404109	0.8826914017172297
0.4	79.10000000000001	0.5804301278587646	0.7628922120684027	0.9389481858078892	0.8671847956612998
0.4	79.2	0.5780730126654667	0.7714698935994153	0.9493047207188012	0.8723475033246174
0.4	79.30000000000001	0.5583032167744127	0.8115777301971117	0.9622399427186249	0.8970907176157179
0.4	79.4	0.5256452739194483	0.8734923272125292	0.9756890632434774	0.9331397439308365
0.4	79.5	0.4897363294341032	0.9383912747122466	0.9875006516925827	0.9684325919378012
0.4	79.60000000000001	0.4638849764725363	0.9833022391264199	0.995674980970903	0.9916051509159881
0.4	79.7	0.45974094806810695	0.991331924417915	0.9986455649400595	0.9956532757767561
0.4	79.80000000000001	0.479482014930082	0.9601507692516569	0.9956724697540765	0.9797524401920523
0.4	79.9	0.5140081787778961	0.9026250728492209	0.9872051833067599	0.9491806599234547
0.4	80.0	0.5496950976450107	0.8397779672470483	0.974941623938221	0.9136848957012698
0.4	80.10000000000001	0.5752963490528104	0.7913724507802882	0.9614079405618878	0.8846296986847976
0.4	80.2	0.584615743871522	0.769954035503641	0.9491778574297398	0.8714114913553571
0.4	80.30000000000001	0.5766130455468724	0.7799051311305697	0.9401224626002708	0.8780851812938467
0.4	80.4	0.5547883411708491	0.8178433405470479	0.9350821542617518	0.9015465840767675
0.4	80.5	0.5264671176932925	0.8713411886752548	0.9340461759702927	0.9323924496863281
0.4	80.60000000000001	0.5016396690769709	0.9196157184060346	0.9365703263490198	0.9585282757944374
0.4	80.7	0.4902232888902461	0.941782533506496	0.942075390027959	0.9701346062821982
0.4	80.80000000000001	0.49738229821525015	0.9292260833349467	0.9498936401270465	0.9636680971511764
0.4	80.9	0.5200579462411231	0.8907086358672237	0.9592053922944684	0.9429647516767292
0.4	81.0	0.5486369321063	0.8453971499124409	0.9690569063641051	0.9171187645913647
0.4	81.10000000000001	0.572009741313597	0.8115260488822443	0.9784777517719955	0.8965190667253601
0.4	81.2	0.5817351424886886	0.8000711670019232	0.9865608686647668	0.8890377666436113
0.4	81.30000000000001	0.5741245454410628	0.8144605252580422	0.9924157895600675	0.897684699195888
0.4	81.4	0.5510024606142488	0.8516981702982322	0.9950888480006603	0.9199620184272086
0.4	81.5	0.5196240591898359	0.9019715354070066	0.9936492499203154	0.9486275476484819
0.4	81.60000000000001	0.4913780898251691	0.9484118382222184	0.9875376565052216	0.9736744879169842
0.4	81.7	0.47813419522352657	0.9711106799379278	0.9770357829938313	0.9853965264367421
0.4	81.80000000000001	0.48622522558715986	0.9566839849424236	0.9635427372183615	0.9779562238959051
0.4	81.9	0.5124969376101612	0.9076573835805473	0.9494008260141129	0.9521743510638091
0.4	82.0	0.5468890423953348	0.842649503423886	0.9372843141743719	0.9160253433286797
0.4	82.10000000000001	0.5781281770342381	0.7858078001841106	0.9294455107826518	0.8820653745870449
0.4	82.2	0.5973946483236289	0.7550221762572228	0.9271776187116183	0.8625539472177619
0.4	82.30000000000001	0.599652709797248	0.757917757249521	0.9306619494181896	0.864460369978113
0.4	82.4	0.5841788371834064	0.793394309209455	0.9391052855649872	0.8867989079397202
0.4	82.5	0.5550027251663852	0.8520510337979358	0.9509745299809002	0.9214612303788037
0.4	82.60000000000001	0.5210027797667208	0.9161035953283084	0.9642463141413584	0.9567639567489233
0.4	82.7	0.49447721455427074	0.9638848807504155	0.9767304836015359	0.981724651042994
0.4	82.80000000000001	0.4864845535109083	0.9788026534257344	0.9865068642522085	0.9893297635113372
0.4	82.9	0.500074967227667	0.9570257308596274	0.9923542185496306	0.9781576962898724
0.4	83.0	0.5280585430083871	0.9089286005987557	0.9939504088688511	0.9525113462082268
0.4	83.10000000000001	0.5582857408880769	0.8536349135946616	0.9917251684102968	0.9212311658561325
0.4	83.2	0.5801444991756842	0.8102484888438907	0.9864755789367383	0.8951538098443872
0.4	83.30000000000001	0.5876293199409297	0.7913357117668354	0.9790067772889316	0.8834843933347112
0.4	83.4	0.5797570178795782	0.8012705624383346	0.9700098610603042	0.8901649564714543
0.4	83.5	0.5600242304693662	0.8363888794329666	0.9601853980068207	0.9119168722438696
0.4	83.60000000000001	0.5355990176754684	0.8838990275175442	0.9504321958794295	0.9392707559440272
0.4	83.7	0.5159309393049007	0.923297673971505	0.9418932829828114	0.96050315375027
0.4	83.80000000000001	0.5098189813924455	0.9354058494699989	0.9357936282045574	0.9667324140265238
0.4	83.9	0.5210503483792971	0.9142866583472397	0.9331794101614285	0.9556348447477208
0.4	84.0	0.5457592054016766	0.8706831405502802	0.9347121319244671	0.9320068537673776
0.4	84.10000000000001	0.5744145951115361	0.8240240508769588	0.9405564029443488	0.9052529715697718
0.4	84.2	0.5964297436880599	0.7916778115201595	0.9502805786670532	0.8854659527007492
0.4	84.30000000000001	0.6038926491802468	0.7837136702855697	0.96272860667089	0.8799998576532639
0.4	84.4	0.5935206253784792	0.8030693072475097	0.9759838471282654	0.8914849737658322
0.4	84.5	0.5674141205111635	0.8465594848486924	0.987617391371045	0.9172315910779181
0.4	84.60000000000001	0.5329799173202531	0.9041257689891841	0.9952622651605023	0.9497748822873896
0.4	84.7	0.5016943939814654	0.9581330036642715	0.9973026950269659	0.9786657920626872
0.4	84.80000000000001	0.48564209699976063	0.9872763345833351	0.9933513538198455	0.9936120764089585
0.4	84.9	0.49166499384055945	0.9768318287492451	0.9843027063425872	0.988319791437513
0.4	85.0	0.5171977193335827	0.928880448064507	0.9719874347145658	0.9634603959055191
0.4	85.10000000000001	0.5524647590946614	0.8624104336807479	0.9586361139662148	0.9270538232126824
0.4	85.2	0.586122222247807	0.802015436888674	0.9463884438229163	0.8916266582071404
0.4	85.30000000000001	0.6090906944255156	0.7657539907747701	0.9369714911265457	0.8692423922251132
0.4	85.4	0.6160092134489895	0.7612606024820298	0.9315247337183613	0.8667695488911901
0.4	85.5	0.6057821924261019	0.7875937171669231	0.9304998276402481	0.8836267797084518
0.4	85.60000000000001	0.5819150641999608	0.8363367492959156	0.9336388245312605	0.9127643907510073
0.4	85.7	0.5523860202558843	0.8920060762119956	0.940113593440812	0.9438810209737453
0.4	85.80000000000001	0.5280945869285588	0.9356884857455187	0.9488436939510321	0.9670775915643819
0.4	85.9	0.5187805781710123	0.9521724934744679	0.9588310106480307	0.9756482999161289
0.4	86.0	0.52755307381432	0.9367629643023081	0.9692735528288859	0.967685039392133
0.4	86.10000000000001	0.5488926406968807	0.8976493505113261	0.9793899437864754	0.9465941888769288
0.4	86.2	0.5725498589962112	0.8519239277067975	0.9881586558965373	0.9203498943458577
0.4	86.30000000000001	0.5890647509025485	0.8173935028888415	0.9942704305050122	0.8991290707845768
0.4	86.4	0.5928792990738261	0.8057982837190837	0.996413552057034	0.8915795590967301
0.4	86.5	0.5830681553581614	0.8208253905695334	0.9937416164161125	0.901069150429191
0.4	86.60000000000001	0.5630213692157968	0.8581364940690935	0.9862482090859624	0.9238368557734393
0.4	86.7	0.5397570020467819	0.9044843331554901	0.9748594681848518	0.9503045817321936
0.4	86.80000000000001	0.5225264543101346	0.9397125365382097	0.9612463354374895	0.96916348709698
0.4	86.9	0.5197448666821898	0.9459515080746064	0.947498001525467	0.9722674473567491
0.4	87.0	0.5345807122833385	0.9186570986512294	0.9357953858236615	0.9579193798049559
0.4	87.10000000000001	0.5625842180765722	0.8691496365270694	0.9281092000741297	0.9311439787181828
0.4	87.2	0.5939659322944703	0.8168300828233531	0.9258583094184104	0.9012775272258173
0.4	87.30000000000001	0.6181827458666677	0.7791791403563253	0.9295243066497391	0.8784265185408535
0.4	87.4	0.6274773897001765	0.7667753611257796	0.938387047817912	0.8703252463043891
0.4	87.5	0.6186550545505483	0.7833027356378376	0.950619805056264	0.8802653710588223
0.4	87.60000000000001	0.5936903181078008	0.8264141274585532	0.963811399608148	0.9061172471176553
0.4	87.7	0.5595400897575217	0.8867180357378158	0.9756789346651088	0.9405372694766926
0.4	87.80000000000001	0.5269508590088385	0.9465986898082536	0.9845911151650637	0.9727454950642209
0.4	87.9	0.5074612423301404	0.9839441428684605	0.9896905534573336	0.9919306072023791
0.4	88.0	0.5083676802712725	0.9827458348008795	0.9907199177797665	0.9913243856985013
0.4	88.10000000000001	0.5286293321372774	0.9436019660626501	0.9878238398249883	0.9711338404914427
0.4	88.2	0.5599514604644148	0.8838428775529962	0.9814950566762496	0.9387124775645905
0.4	88.30000000000001	0.5916524723953428	0.8266044526491982	0.9726062822751784	0.9056570349859564
0.4	88.4	0.6146680130506871	0.7892814593947155	0.9623558834355769	0.8831404843262861
0.4	88.5	0.6233932490572025	0.7796487187797478	0.95205254020377	0.8777013157849745
0.4	88.60000000000001	0.6164189514237617	0.7974230453264658	0.9428553994748187	0.8893268677206391
0.4	88.7	0.596844999863997	0.8355701795423565	0.9356652153069969	0.912284919373022
0.4	88.80000000000001	0.5719798386888775	0.8808699301160177	0.9312304045498487	0.9377678591866728
0.4	88.9	0.5516295282767227	0.916752263840745	0.9303011088118701	0.9569423646039346
0.4	89.0	0.5442839753602009	0.929281227999503	0.9335660385171445	0.9634924234831431
0.4	89.10000000000001	0.552517592662356	0.9137259582174238	0.9412764172683873	0.9553967179221665
0.4	89.2	0.5714855991410395	0.8775524766527735	0.9527792411695135	0.9357631775016015
0.4	89.30000000000001	0.5921567992543493	0.8369500030583056	0.9663505820591625	0.9122287244528225
0.4	89.4	0.6059657416459628	0.8087453446464559	0.9795480125247275	0.8945259358400153
0.4	89.5	0.607674304960491	0.8037429081538053	0.9899213234109165	0.8906980815484822
0.4	89.60000000000001	0.596265254068353	0.8249040399400143	0.9956754849028128	0.9035128273084756
0.4	89.7	0.5748739873073458	0.8674269818391788	0.9959791085609536	0.9289082438892315
0.4	89.80000000000001	0.5503161989249431	0.9179967758771792	0.9909272593776269	0.9574240827811797
0.4	89.9	0.5318535039808784	0.9567556451944258	0.9813829502985034	0.9780440096423623
0.4	90.0	0.5281914151087697	0.9657799434601027	0.9688600712066285	0.9826438898344811
0.4	90.10000000000001	0.5429433927107657	0.9394482526143166	0.9553922383828723	0.969028252933933
0.4	90.2	0.5719793206244531	0.8876285118124572	0.9432225192792419	0.9414184664983011
0.4	90.30000000000001	0.6055585149766987	0.8293041637724954	0.9342801215657351	0.9086055030527337
0.4	90.4	0.6329897021763699	0.782994357764797	0.929657973985501	0.8808938918571273
0.4	90.5	0.6462575696478852	0.7609363795268294	0.9294155824754912	0.8669913445361691
0.4	90.60000000000001	0.6417876446566249	0.7683031454713144	0.9328566429337223	0.8715085105165656
0.4	90.7	0.6209712742066785	0.8040446644865553	0.9390793550200486	0.8934356708825905
0.4	90.80000000000001	0.5898912108376212	0.8600753013501096	0.9473740660567421	0.926065492775026
0.4	90.9	0.5581678143611033	0.9199503852454517	0.9571829021090883	0.9588235361519967
0.4	91.0	0.5364009114448388	0.9621771438310315	0.9677430588533754	0.9808306390227932
0.4	91.10000000000001	0.5320197683607678	0.9702657293249072	0.9778281977009234	0.9849838394624356
0.4	91.2	0.5455195244738932	0.9428240008813553	0.9858941946598211	0.9707469427009924
0.4	91.30000000000001	0.5704955070900358	0.8941701737042528	0.9905458368221428	0.9442850906444202
0.4	91.4	0.5973984668759686	0.8448666353721547	0.9909662997127774	0.9158502426042842
0.4	91.5	0.6174898453473245	0.8112577508915818	0.9870395565488739	0.8956469886488028
0.4	91.60000000000001	0.6251238926374846	0.8013838621061143	0.9792121217662751	0.8900369579259902
0.4	91.7	0.6187747429446034	0.8158466525339902	0.9683484292789288	0.8995922800776774
0.4	91.80000000000001	0.6013943346966358	0.8487604505375792	0.9557473984530385	0.919474946330515
0.4	91.9	0.5800034518817165	0.8880117851904777	0.9432208758867944	0.9415760214175865
0.4	92.0	0.5638425546035322	0.9177164371955729	0.9329622762244287	0.9573852162920253
0.4	92.10000000000001	0.5605974884065376	0.9242845079681041	0.9270419404346926	0.960720693319983
0.4	92.2	0.572176829793548	0.9034556365435567	0.9266943275313292	0.9497671007617379
0.4	92.30000000000001	0.5935743848310792	0.8633338510769987	0.9318288292853605	0.9279468864642172
0.4	92.4	0.6159690225505342	0.8204443565493826	0.9411178394831516	0.9031306821508075
0.4	92.5	0.6309871955928524	0.791480049692119	0.9526031728306915	0.885047601882278
0.4	92.60000000000001	0.633359699147743	0.7870353800275608	0.9643780725292528	0.88159427195864
0.4	92.7	0.6218221550084756	0.8101587001216202	0.974920972152297	0.8955243807415462
0.4	92.80000000000001	0.5991400200551975	0.8565349189989152	0.9830484454280282	0.9230520173098278
0.4	92.9	0.5717827570651967	0.9135995964428281	0.9878031496140087	0.9550835876420235
0.4	93.0	0.5489534458501459	0.9617232872152345	0.9885567009441673	0.9805878053655979
0.4	93.10000000000001	0.5399600312196422	0.9814748658826397	0.9852750938309507	0.9906808920842666
0.4	93.2	0.5497494979180715	0.9639688466780186	0.9786460775342548	0.9817732665384117
0.4	93.30000000000001	0.5755868117030299	0.9159689368427728	0.9698580734385737	0.9566469014239116
0.4	93.4	0.6084240227623476	0.8555164612746982	0.9601446683786887	0.9232862897336651
0.4	93.5	0.6375092386583531	0.8023909369023265	0.9504450951843149	0.892131772674386
0.4	93.60000000000001	0.6543464137546476	0.770833069485088	0.9414491472161753	0.8727721915456637
0.4	93.7	0.6546820691600508	0.7676430789741187	0.9339496326232509	0.8709975728027457
0.4	93.80000000000001	0.6390969370568242	0.7929978115153182	0.9291123914754607	0.8869369010242265
0.4	93.9	0.6127419077052212	0.8401524201507705	0.9282937172209965	0.9148728953006514
0.4	94.0	0.5842245549469358	0.8943921370527919	0.9324165830292565	0.945034934847843
0.4	94.10000000000001	0.5632651194764591	0.9358289215619462	0.9413372086492584	0.96700110407061
0.4	94.2	0.5570360690247308	0.9482394561047901	0.9536888480664213	0.9735300461685841
0.4	94.30000000000001	0.5667487437731054	0.9284872125828247	0.9673116138691706	0.9632697782599555
0.4	94.4	0.5872611502539982	0.8881484964917313	0.9799282435096127	0.9411873352356106
0.4	94.5	0.6100538072649638	0.8458598596843465	0.9896271786703881	0.9165241256151058
0.4	94.60000000000001	0.6268947107495401	0.8175568604434257	0.9950121063018869	0.8991157196897905
0.4	94.7	0.6322748038201675	0.8117429285047258	0.9952244114429252	0.8955840611249183
0.4	94.80000000000001	0.6246469110942661	0.8295808630225691	0.9900876721895807	0.906935432505996
0.4	94.9	0.6069195454583454	0.8654000254976904	0.9803536864831424	0.9284335377664567
0.4	95.0	0.5861166095247029	0.9066050691402393	0.9677624597594814	0.9515921064100785
0.4	95.10000000000001	0.5715194566400773	0.9362314212267083	0.9546659302968633	0.967328874674613
0.4	95.2	0.5707895791641135	0.9398487114685219	0.9432996738062999	0.9691174015827345
0.4	95.30000000000001	0.5856410988905463	0.9133591806379362	0.935115025818676	0.9552273222640305
0.4	95.4	0.6107289578036356	0.8658496865710419	0.9305889865380887	0.9294774847601315
0.4	95.5	0.6368397280104552	0.8149384877249274	0.9295724753138962	0.9002138677690561
0.4	95.60000000000001	0.6551903175240231	0.7782147324357498	0.9318140374384469	0.8776448652515619
0.4	95.7	0.6600921666316422	0.7671373065755575	0.9371873655385186	0.8702812121891605
0.4	95.80000000000001	0.6498694161228352	0.7858081803235243	0.945464792462601	0.8817315192230442
0.4	95.9	0.6268928302278728	0.8312952451149901	0.9559216733325172	0.9091181397317089
0.4	96.0	0.597266342057833	0.8924399832288796	0.9672064761634991	0.943834006668855
0.4	96.10000000000001	0.5699998859640835	0.949859414974407	0.9776391204161509	0.974488195583398
0.4	96.2	0.5547896182779505	0.9820979500157846	0.9856952024011862	0.9909967627978636
0.4	96.30000000000001	0.5579001852985414	0.9766180248952055	0.9903010416737507	0.9882169232784896
0.4	96.4	0.5783558132055903	0.9370340198059958	0.9908126128703769	0.9676531467862522
0.4	96.5	0.6082620808929373	0.8801899472743782	0.9868983865972475	0.9366386439200675
0.4	96.60000000000001	0.6370394746516138	0.8263232772763315	0.9786249424350665	0.9055310534621085
0.4	96.7	0.6557497999024928	0.7907317192236424	0.9667780876296566	0.8841590582115033
0.4	96.80000000000001	0.6595028505414998	0.7811955425312178	0.9531158888926258	0.8787377093573768
0.4	96.9	0.6482541171397552	0.7987224810786435	0.9401854143028475	0.8900474706155468
0.4	97.0	0.6265776581664262	0.8375914254207968	0.9306287611495647	0.9132734174319939
0.4	97.10000000000001	0.6024955834036942	0.8845788919237157	0.9263155423257833	0.9395914321540365
0.4	97.2	0.5850912384727126	0.9212445289974245	0.9278086055187991	0.9591722241846623
0.4	97.30000000000001	0.5809916683363329	0.9316800839841123	0.9344320008197837	0.9647306111026053
0.4	97.4	0.591264917382717	0.9117199292770151	0.9447632545663608	0.9543586645784257
0.4	97.5	0.6111067903893892	0.8718117342211814	0.9571190997045071	0.932453277790364
0.4	97.60000000000001	0.63250382097529	0.8305412674301867	0.9697640803609865	0.9081650364587021
0.4	97.7	0.6475753564361695	0.8046332324413178	0.9809473857776773	0.8917987543053278
0.4	97.80000000000001	0.6509212727262839	0.8033146005191927	0.9890555322288355	0.8905978931361862
0.4	97.9	0.6409338194796255	0.827965588174377	0.9929767581999078	0.9057738970379277
0.4	98.0	0.6204368474393608	0.8724347622692048	0.9924435530242892	0.932095111935662
0.4	98.10000000000001	0.5965484849924969	0.9226890456873484	0.9880327485866314	0.9600663632888339
0.4	98.2	0.579031021951996	0.9596188236965788	0.9807660100391118	0.9795404177804501
0.4	98.30000000000001	0.5763926430788643	0.9668499481222225	0.971605179837457	0.9832291998592628
0.4	98.4	0.5910830663447189	0.9392900561125825	0.9612357143491262	0.9690165148773109
0.4	98.5	0.6178385810959025	0.8861282110219776	0.9502855813958317	0.9406278208527136
0.4	98.60000000000001	0.6469064279055464	0.826076761011437	0.9397459787008219	0.9066206375252117
0.4	98.7	0.6687760303071724	0.7785410511654591	0.9311611240726959	0.8778795369672241
0.4	98.80000000000001	0.6771473338866534	0.7569231810372331	0.9263168070863755	0.8641297252244138
0.4	98.9	0.6698999257527949	0.7669430310308284	0.9265685504538148	0.8704624400867584
0.4	99.0	0.6490422785816339	0.8070628995498554	0.9322583838325806	0.8951790075923313
0.4	99.10000000000001	0.6203036518737315	0.8672513298650912	0.9425869732169891	0.9300404089697006
0.4	99.2	0.5923187389854445	0.9282512855145215	0.9559197553183407	0.9631427369524176
0.4	99.30000000000001	0.5746410666009379	0.967303106867623	0.9702060058324713	0.9834139238232523
0.4	99.4	0.5739936978112707	0.9699293478392468	0.9832594139010035	0.9848021561682344
0.4	99.5	0.5904444532702208	0.9382695248690031	0.9929513076018962	0.9682814942654986
0.4	99.60000000000001	0.617100871298242	0.8883420313449412	0.9975262331468883	0.9409374848851147
0.4	99.7	0.6438385060514797	0.839815174036941	0.996084411282229	0.9128829163739235
0.4	99.80000000000001	0.6616992690458697	0.8075615346412189	0.9889863847906983	0.8935793342658804
0.4	99.9	0.6656017721225115	0.7991922483868691	0.9778508151245436	0.8889177475251719
0.4	100.0	0.6553530100508186	0.81580654021819	0.9650425448181497	0.8996591451533282
