time = tau * tau_parallel
rms: rms distance of hole to its origin
IPR: inverse participation ratio, IPR(tau) = sum_i (n_h(i,tau))^2, with hole density n_h(i,tau) at site i at time tau.
return prob: probability of the hole to return to its origin, n_h(0,tau).
leg imbalance: difference between the occupation in the two legs of the ladder (see Eq. (15) in the manuscript).


time, rms, IPR, return prob, leg imbalance
1.0	0.0	0.0	1.0	1.0	1.0
1.0	0.1	0.14033222425611314	0.961431561762855	0.9806315616106006	0.9804292157837446
1.0	0.2	0.27075619814826896	0.864394076508716	0.9267234236750788	0.928386114483074
1.0	0.30000000000000004	0.38218459747215233	0.7502710326466137	0.8501167601611038	0.8608819251183966
1.0	0.4	0.4671853670483519	0.6558293090121672	0.7678399052263244	0.7981456064497913
1.0	0.5	0.5208230536825079	0.5991718818823261	0.6978987245542766	0.7563954624416527
1.0	0.6000000000000001	0.541448264773324	0.5832289338379713	0.6543440566682794	0.7436155301267555
1.0	0.7000000000000001	0.5313226246695868	0.60384574244951	0.6436203683635827	0.758901266133152
1.0	0.8	0.4969654552293428	0.6527512691997639	0.6638579553333569	0.7941847032954504
1.0	0.9	0.4491133095703448	0.7160088425311433	0.7071371284912794	0.8371031644908312
1.0	1.0	0.40188827914143627	0.7741567229072427	0.763114232957584	0.8745203452535311
1.0	1.1	0.36974584568028496	0.8087312643834498	0.8220216259313554	0.8964369601865425
1.0	1.2000000000000002	0.3607653196693916	0.8124426602512268	0.8760431558999803	0.8993846649248548
1.0	1.3	0.37108092493452544	0.7936020387863766	0.9194215755028581	0.8876788276196165
1.0	1.4000000000000001	0.3887977895440167	0.7693531373198488	0.948257965227782	0.8712633731312045
1.0	1.5	0.40270198107805155	0.7543859083515136	0.9605350931502812	0.8606534218953454
1.0	1.6	0.4068645238355711	0.7551076957691323	0.9561281552759797	0.8615590943502822
1.0	1.7000000000000002	0.40139395188237503	0.769641253832276	0.9363821684901416	0.872313689344617
1.0	1.8	0.3919776531313602	0.7890020818858474	0.903429529620607	0.8854460846795112
1.0	1.9000000000000001	0.3883600760734915	0.7999726026643502	0.860009013319224	0.8919784022833219
1.0	2.0	0.40013141553299497	0.791277523775886	0.8102232818761306	0.885623468272891
1.0	2.1	0.4303863467866288	0.7595022459200613	0.7605517209754653	0.8649536994100424
1.0	2.2	0.4730361747484512	0.7107270056558399	0.719704750674119	0.8335273137698425
1.0	2.3000000000000003	0.5165817292013657	0.6580687566937473	0.6965455118737045	0.7989457062316232
1.0	2.4000000000000004	0.5493756995018508	0.6171801725107507	0.696909392088441	0.7713312411810539
1.0	2.5	0.5626834980266388	0.6014982846837	0.7212385367622405	0.7608930660328354
1.0	2.6	0.5519203750179286	0.6192385169596147	0.7644550279327528	0.7744266063240111
1.0	2.7	0.5171713446412365	0.6723054733477932	0.817868843681243	0.8118167115527425
1.0	2.8000000000000003	0.4637117119119194	0.7539196491475152	0.87166242998187	0.8645952146163646
1.0	2.9000000000000004	0.40310366680717896	0.8447345790110014	0.9166676580578298	0.9180526842957493
1.0	3.0	0.3545893318924136	0.9150782086645078	0.9453404546603096	0.9564084792633397
1.0	3.1	0.34127693612758253	0.9383653891275542	0.9526834503785192	0.9686034916010219
1.0	3.2	0.37241037271428173	0.9066673684013397	0.9375082686973989	0.9519466103653256
1.0	3.3000000000000003	0.4329026419070199	0.8344229426711932	0.9033592839044083	0.9122977127194715
1.0	3.4000000000000004	0.5001110719655021	0.7482677575762177	0.8579414228497132	0.8614246278262888
1.0	3.5	0.557262553315879	0.6732154088852483	0.81074852183094	0.8131569640983117
1.0	3.6	0.5946839682727942	0.6248885068233393	0.7700860758315983	0.7796409786536789
1.0	3.7	0.6085363604183949	0.6093448554416818	0.7412896479762541	0.7682667296583826
1.0	3.8000000000000003	0.6001425648492268	0.6257992540994413	0.7269058186193381	0.7796615705002294
1.0	3.9000000000000004	0.575596537071193	0.6671995308489717	0.7278880931517671	0.8074772207169556
1.0	4.0	0.5448861803582415	0.7190584400112036	0.7441929553602286	0.8406292165582947
1.0	4.1000000000000005	0.5196253056149014	0.762381505835367	0.7741714053097734	0.8675970154942041
1.0	4.2	0.5088386231728703	0.7829737199513149	0.8137045294984462	0.880977965688081
1.0	4.3	0.5145224755300687	0.7796589600162555	0.8564807562575995	0.8800206910663918
1.0	4.4	0.5310741225634973	0.7630351556154329	0.8957260634738435	0.8699656297959042
1.0	4.5	0.5494414789864313	0.7468637639947671	0.9262320156020639	0.8588910971802612
1.0	4.6000000000000005	0.5619389741970474	0.7407812232296476	0.9451774260785927	0.8539438696324642
1.0	4.7	0.5648870926452843	0.7483717804572732	0.9513566103174711	0.8586248977877853
1.0	4.800000000000001	0.5593410949393975	0.7679912177406436	0.943918542803928	0.8717712940479099
1.0	4.9	0.550702442971921	0.7930923793486598	0.9221285761396386	0.8880559886967686
1.0	5.0	0.5471648021581234	0.8123136261824209	0.8865638321816003	0.89966181254099
1.0	5.1000000000000005	0.556480885121207	0.8122100144841187	0.8406100085381918	0.8989059834530416
1.0	5.2	0.5817746887922469	0.7840903910949306	0.7906965619335167	0.8813895700133396
1.0	5.300000000000001	0.619343561135151	0.7312165183302538	0.7448319838133742	0.8486214525188018
1.0	5.4	0.6603844522932675	0.6692938534901614	0.7104936358894473	0.8086501716801519
1.0	5.5	0.6947573145237911	0.6184009850690174	0.6932446030530918	0.7738175199491191
1.0	5.6000000000000005	0.7141236985611146	0.5937586950771006	0.6963863691384312	0.756296827892633
1.0	5.7	0.7137496711541454	0.6028430690589767	0.7207999300238168	0.7634817799434173
1.0	5.800000000000001	0.6933888943791404	0.6469641999366894	0.7641793093593212	0.7953369470047269
1.0	5.9	0.6576497809037336	0.7209598491620824	0.8200448302336877	0.8445026494094559
1.0	6.0	0.6159049107209744	0.8101920774784427	0.8779174368395408	0.8985177626083272
1.0	6.1000000000000005	0.581178379966098	0.8900998056743753	0.9256385946531847	0.943113474247876
1.0	6.2	0.5666016802805515	0.9331801425121043	0.9531885270865814	0.9659406279772464
1.0	6.300000000000001	0.5791151148454114	0.9223139121834957	0.9559468125773155	0.9602588387782209
1.0	6.4	0.615089015089779	0.8618005423046176	0.935546267550309	0.9275961025633714
1.0	6.5	0.6630497849796575	0.7758674712904	0.8981993872883768	0.8779417035039929
1.0	6.6000000000000005	0.7101171352277089	0.6944639152637772	0.8520525431304435	0.8266404560473852
1.0	6.7	0.746391011581605	0.6387566002012695	0.8052554594278752	0.7888069576570771
1.0	6.800000000000001	0.7665723788464134	0.6170739099886369	0.7651405173035852	0.7736895790576989
1.0	6.9	0.7702196613472918	0.6282054972931446	0.7377113400793577	0.781718660870755
1.0	7.0	0.7613154408473048	0.6635942194386837	0.7267456979263497	0.8055494966586162
1.0	7.1000000000000005	0.7470353395718908	0.7082901722327444	0.7328549682298516	0.8341364201538353
1.0	7.2	0.7354138666792133	0.7454458968747775	0.7534631346143453	0.8573876632799856
1.0	7.300000000000001	0.7321939091819393	0.7635232489917597	0.7841093647828299	0.8692854900006269
1.0	7.4	0.7383780060690894	0.7609938845867821	0.8202933848839852	0.8689273888323955
1.0	7.5	0.7502858111352843	0.7459014614034624	0.8584887728285941	0.8601175490443743
1.0	7.6000000000000005	0.7620604393465098	0.7312060585944236	0.8956326071860463	0.8500003127494836
1.0	7.7	0.7687149804163361	0.7284991021562913	0.9278287889345883	0.8465703499952115
1.0	7.800000000000001	0.7681597052147605	0.7434904373157085	0.9498264345177605	0.8551302993298587
1.0	7.9	0.761922420967616	0.7745729021758664	0.9561779456430769	0.875029077355963
1.0	8.0	0.7547748662036212	0.8122331575996582	0.9434291138227355	0.8988405816852031
1.0	8.1	0.7532782258301896	0.8394979452443315	0.9117760201648167	0.9151880095880726
1.0	8.200000000000001	0.763230344295591	0.8383821652327268	0.8651996682553007	0.9141012682997486
1.0	8.3	0.7867796065985714	0.8016422495870528	0.8104350678490517	0.8919747210603627
1.0	8.4	0.8209262166272471	0.7389910058315124	0.7557964462755394	0.8533916550402725
1.0	8.5	0.8585190838274253	0.670887107529341	0.7103100266747404	0.8091374342774649
1.0	8.6	0.8909433692771292	0.6169513100553917	0.6826634238962087	0.7719942791182947
1.0	8.700000000000001	0.910884707879539	0.5896309564161316	0.6793678578802519	0.7526973088202271
1.0	8.8	0.914258606235772	0.5948793290674544	0.702446462602746	0.7574139006217078
1.0	8.9	0.9011688859228294	0.6344710441374142	0.7479497234828542	0.7865719370944125
1.0	9.0	0.87600195065975	0.7051718140350989	0.8065535576821747	0.8343965289693658
1.0	9.1	0.8466842644883726	0.7944814157572986	0.8662641175629487	0.8893610142266786
1.0	9.200000000000001	0.822949250839353	0.8780196769449105	0.9158447745594894	0.9365547039865164
1.0	9.3	0.8134989876204914	0.9262173074180399	0.9472660268983902	0.9622928507204672
1.0	9.4	0.8227468652064788	0.9206286868602765	0.956509742486035	0.9593824437483462
1.0	9.5	0.8490087595048671	0.8665016593772498	0.9433467168155097	0.9301621279266223
1.0	9.600000000000001	0.8855458183662585	0.7883131195726136	0.9109899932097898	0.8853236255988773
1.0	9.700000000000001	0.9235583040094335	0.7133438779819292	0.8657548440608296	0.8391405200146796
1.0	9.8	0.9551577919311046	0.6594977281669382	0.8161392623668335	0.8039211262469085
1.0	9.9	0.975327276068079	0.6338079011981148	0.7709893906258131	0.7864909155540576
1.0	10.0	0.982840906924825	0.6358403877426168	0.7373501984709967	0.7875829935031733
1.0	10.100000000000001	0.9802287554430561	0.6600364879697264	0.7191524020526202	0.8030969746591425
1.0	10.200000000000001	0.9727366842351597	0.6962806809849625	0.7173809073328997	0.8258491966951933
1.0	10.3	0.9663588509042719	0.7309541589363034	0.7312170533328836	0.8474387387316067
1.0	10.4	0.9654970780655583	0.7510669816225278	0.7589319366099875	0.8606359425584538
1.0	10.5	0.9713023572549271	0.751209264456137	0.7977495988847515	0.8621889789554398
1.0	10.600000000000001	0.9816164315381718	0.7378227042260899	0.8431112026824538	0.8547068257738413
1.0	10.700000000000001	0.9924598629180454	0.7251402133810123	0.8885482754955114	0.845882538991399
1.0	10.8	1.0000959090566335	0.7258322897721051	0.9268639532178032	0.8446515559266494
1.0	10.9	1.0026705373685074	0.7450342602365585	0.9520065528833609	0.8561165443083109
1.0	11.0	1.0009731944483626	0.7796959581269478	0.9603138426393002	0.8783125870053853
1.0	11.100000000000001	0.9982769420043467	0.8189791039839455	0.9505005805201917	0.9028735680785609
1.0	11.200000000000001	0.9993165363109806	0.8462146121918294	0.9230701565530244	0.9190592458180311
1.0	11.3	1.008524675994798	0.8458494567654634	0.8802754703962969	0.9185445265903616
1.0	11.4	1.0279940028176395	0.8120735074307243	0.8268616930466733	0.8984695874171167
1.0	11.5	1.056130978106774	0.7521177288489251	0.7706052399964514	0.862035045957375
1.0	11.600000000000001	1.08788654602776	0.6825805608283234	0.7214413118336683	0.8174687739151429
1.0	11.700000000000001	1.1165049306886934	0.622460049063339	0.6890156256844356	0.7762276966784611
1.0	11.8	1.1358403064769769	0.5870462653336456	0.6798296227808837	0.7504502029068778
1.0	11.9	1.1422605503827803	0.5853593790569234	0.6955279531581885	0.7494550071991032
1.0	12.0	1.135661068382643	0.6207722265910849	0.7329677206997182	0.7760256710787165
1.0	12.100000000000001	1.1195196570074533	0.6903952155230205	0.7854196526566093	0.8243099236915665
1.0	12.200000000000001	1.100062739756553	0.7807380417281574	0.8438384437235745	0.8810159149973205
1.0	12.3	1.0846408523049489	0.8660859187596284	0.8978955932283158	0.9299337202573703
1.0	12.4	1.0795622201117112	0.9176534685590186	0.937390727151299	0.957786913103764
1.0	12.5	1.088022592875877	0.9191160428000721	0.9545437581819334	0.9585870074992449
1.0	12.600000000000001	1.109074028869689	0.8747671042089479	0.9465060448614175	0.9346911325912552
1.0	12.700000000000001	1.1381958544085056	0.8043093684246793	0.9165038544382522	0.8948127055034338
1.0	12.8	1.1690925351740442	0.7312026597833143	0.8725397975600286	0.8506441478290553
1.0	12.9	1.1957886876409842	0.6737576790019734	0.8242525174735	0.8135899217067877
1.0	13.0	1.2142873819557902	0.6420781054090103	0.7798495683930446	0.7920763269226505
1.0	13.100000000000001	1.2234731124905387	0.6387328782971683	0.7447749844317254	0.7894295122894295
1.0	13.200000000000001	1.2251579891975195	0.6596243755379709	0.7222235007228059	0.8028192121588276
1.0	13.3	1.2232529499545082	0.6938045315830753	0.7141937744656546	0.8242318593432455
1.0	13.4	1.2222153947299292	0.7254127581529948	0.7217216636941437	0.8437698319186723
1.0	13.5	1.2252676392839335	0.7408991062758762	0.7441693040327114	0.854036622725329
1.0	13.600000000000001	1.233174239316079	0.7374055905057979	0.7786304391274095	0.8533497725304259
1.0	13.700000000000001	1.244195499882458	0.7240038160975125	0.820398472802733	0.8460445051433462
1.0	13.8	1.2551655025472557	0.7145488121085856	0.8642226738447975	0.8398421241587373
1.0	13.9	1.2630499346831086	0.7194389509715133	0.905185509760692	0.8418680135505101
1.0	14.0	1.2662850677874564	0.7420997602095117	0.9385224337779894	0.855352462049848
1.0	14.100000000000001	1.2654998449132797	0.7791782934788554	0.9590478257025348	0.8782647301493683
1.0	14.200000000000001	1.2634807128697312	0.821239209422525	0.9615317679708535	0.9039390594913622
1.0	14.3	1.2643554255883458	0.8536912108322422	0.9425578087277546	0.923092464607397
1.0	14.4	1.2721162024539667	0.8603196394366102	0.902836576815772	0.926703430756169
1.0	14.5	1.2889143243138563	0.8307783433080067	0.8482078189387464	0.9093392080158839
1.0	14.600000000000001	1.3138776479899275	0.7685597067991567	0.7883941793068114	0.8720629519946265
1.0	14.700000000000001	1.3431162855763312	0.6919042820868134	0.734212810654549	0.8234261739774178
1.0	14.8	1.3709718344880082	0.6246255465322305	0.6949128899434628	0.7773494150069843
1.0	14.9	1.3919188853455104	0.5847029378606255	0.6767912771652687	0.7482745328269789
1.0	15.0	1.4023385642927613	0.5804919514750309	0.6828697097246641	0.7457499521335829
1.0	15.100000000000001	1.4016057139147637	0.6134489147126284	0.7126321531385054	0.7710526440414219
1.0	15.200000000000001	1.392253893621318	0.6791789956334213	0.761416170607431	0.8171663508331555
1.0	15.3	1.3792332958542177	0.764790987362701	0.8202814273322695	0.871545869241965
1.0	15.4	1.3684579242425519	0.8482533694530727	0.8775146301756019	0.9200560931845889
1.0	15.5	1.3650209491597416	0.9043188474935371	0.9217976071482663	0.950710271093483
1.0	15.600000000000001	1.3716485652404997	0.9152874948448085	0.945541005117916	0.9565855596730642
1.0	15.700000000000001	1.3879898630356695	0.8800777931966547	0.9465324584176976	0.9376196260510086
1.0	15.8	1.4110086790265204	0.8147941672576903	0.9272563781528526	0.9007631219474777
1.0	15.9	1.4362119709214347	0.7436055244090153	0.8928865876394476	0.857900568223505
1.0	16.0	1.4591481278057465	0.686958220752868	0.8495625689416556	0.8217256635507512
1.0	16.1	1.476682278582924	0.6556090014847673	0.8037277672372625	0.8010884341315753
1.0	16.2	1.487759172665243	0.6510907896748481	0.7620004047087592	0.798071541749689
1.0	16.3	1.4934978138114845	0.6675322080223649	0.7305940387542382	0.8082802127771774
1.0	16.400000000000002	1.4965749603889669	0.6934958724457556	0.7140721612856858	0.8239113850567721
1.0	16.5	1.5000585483209294	0.7161950672181369	0.7142708399739628	0.8375877786545605
1.0	16.6	1.5061187608928388	0.7271325022053038	0.7303277035797884	0.8449409266679626
1.0	16.7	1.5151837494993088	0.7252811037000415	0.7597397816015602	0.8453005790231272
1.0	16.8	1.5259314972083555	0.71640490146726	0.7993470234468864	0.8411804991966931
1.0	16.900000000000002	1.5360732860989272	0.7099506294684875	0.8452852144737031	0.8373666213578397
1.0	17.0	1.5434975024892705	0.7150439252815582	0.8921742938322533	0.8395717508449335
1.0	17.1	1.547258841554209	0.736923815619383	0.932807750187915	0.8521778107902509
1.0	17.2	1.5480775961318665	0.7748804698495941	0.9593178961994405	0.8754049582921449
1.0	17.3	1.5482471328369258	0.8209916080770859	0.9654928421128287	0.9035678400294528
1.0	17.400000000000002	1.5509952240579292	0.8594646605997585	0.9488785954100606	0.9262436309335436
1.0	17.5	1.5594258599036024	0.8707082392743024	0.9114654393714555	0.9325174518156131
1.0	17.6	1.5752941421362001	0.8424435223631551	0.8589020248607123	0.9162173499178833
1.0	17.7	1.5980611389159805	0.7795882918064755	0.7991691250754127	0.8791667620474439
1.0	17.8	1.6247329017017218	0.7022014783087093	0.7415512646242431	0.8307389961035477
1.0	17.900000000000002	1.6506859019808537	0.6335054130510935	0.6957935302352323	0.7843133319791087
1.0	18.0	1.67116907888657	0.5898400109122037	0.6706910734872353	0.7527685407409379
1.0	18.1	1.6828627697316136	0.5790414824440622	0.671865094454475	0.7449486067810636
1.0	18.2	1.6849371643210367	0.6035862214412802	0.6996458111837848	0.7637145361871871
1.0	18.3	1.6793119142266746	0.661890944090852	0.748491364353962	0.8052197366909607
1.0	18.400000000000002	1.67007658302632	0.7450922636648716	0.8085408962099315	0.8592599496945739
1.0	18.5	1.6622491153854784	0.8329486653796399	0.8684659582676024	0.9113096240922468
1.0	18.6	1.6602490791970446	0.8969602352558729	0.9181019779125081	0.9467246383748494
1.0	18.7	1.6665949081881928	0.9143070255902048	0.9499444532776222	0.9560642679514069
1.0	18.8	1.6812804269307213	0.8825782249572284	0.9597187488660484	0.9388859286243609
1.0	18.900000000000002	1.7020077676453245	0.8202332362529124	0.9467209242204178	0.9035915070929053
1.0	19.0	1.7251070776365742	0.7527576615207107	0.9141252260595969	0.863241488261107
1.0	19.1	1.7467672393077938	0.6992240419114278	0.868683742647006	0.8298410625945907
1.0	19.200000000000003	1.764181425005424	0.6684081548337446	0.819208409487951	0.8102689722739762
1.0	19.3	1.7762866653862388	0.6609119771383937	0.7741415765782756	0.8054075890843522
1.0	19.400000000000002	1.783890403047706	0.6717539869993652	0.7394980513987564	0.8117494061150647
1.0	19.5	1.7891421563862386	0.6922745201403071	0.7183678685499774	0.8236800551203698
1.0	19.6	1.7945331028583582	0.7121358731003382	0.7119129061706598	0.8352737150481381
1.0	19.700000000000003	1.8018258058971073	0.7222412619720933	0.7205554539263863	0.841710391784576
1.0	19.8	1.8113862625507426	0.7188639811354582	0.7440848776069041	0.8408540995140289
1.0	19.900000000000002	1.8222006863608793	0.7068176396240424	0.7806581742816219	0.8346824259475565
1.0	20.0	1.8324990922733513	0.6977057334163572	0.8258638264284714	0.8292263024536087
1.0	20.1	1.8406327038797428	0.7032280016988581	0.8729894637963921	0.8319928377659542
1.0	20.200000000000003	1.845826811221887	0.7291052694945974	0.914498870162258	0.8476943496203828
1.0	20.3	1.848581782445414	0.7729419988624162	0.9436919120204976	0.874851898435663
1.0	20.400000000000002	1.8506477995514459	0.8239351701574532	0.9556108604513528	0.9056304875343232
1.0	20.5	1.85457594966596	0.8644465467502387	0.9472683481723574	0.929086672987676
1.0	20.6	1.8629100250488146	0.8764879563947624	0.9180355425091261	0.9357795781456595
1.0	20.700000000000003	1.87721146885405	0.8509651524081868	0.870644325019819	0.9212501026287697
1.0	20.8	1.8972704898454107	0.7926446661929981	0.8120839995587874	0.8872112975666491
1.0	20.900000000000002	1.9208939429351695	0.7176060795521813	0.7530383916343553	0.840874652601048
1.0	21.0	1.9444584317105713	0.6461306507733271	0.7053109279535271	0.7933065535559791
1.0	21.1	1.9640588145942834	0.5956798738579481	0.6783085835222442	0.7571196118344063
1.0	21.200000000000003	1.9768010562742497	0.5772185847978132	0.6765133346597605	0.7432949462538094
1.0	21.3	1.9817503242860166	0.5955016183963301	0.6990943698034315	0.7574187711647321
1.0	21.400000000000002	1.9802243865545812	0.6498109749073853	0.7411864358605549	0.7967842911654368
1.0	21.5	1.9753763663487238	0.7308577929187741	0.7954432311268654	0.8503341012847208
1.0	21.6	1.971224493355693	0.8172619455350064	0.85300408843325	0.9022919111147628
1.0	21.700000000000003	1.9714304983507218	0.8809957322193149	0.9042405778728201	0.9380786757968879
1.0	21.8	1.9782078757557244	0.9019586454190516	0.9401862995838005	0.9495285221760408
1.0	21.900000000000002	1.9917248615446936	0.8787771220632842	0.9547846029238535	0.9369066788835559
1.0	22.0	2.010205898873552	0.8264509797603854	0.9468200919780605	0.9073575714413217
1.0	22.1	2.0306652717992026	0.7656436245755308	0.9200622835318768	0.8713610574112856
1.0	22.200000000000003	2.0499705456123847	0.7135522611081555	0.8813023193019384	0.8391530429633183
1.0	22.3	2.0658520760966854	0.6804208520563181	0.83761273282289	0.8181177504506439
1.0	22.400000000000002	2.077538110620547	0.669687000210886	0.7946915930421538	0.8112130206526547
1.0	22.5	2.0858287114705014	0.6785553681238905	0.7569981921636347	0.8164229519569512
1.0	22.6	2.0925954855608975	0.6981236694647872	0.7286844764408674	0.8276423400981002
1.0	22.700000000000003	2.099900629563651	0.7154384233984201	0.7137682783848652	0.8372682162985632
1.0	22.8	2.1091001057730976	0.7197223416550703	0.7150512738561964	0.8397714433069309
1.0	22.900000000000002	2.1203154814059135	0.7094940305119987	0.7327542407503214	0.8344805944291772
1.0	23.0	2.132480570731461	0.693660524762078	0.7641939610840448	0.8258916688104483
1.0	23.1	2.1438921023134494	0.6852240745156446	0.8047816145694111	0.8212379263468328
1.0	23.200000000000003	2.1529881684020773	0.6938592781352448	0.8493350450356584	0.8267544802459671
1.0	23.3	2.159037243222116	0.7225708384669657	0.8925228258384784	0.8446995556542323
1.0	23.400000000000002	2.1625095947766817	0.7676179048235253	0.9283971812310711	0.8723827495268592
1.0	23.5	2.1650339861101973	0.8191576678340261	0.9502362062824089	0.9030803772397406
1.0	23.6	2.168957258375491	0.86246696351901	0.9518874887944517	0.9279657271102529
1.0	23.700000000000003	2.17661438411236	0.8812185255582925	0.9303563317384699	0.9383989589895161
1.0	23.8	2.1895021175905534	0.8635966021617035	0.8879228433214823	0.9284261672864189
1.0	23.900000000000002	2.2076298458633503	0.8093801862458903	0.832122876398424	0.8972560158891518
1.0	24.0	2.2293300628576587	0.7327889931399695	0.7734995864536116	0.8507815008207658
1.0	24.1	2.2516673597025196	0.6567151039543345	0.7226124403389317	0.8008340248772793
1.0	24.200000000000003	2.2713274468403246	0.6017517189794626	0.6879324440797728	0.7616814590557046
1.0	24.3	2.2856600609990476	0.5794005011758367	0.6750287518212653	0.7449888674555498
1.0	24.400000000000002	2.2935101675703393	0.593025803957262	0.6862570393568654	0.7556305810407811
1.0	24.5	2.2955751416717782	0.6404823119467548	0.7201836276003009	0.7902785530944865
1.0	24.6	2.294186332405606	0.7131336464186434	0.7710243564618048	0.8390005413317968
1.0	24.700000000000003	2.292583191494263	0.7939470381226483	0.8291744997127872	0.8886500479239439
1.0	24.8	2.293907011392967	0.8601318591715096	0.8834613681343977	0.9265941476800307
1.0	24.900000000000002	2.300248703996452	0.891512877280316	0.9243597116474006	0.9439352049078165
1.0	25.0	2.3120787059894847	0.8802733949082299	0.9464142287981328	0.9378282618274343
1.0	25.1	2.3282427958314287	0.8351364733239068	0.9485958165473185	0.9123683573509874
1.0	25.200000000000003	2.3464881642566393	0.7760843832206255	0.9329250331718322	0.8773520229708408
1.0	25.3	2.3642999492521137	0.7235126158524737	0.9028914801272605	0.8447442082949814
1.0	25.400000000000002	2.3797476299591738	0.6903036067342705	0.8628595932719295	0.8239532356075182
1.0	25.5	2.3920617555246606	0.6802153481458096	0.8182737505624796	0.8181464453230894
1.0	25.6	2.401757299139824	0.6888563619949299	0.775569151026687	0.8236691813486601
1.0	25.700000000000003	2.410268156890876	0.7052547591629508	0.7411252039602925	0.8328763713998426
1.0	25.8	2.4192327357488805	0.716564943815879	0.7197641652225855	0.8385285569965695
1.0	25.900000000000002	2.4297231448380567	0.7150850382199274	0.7138972133868388	0.8371140160333359
1.0	26.0	2.441758459817966	0.7020031627805106	0.7238248668927842	0.8296536436309144
1.0	26.1	2.454322270712359	0.6854772369117809	0.7485523400054379	0.8204780551391738
1.0	26.200000000000003	2.465858359417228	0.6760356711997914	0.7860127880788318	0.8153437031895527
1.0	26.3	2.474995115158746	0.6825571917522263	0.8323437065372995	0.819649725428513
1.0	26.400000000000002	2.4811794251601014	0.7097101502887394	0.8810931374337654	0.8366288978451837
1.0	26.5	2.484987003957271	0.7563729596599678	0.9236442507189847	0.8654550797141011
1.0	26.6	2.488026147070345	0.8141724422749489	0.9512324712143918	0.900096531897709
1.0	26.700000000000003	2.4924831186135035	0.8666527118656078	0.9575536036278363	0.9302225248579971
1.0	26.8	2.5004472986576287	0.8927877919423642	0.9404876385861284	0.9446449845964323
1.0	26.900000000000002	2.5132110187567456	0.8773098625205185	0.902294365353518	0.9360468219499533
1.0	27.0	2.5307605181341897	0.8214751769326543	0.8488109616303808	0.9045117276375233
1.0	27.1	2.5516440604236243	0.7434145262661579	0.7885008388195532	0.8578198535527198
1.0	27.200000000000003	2.5733060599163973	0.6671647984589295	0.7315401425048932	0.8084550589411474
1.0	27.3	2.5928182162849582	0.6111832164729414	0.6884254335148997	0.769227462070121
1.0	27.400000000000002	2.6077741638767296	0.5848401613209153	0.6677383308697582	0.7497414198403185
1.0	27.5	2.617033621262288	0.5911754161566286	0.673638641350689	0.7545853797447705
1.0	27.6	2.621059355434173	0.6296383383417445	0.7044225343747333	0.7826841130583264
1.0	27.700000000000003	2.621748107352581	0.6950258014640572	0.7531609551891262	0.8272150754132859
1.0	27.8	2.621829386213417	0.7737412306343001	0.8101209008356146	0.8765379921685741
1.0	27.900000000000002	2.6240342917742594	0.8432118172688564	0.8655209859814512	0.9170520392387468
1.0	28.0	2.6302994534943984	0.8802135586215831	0.9112647442441089	0.9377858092475458
1.0	28.1	2.641256074896624	0.8745546771361541	0.9414665332453861	0.9347387738714232
1.0	28.200000000000003	2.656155091732196	0.8352656669812036	0.9525855842212781	0.9123836908544251
1.0	28.3	2.6732266597590795	0.7827696248360483	0.9438451077756653	0.8811903854708011
1.0	28.400000000000002	2.690331867369518	0.7359401062750677	0.9176739999252914	0.8525449500804421
1.0	28.5	2.7056876037536335	0.705409939365421	0.8793604508255826	0.8340202157327093
1.0	28.6	2.7184318490984483	0.6937260437944176	0.8356265501672332	0.8273817491931619
1.0	28.700000000000003	2.7288334505535294	0.6973007040829782	0.792857632465983	0.8296007973799926
1.0	28.8	2.7380540203215236	0.708298145352139	0.7561115911700632	0.835341291713584
1.0	28.900000000000002	2.747545008227808	0.7171327381694006	0.7293149971908374	0.839248941909296
1.0	29.0	2.7583405429572774	0.7158550628922642	0.715901854773183	0.8375338693173435
1.0	29.1	2.7705711207384542	0.7020376085722878	0.7187284726849471	0.8292444486534608
1.0	29.200000000000003	2.7834172942406554	0.6813720033582439	0.7388931945227782	0.8172754330090222
1.0	29.3	2.7955050503479577	0.6659838704857627	0.7743545796526055	0.8081869842116821
1.0	29.400000000000002	2.8055431065058816	0.6683670000823987	0.8196645421586928	0.8098515294247258
1.0	29.5	2.8129185928989484	0.6955125195685475	0.8672272210384828	0.8273781364598638
1.0	29.6	2.8180202093018676	0.7462770891362964	0.9091975845745648	0.859524414743982
1.0	29.700000000000003	2.8221913114765664	0.8101471428883558	0.9388039001823811	0.8980795622591445
1.0	29.8	2.8273490526388674	0.8677084781201113	0.9507849930611975	0.9309219501444401
1.0	29.900000000000002	2.8353915299273553	0.8971116626180461	0.941699733839009	0.9470043043747501
1.0	30.0	2.8475605214685475	0.8851448354200104	0.9108953143928777	0.9404550544395228
1.0	30.1	2.8639573269556236	0.8341634306955518	0.8618720514917441	0.912048707742406
1.0	30.200000000000003	2.8834013251543	0.7597737262080712	0.802779648345127	0.8682841163698019
1.0	30.3	2.903723204636059	0.6828171936828266	0.744956158917668	0.8193927692855962
1.0	30.400000000000002	2.92241135601055	0.6217297760148639	0.6997757722737209	0.777158537563605
1.0	30.5	2.937381809151782	0.5885321345393182	0.6754129748894846	0.7524619733606698
1.0	30.6	2.947604955137301	0.588705163190352	0.6751899915673075	0.752321243150218
1.0	30.700000000000003	2.9533916129780775	0.6225497104647234	0.6978783439510463	0.7771262297443104
1.0	30.8	2.956262562943416	0.6842494451619704	0.7389321706197911	0.8196718901739733
1.0	30.900000000000002	2.9584563761052864	0.7589653793621141	0.7914689336643537	0.867242212107725
1.0	31.0	2.9622413316131375	0.8245441362624072	0.846871079828321	0.9062761523738958
1.0	31.1	2.96925557190895	0.8612531268743834	0.8958265888850594	0.9273544343303237
1.0	31.200000000000003	2.9800796541448524	0.8620601962329826	0.9303111103777395	0.9279573545670774
1.0	31.3	2.994157695514544	0.8340950509175876	0.9457825786737863	0.9119906806981247
1.0	31.400000000000002	3.010070679025044	0.7919282819279029	0.942139062167487	0.8871159715532201
1.0	31.5	3.026065325304885	0.7500353834820397	0.9226979812273871	0.8617298768672582
1.0	31.6	3.0406666952895147	0.718832262666997	0.8920057241080377	0.842668910233029
1.0	31.700000000000003	3.0531661787235858	0.7036225587043397	0.8541961269654718	0.8336290387389875
1.0	31.8	3.0638060931976794	0.7042483959804842	0.812975945223336	0.8341563090097369
1.0	31.900000000000002	3.0735868828736135	0.714542671936186	0.7727002994659264	0.8397137077492273
1.0	32.0	3.083769391455283	0.7233136852713329	0.7389552625021467	0.8435290986840712
1.0	32.1	3.095273960878384	0.7195813411490083	0.7176052232750458	0.839993065437469
1.0	32.2	3.108232438954026	0.7004112310893847	0.7128327759877436	0.8280038051707265
1.0	32.300000000000004	3.1218927668099745	0.6742197070223128	0.725701124659347	0.8121862142075201
1.0	32.4	3.1349220312168518	0.6556148477901375	0.7542128347717169	0.8009785856590258
1.0	32.5	3.1459762208279405	0.6570311487185551	0.7943764647810068	0.8025173847595646
1.0	32.6	3.154295203964878	0.6840772667403431	0.8410057007012863	0.8206237463509131
1.0	32.7	3.160085140529058	0.7347164101018754	0.887664869539099	0.8529654487796738
1.0	32.800000000000004	3.164545579570956	0.7991759381967515	0.9265182057798347	0.891903932181482
1.0	32.9	3.169531213486768	0.860664530307984	0.94932050847957	0.9270218375127068
1.0	33.0	3.1769624365136133	0.8990731984140885	0.9498178927052296	0.9480358548461034
1.0	33.1	3.1881822371861914	0.8981921343903766	0.9263378261877336	0.9475099141177806
1.0	33.2	3.2034769037583835	0.8540029171776813	0.8828226565708621	0.9232528711890341
1.0	33.300000000000004	3.221927964545882	0.7787536479766479	0.8275796475093442	0.8798508175535299
1.0	33.4	3.2416562579063175	0.6960229310008071	0.7706717780209587	0.8282144864326477
1.0	33.5	3.260385160348378	0.6291104521871927	0.721609991496742	0.7824972513266791
1.0	33.6	3.276134271220998	0.5921577659456044	0.6882000914063321	0.7552724225307924
1.0	33.7	3.2878084925673305	0.5895863829519137	0.6760161304856378	0.7531618148596579
1.0	33.800000000000004	3.295491680750739	0.6194059052356851	0.6875482296377119	0.7749799279013311
1.0	33.9	3.3003631368392687	0.6742741792738854	0.7210086958364416	0.8129751828753422
1.0	34.0	3.3042814549999004	0.740994176447608	0.7699194701921858	0.856082406381816
1.0	34.1	3.3091844193469186	0.8024196706326866	0.8245400319098009	0.8934279175626844
1.0	34.2	3.316508600395527	0.8425487271586987	0.8748309030466594	0.9169060181712831
1.0	34.300000000000004	3.3268191163549603	0.852380635950474	0.913308425818384	0.9226791121788558
1.0	34.4	3.339755857950816	0.83354840539875	0.9361794595389203	0.911873966311952
1.0	34.5	3.3542780127056617	0.7972989316195551	0.942547319266093	0.8903088444564047
1.0	34.6	3.369087090153895	0.7587247556215387	0.9329484696566444	0.8666684314568333
1.0	34.7	3.3830773516172092	0.7300302474867597	0.9087031527478262	0.8491269854729736
1.0	34.800000000000004	3.3956852094559293	0.7169518292550663	0.8724343049873836	0.8417844344251058
1.0	34.9	3.4070396500875155	0.7180982262411202	0.828781949786953	0.8430225461561819
1.0	35.0	3.4178525541121245	0.7255840670638476	0.7841271604869123	0.8469425962809639
1.0	35.1	3.4290646269292155	0.7283750799504818	0.7452011513329044	0.847000161300926
1.0	35.2	3.4413727376385497	0.7186694096206994	0.7175980807064664	0.839560166176604
1.0	35.300000000000004	3.45484282497449	0.6967826017376786	0.7051775358525741	0.8254835206459195
1.0	35.4	3.4687965062926613	0.6706536027589985	0.7102367221965024	0.8094585752761678
1.0	35.5	3.4820431456262044	0.6515495552168689	0.7334728364099097	0.798079735420707
1.0	35.6	3.493368995339822	0.6497381810952967	0.7731387199400331	0.7977341411205295
1.0	35.7	3.5020756833284103	0.6717711379846381	0.8239940873035609	0.8126267762719781
1.0	35.800000000000004	3.5083415250631558	0.7187969025023453	0.8773459721872173	0.8428910164287384
1.0	35.9	3.513260596619406	0.784675899423866	0.9228593251971149	0.8832286641100292
1.0	36.0	3.518546528799133	0.8539333500359204	0.9514338541076741	0.9232215294142121
1.0	36.1	3.526007435519042	0.9031617847096344	0.9575919280071126	0.9501990519416663
1.0	36.2	3.536964858300341	0.9104228201341197	0.9402923505802353	0.9540470678155145
1.0	36.300000000000004	3.551799999164303	0.8690567093442755	0.902379538756016	0.9316922843450502
1.0	36.4	3.569777611408553	0.7933174468820561	0.8497120973143845	0.8887256604056338
1.0	36.5	3.5892220984662218	0.7093378617924365	0.7906151372564734	0.8372189150185456
1.0	36.6	3.6080062913284356	0.6404947915342798	0.7352278252693455	0.7910952376898639
1.0	36.7	3.624198588216456	0.5997816891147267	0.6938913061740362	0.7616117266970095
1.0	36.800000000000004	3.63665096912847	0.5911418236792454	0.6745468983227364	0.754767364924222
1.0	36.9	3.645325542790079	0.6134206455377017	0.6803410073037781	0.7707157033616159
1.0	37.0	3.6512471296110367	0.6616722873784042	0.7088903524572471	0.8042697921138308
1.0	37.1	3.6561084888192803	0.7254545170672129	0.7535960773047555	0.8460351071170147
1.0	37.2	3.661690233341135	0.7879191181381824	0.8060169242358781	0.8845754835205254
1.0	37.300000000000004	3.669320216859635	0.8304227063862328	0.8578654460214984	0.9098498804431765
1.0	37.4	3.6795525598287235	0.8420504667752857	0.9019452007993349	0.916856539542507
1.0	37.5	3.692131697250135	0.8258599569730269	0.9324574105562784	0.9074413682740113
1.0	37.6	3.7061995719403344	0.7952455863123289	0.9454850294844525	0.8889110903878064
1.0	37.7	3.720649208247223	0.7645780368442042	0.9398141169965842	0.8701099195867545
1.0	37.800000000000004	3.734512912579024	0.7428575215145273	0.9173776764365377	0.8572826658722225
1.0	37.9	3.747273323008178	0.732680242549031	0.8825903123819201	0.8519932139858201
1.0	38.0	3.759001322359695	0.7314852943442327	0.8408203818373379	0.851754520322827
1.0	38.1	3.7702691841916876	0.7333700151333564	0.7971512119568669	0.8522517942740704
1.0	38.2	3.7818590056972563	0.731449442054346	0.7563097662936933	0.8494807618378998
1.0	38.300000000000004	3.7943683091753297	0.7203496105443208	0.7233682802924762	0.8409889064021479
1.0	38.400000000000006	3.807875709274798	0.6985980251939862	0.7038996179710664	0.8265888922388146
1.0	38.5	3.8218273737229103	0.6706835181572987	0.7027281776136977	0.8090674264311463
1.0	38.6	3.835215907231127	0.6469959885739656	0.7218351479646717	0.7944376662226963
1.0	38.7	3.8469837602560792	0.6400109794995212	0.7589240368835317	0.7905531231678685
1.0	38.800000000000004	3.856477273116501	0.6588758963188267	0.8077186903954221	0.8037125983324269
1.0	38.900000000000006	3.8637650922430278	0.7058756932049867	0.8597231553853628	0.8347744894402495
1.0	39.0	3.8697043900984713	0.7743158645307235	0.9062102978504236	0.8773482242372432
1.0	39.1	3.8757348309621023	0.8470928140117367	0.9394627877386543	0.9195705887460651
1.0	39.2	3.8834624670302267	0.9001467443792377	0.9533854710182316	0.9486150921215538
1.0	39.300000000000004	3.89415438728627	0.9130189789085461	0.944320697267989	0.9554446796771404
1.0	39.400000000000006	3.908299584706441	0.8797317734420099	0.9124083520229942	0.9375919076593917
1.0	39.5	3.9253905741188615	0.8113360511814584	0.8626641635361609	0.8993448580067667
1.0	39.6	3.944025850838224	0.7293482761496668	0.8044833076871788	0.8501195369436918
1.0	39.7	3.962324010642525	0.6560122023300475	0.749207758589174	0.8020500137902733
1.0	39.800000000000004	3.978514160768208	0.6072848747376954	0.7068987264829513	0.7672128905043648
1.0	39.900000000000006	3.991489499271805	0.5909169490998185	0.6840495147027779	0.7544918036086036
1.0	40.0	4.001125326754806	0.6080008566183509	0.6830954908147422	0.7665881662484504
1.0	40.1	4.008258452008284	0.6537089954343901	0.7031289331533714	0.7985894363432459
1.0	40.2	4.014353079650996	0.7156636116186464	0.7406094202313522	0.8394976921867062
1.0	40.300000000000004	4.0209876433587235	0.7749774201808783	0.789560933766327	0.8765828694481574
1.0	40.400000000000006	4.029352523661711	0.8141655323517276	0.8418877749240272	0.9004283365788894
1.0	40.5	4.039932809708938	0.8262214874210952	0.8887133812435406	0.9079302789237114
1.0	40.6	4.052467048348304	0.8160150739211395	0.9226732355397332	0.9019637042269217
1.0	40.7	4.0661584016083605	0.7942415639552315	0.9398708859512072	0.8886602270912708
1.0	40.800000000000004	4.080028207025073	0.7709910051207038	0.9401226461709575	0.8743563603230895
1.0	40.900000000000006	4.093280227643602	0.7529943114765059	0.9254562976840677	0.863629006898249
1.0	41.0	4.105566837531087	0.7434247212562619	0.8983306725544816	0.8584823564127535
1.0	41.1	4.117079499372942	0.7419370175867309	0.8611556525975073	0.8581130386453935
1.0	41.2	4.128427877318275	0.7442320834639776	0.8172700444323465	0.8591099073361596
1.0	41.300000000000004	4.140343858889551	0.7424964377930364	0.7720267560587384	0.8565711523813119
1.0	41.400000000000006	4.153325647236088	0.7288473200369534	0.732524908817722	0.8464247892660414
1.0	41.5	4.167369984401931	0.701279282934595	0.7058252104217854	0.8281605927539589
1.0	41.6	4.181904817275106	0.6671245955669289	0.6968451298138998	0.8062573349329002
1.0	41.7	4.195955001495726	0.6398176377608449	0.707279636736774	0.7889612525489348
1.0	41.800000000000004	4.208487353111128	0.6319088094973871	0.7358168147268539	0.7847442145998588
1.0	41.900000000000006	4.218813878673413	0.6504527204771898	0.7787818262807579	0.7984056448110982
1.0	42.0	4.2269025361146335	0.6958458643550769	0.8303137096203393	0.8289448013967159
1.0	42.1	4.233471061161993	0.7613521181254884	0.88224147805661	0.869946180972685
1.0	42.2	4.23981981794951	0.8327994241718047	0.9247586161329455	0.9116447024043837
1.0	42.300000000000004	4.247457145725257	0.8904443186292748	0.9486339668667345	0.9434207355968764
1.0	42.400000000000006	4.257637833106038	0.9144351664521548	0.9482417846872913	0.9562015606591393
1.0	42.5	4.270956725064852	0.8932162611147542	0.9236108857301499	0.944895295857
1.0	42.6	4.287127760596061	0.8309654366408836	0.8801834954163509	0.9106129242335449
1.0	42.7	4.305034607314815	0.7476275999879025	0.8266401552647622	0.8615099772928339
1.0	42.800000000000004	4.323054548939409	0.6691644829851614	0.7723874383774009	0.8109588352755319
1.0	42.900000000000006	4.339555396021623	0.6153521125928381	0.7260185893251445	0.7730927465236646
1.0	43.0	4.35339679646112	0.5948640911869832	0.6947291381579694	0.7576191853776247
1.0	43.1	4.3642642886203085	0.6076439856730441	0.6837435149357596	0.7665398166943174
1.0	43.2	4.372722522921512	0.6474690596475194	0.695171983725219	0.7943063180770419
1.0	43.300000000000004	4.379972270576275	0.7024808453888317	0.7268761361898299	0.8308667810393033
1.0	43.400000000000006	4.387405446035318	0.7572337273041867	0.7725550105371516	0.8656401689764253
1.0	43.5	4.396131529954165	0.7975580557911148	0.8235704450114909	0.890588162062527
1.0	43.6	4.406655292406504	0.8154688624996087	0.8715978169396712	0.9017383183377052
1.0	43.7	4.418811375250241	0.8114402262322797	0.9104655319204107	0.8995067753122652
1.0	43.800000000000004	4.431947492355372	0.7932392260329724	0.9363235030309125	0.888202876728868
1.0	43.900000000000006	4.445254484821669	0.7718514225835942	0.9467917839092005	0.8745590343834079
1.0	44.0	4.458104022786862	0.7565661248343136	0.9404630733707616	0.8650831582862375
1.0	44.1	4.470273607782682	0.7517404205061243	0.9174228988684242	0.8629616532280822
1.0	44.2	4.481993443936123	0.7555684664727884	0.8801690624393788	0.8662841894930734
1.0	44.300000000000004	4.493813824917354	0.7602892273840414	0.8338076353328442	0.8690971957958047
1.0	44.400000000000006	4.506344604521645	0.7555289543610664	0.7850964282598768	0.864961627829562
1.0	44.5	4.519955483025669	0.735017650922316	0.740978516477046	0.8508001877561315
1.0	44.6	4.534548242807625	0.7013949665755534	0.7075821768177775	0.8286603201154445
1.0	44.7	4.549504827791932	0.6646042012627277	0.6899630350672733	0.8047045292054114
1.0	44.800000000000004	4.563857120400714	0.6364713752678935	0.6919102789888696	0.7866140632552259
1.0	44.900000000000006	4.576626731494337	0.6266254083195846	0.7150146860382627	0.7810704092889126
1.0	45.0	4.587200939929396	0.641141243717296	0.7571570488454181	0.7920815415853872
1.0	45.1	4.595596191548594	0.6820158752404796	0.8116568411859983	0.8199172456431425
1.0	45.2	4.602513742693557	0.7456482076544448	0.8682681512149221	0.8603423815230717
1.0	45.300000000000004	4.6091717427776615	0.820330887732178	0.9158969751001428	0.9045577248929664
1.0	45.400000000000006	4.616968010658246	0.8855123492051421	0.9455973217796794	0.9407733068505116
1.0	45.5	4.627074712046821	0.917419756407558	0.9523693408553793	0.957771109827029
1.0	45.6	4.640084711023806	0.9014481798829493	0.9354434532131988	0.9493087256990876
1.0	45.7	4.655815284031368	0.842317741663823	0.8978164747908022	0.9170371116822368
1.0	45.800000000000004	4.673333129178802	0.761578527979922	0.8457970958937142	0.8700778138017168
1.0	45.900000000000006	4.691205778866798	0.6845789123853103	0.7884692560067353	0.821449913239544
1.0	46.0	4.707917481851822	0.6291786986957546	0.736392943084995	0.7834616780598719
1.0	46.1	4.72232565658318	0.6032355002300367	0.6992763863434116	0.7643291082420085
1.0	46.2	4.734002939094133	0.607598230051815	0.6834083491687366	0.7668128828081452
1.0	46.300000000000004	4.74333692896751	0.6386896027173034	0.6902278948793534	0.7882817363849568
1.0	46.400000000000006	4.751348251493546	0.6883567888391895	0.7167977708216184	0.8215521724926674
1.0	46.5	4.7593018605233866	0.7430064668559344	0.7575916249036532	0.8566189418322429
1.0	46.6	4.768269206407317	0.78621677954091	0.8061868068916664	0.8835909185342318
1.0	46.7	4.7788087483067	0.8062164693719628	0.855970679316218	0.8962417097782055
1.0	46.800000000000004	4.79086872808709	0.8027818022021749	0.9002278552052675	0.894468532660424
1.0	46.900000000000006	4.80391674359659	0.7862503938674325	0.9326094756408175	0.8839620174513827
1.0	47.0	4.8172179593289535	0.7694775206583176	0.9483654823896317	0.8729042696980724
1.0	47.1	4.830149302455637	0.7607170713348902	0.9456215551720638	0.8675008920398287
1.0	47.2	4.8424423590117165	0.7615716674626961	0.9256551791635904	0.8690039576586522
1.0	47.300000000000004	4.854272898366704	0.767816411775088	0.891940146566795	0.8738165192633085
1.0	47.400000000000006	4.866160810031252	0.7715105215364484	0.8488454195857658	0.8761182927991957
1.0	47.5	4.878714494761924	0.7647066860329371	0.8011236129629742	0.871003652407575
1.0	47.6	4.892322311436375	0.7433289165781621	0.7543806916562386	0.8564492170081213
1.0	47.7	4.906921549655943	0.7091175794640644	0.7154939436178899	0.8338552196628672
1.0	47.800000000000004	4.921947336454795	0.6694385205068718	0.6917509256596908	0.8078251274154369
1.0	47.900000000000006	4.936493223862447	0.6354877617347322	0.6886454800989944	0.7855131851154731
1.0	48.0	4.949628915024873	0.6190617434806938	0.7076682823930017	0.7751004625467238
1.0	48.1	4.960753220670746	0.6290007931625794	0.7456199215779823	0.7830421194076302
1.0	48.2	4.969843724594478	0.6687365594086738	0.7957427502643648	0.8108681161438865
1.0	48.300000000000004	4.977509279709753	0.7341999868188519	0.8495904264878567	0.8533685818835076
1.0	48.400000000000006	4.98483381245812	0.811533923928328	0.8984067449679657	0.8996699108505866
1.0	48.5	4.9930732318630895	0.8784237571821422	0.9338588023732591	0.9369957996734546
1.0	48.6	5.003299164485479	0.912491284539957	0.9489519015034785	0.9551865148525335
1.0	48.7	5.016083912932025	0.9022390379821276	0.939723332804809	0.9497607515744234
1.0	48.800000000000004	5.031314874713246	0.8520670416257226	0.9071204614674756	0.9225563211907741
1.0	48.900000000000006	5.0482069470129165	0.7786888843844179	0.857611887501246	0.8805309533666862
1.0	49.0	5.065525440802797	0.7031171753380316	0.801568823128522	0.8338359826744555
1.0	49.1	5.081953500313156	0.643350085182874	0.7500077875901034	0.7936734012706896
1.0	49.2	5.096482415683573	0.6104850525580414	0.7115297820068008	0.7697585247716103
1.0	49.300000000000004	5.108697272368209	0.6084430398120629	0.6910243944327189	0.7674470665838593
1.0	49.400000000000006	5.118867256712501	0.6349503592219333	0.690147713481076	0.7855737060624625
1.0	49.5	5.1278136319997945	0.6811996047810384	0.7082493038710881	0.816559585162894
1.0	49.6	5.136603453850808	0.7320702710420571	0.742587489769847	0.8494179243083442
1.0	49.7	5.146180362552498	0.7713445948156178	0.7880077132812153	0.8743860428974918
1.0	49.800000000000004	5.157067527018443	0.7900878857140309	0.8372249312575861	0.8866520927739189
1.0	49.900000000000006	5.1692470975550275	0.7902635349982453	0.8823800039113484	0.8872396187456156
1.0	50.0	5.182247979578584	0.7806383695492242	0.9171624330833394	0.8810977200142008
1.0	50.1	5.195393955412353	0.7702943698990058	0.9380286373635603	0.8740788181335251
1.0	50.2	5.208109687993429	0.7650165210734735	0.9437715139002048	0.8705184450568234
1.0	50.300000000000004	5.220166950402014	0.7667091948847127	0.9342177094361932	0.8719990189813996
1.0	50.400000000000006	5.2317774408678215	0.773600878285033	0.9096000625285141	0.8770025358905721
1.0	50.5	5.2434951434561246	0.7801516999785316	0.8713662249825117	0.8812641505923626
1.0	50.6	5.255964592788389	0.7777659230713596	0.8235964233943973	0.8791247529658391
1.0	50.7	5.269614609377267	0.758400100189367	0.7733969194717915	0.8660458228429717
1.0	50.800000000000004	5.284423014746742	0.7206727601731474	0.7294430982458459	0.8415142883824885
1.0	50.900000000000006	5.299853508448909	0.6734526140686614	0.6994801870868479	0.8106722327707387
1.0	51.0	5.314998884994249	0.6322779312231581	0.688417967527954	0.7832073169681294
1.0	51.1	5.32888226108415	0.6115284258232558	0.6979012998513914	0.7695649290120927
1.0	51.2	5.340806315482092	0.6194775744070589	0.7267930550452883	0.7763899267066021
1.0	51.300000000000004	5.350623797821066	0.657678765259195	0.7714256641804569	0.8037304989867298
1.0	51.400000000000006	5.358830845750304	0.7208559168638102	0.8252917793033604	0.8452892024964314
1.0	51.5	5.366444681578796	0.796275860082697	0.8790624069162656	0.8909474715135218
1.0	51.6	5.374703013776971	0.865098774684215	0.9220502607741599	0.9297614247593459
1.0	51.7	5.384688970581133	0.9070629714996908	0.9451258211268917	0.95232621929459
1.0	51.800000000000004	5.397010748234525	0.9076947495073963	0.9436727309984773	0.9526583409543501
1.0	51.900000000000006	5.411636369241423	0.8654832230156689	0.918839505854138	0.9299541102552776
1.0	52.0	5.4279226462134735	0.7942333777328794	0.8765016277697324	0.8896486538796075
1.0	52.1	5.444816709806623	0.7169733873431496	0.8249501413356655	0.8425394410402771
1.0	52.2	5.46116516599789	0.6549522824732869	0.7728923417353127	0.8014812351187607
1.0	52.300000000000004	5.476041205667606	0.6202943534872642	0.7284640460942549	0.7768258778395463
1.0	52.400000000000006	5.4889945077580755	0.6157186591185119	0.698670438186853	0.7728711882185041
1.0	52.5	5.500148131608368	0.6370432040462608	0.6883926972950405	0.7871033612852254
1.0	52.6	5.510112438197534	0.6749660288519997	0.6990397142630065	0.8123030226095667
1.0	52.7	5.519746466259298	0.7173570142843425	0.7279072604701282	0.8399488285515002
1.0	52.800000000000004	5.529850658527577	0.75295324905814	0.7691073936754276	0.8630153532302821
1.0	52.900000000000006	5.54090246625546	0.7746370642762862	0.8156717418419186	0.8773192656509784
1.0	53.0	5.552934084731094	0.7809675984692943	0.8614207191715822	0.8818535801553742
1.0	53.1	5.565594906904733	0.7761009067606479	0.9014770559618792	0.8787732356999995
1.0	53.2	5.578361253206737	0.7678838017524748	0.9316132343770348	0.8728599529026821
1.0	53.300000000000004	5.5907961124696	0.7641631371929991	0.9476878817096884	0.86973962600479
1.0	53.400000000000006	5.60275169264241	0.7691416270602507	0.9462268428566536	0.872922122516087
1.0	53.5	5.614440796001607	0.7813294238628449	0.9259508827322095	0.8812502361249426
1.0	53.6	5.626354856543014	0.7929633322475611	0.8889973057100091	0.8888182075911998
1.0	53.7	5.639058724154128	0.7922729164113897	0.8407794725552671	0.8879727026389171
1.0	53.800000000000004	5.652933959152633	0.7703635802622077	0.7886273425493001	0.873739979517777
1.0	53.900000000000006	5.667964656494563	0.7284572293195252	0.7402724551015303	0.846924787705585
1.0	54.0	5.683655107337901	0.6781468240756153	0.7029714151435943	0.8141162876057603
1.0	54.1	5.69913154513628	0.6346714803247816	0.683030765934761	0.7849767464194639
1.0	54.2	5.713413289426851	0.6103221255769246	0.6849346721356504	0.7686814690429686
1.0	54.300000000000004	5.725763211275633	0.612381722919118	0.7098370813393302	0.7712151318110649
1.0	54.400000000000006	5.735980540768384	0.6437152062959907	0.7542459656259821	0.7939867428565257
1.0	54.5	5.744512981860085	0.702373872725297	0.8101112398443221	0.8333352633362681
1.0	54.6	5.752340221051897	0.779074570254505	0.8667295985901246	0.8807373168397695
1.0	54.7	5.760676361750531	0.8551433811241342	0.9135908710228179	0.9242619084109204
1.0	54.800000000000004	5.770602593429178	0.9060443333382859	0.9427087431489692	0.9517836182384438
1.0	54.900000000000006	5.782752863110437	0.9126252891740978	0.9496283135550604	0.9552610999777853
1.0	55.0	5.797146843590857	0.8730150557383063	0.9334854372453143	0.9340448653880439
1.0	55.1	5.813212203460356	0.8038430670938106	0.8969711633555556	0.8951811126117131
1.0	55.2	5.829975984181137	0.7293526343002265	0.8463898142063745	0.8503801721315889
1.0	55.300000000000004	5.846355469976135	0.6690843176695314	0.791082505420428	0.8114225662792407
1.0	55.400000000000006	5.861460677223151	0.6330407414255107	0.741533639583657	0.7865105959491474
1.0	55.5	5.874827473091619	0.6233142030692123	0.7065844162830287	0.7789194445907222
1.0	55.6	5.886517271396006	0.6370440066354142	0.6911823966739644	0.787487377706657
1.0	55.7	5.897049146408657	0.6679245190520894	0.695886475388102	0.8077026308345155
1.0	55.800000000000004	5.907183586762882	0.7064937792820508	0.718061456951677	0.8328232630495666
1.0	55.900000000000006	5.917639695027547	0.7412841269926385	0.7535369782815655	0.8554398256765149
1.0	56.0	5.928859151098219	0.7627581676892093	0.7975037689765974	0.8698139291878721
1.0	56.1	5.940903739005257	0.7684613024317346	0.8444766055306147	0.8742200849940663
1.0	56.2	5.953507569913558	0.7643771015882547	0.8881892922984165	0.8717096703926356
1.0	56.300000000000004	5.966244188728689	0.7602870306989206	0.9222930063818914	0.8683248437693413
1.0	56.400000000000006	5.978737197509308	0.763419076072319	0.9417521670356845	0.8695126843666273
1.0	56.5	5.990837278965384	0.7752264193140826	0.9439543825947064	0.8768856527380363
1.0	56.6	6.002701781895677	0.7912921490227263	0.9287675493961952	0.8873160062363401
1.0	56.7	6.014745354957434	0.8029370990470022	0.8978661131731874	0.8947261258491571
1.0	56.800000000000004	6.027475195016798	0.8007546881271524	0.8543593550718278	0.8931861555559873
1.0	56.900000000000006	6.0412663085567955	0.7791739231068583	0.8032235928244033	0.8794651082598071
1.0	57.0	6.056157775197057	0.7393843697086102	0.7518199164411437	0.8541574460162346
1.0	57.1	6.07175401475865	0.6893599225044049	0.7092479879799567	0.8217000228179977
1.0	57.2	6.087288909487969	0.6416215107221871	0.6841207764307874	0.7897672435665933
1.0	57.300000000000004	6.101852387470096	0.6095808368594557	0.6817843828839943	0.7678438834168799
1.0	57.400000000000006	6.114707037570492	0.6038060048857388	0.7026485548512029	0.7645157011043907
1.0	57.5	6.125573849559909	0.6298642455166887	0.7424995441645105	0.7839324763185266
1.0	57.6	6.134770678061218	0.686912156949715	0.7941823571371905	0.8231658958386904
1.0	57.7	6.14314344210713	0.7649510274003587	0.849269308069747	0.8723216108538758
1.0	57.800000000000004	6.151811935667368	0.8435049407686616	0.8989577014083525	0.9178176384262318
1.0	57.900000000000006	6.161822920959399	0.8975900910930544	0.9347023411510944	0.9472973629317984
1.0	58.0	6.173833227930176	0.9097241675446706	0.9495476573016636	0.953737513078775
1.0	58.1	6.1879266175934236	0.8785124889915543	0.9402155365282373	0.9370389215960382
1.0	58.2	6.203615588536492	0.8173897206691141	0.9087145046808255	0.9030361733588685
1.0	58.300000000000004	6.220016640105788	0.7464713289846078	0.8620519273065623	0.8611131578832144
1.0	58.400000000000006	6.236133842307423	0.6842944003754746	0.8098986152816983	0.821646836190238
1.0	58.5	6.25115573570126	0.6432512974675243	0.7615845063211989	0.793684321054469
1.0	58.6	6.2646727281554915	0.6286480349363472	0.7241357012479768	0.7827493000777894
1.0	58.7	6.2767531309980775	0.6393558001297613	0.7019551262023114	0.7891322447212974
1.0	58.800000000000004	6.287863324995255	0.6682151884493351	0.6973395698191306	0.8077367153881162
1.0	58.900000000000006	6.298666640989791	0.7031178391941093	0.7106454368095367	0.83024906180623
1.0	59.0	6.309773755784419	0.73146061872547	0.7398094251422308	0.8488930444501344
1.0	59.1	6.3215346466722835	0.7466328494635168	0.7800659151888416	0.8596862849131105
1.0	59.2	6.333948964736035	0.7506923351663863	0.8248088777654601	0.8633533410854448
1.0	59.300000000000004	6.346724645541114	0.7508536423024001	0.8674399396112925	0.8637336794347916
1.0	59.400000000000006	6.359450559841876	0.7539468224840475	0.9029101157024094	0.8651205349907622
1.0	59.5	6.371803349767668	0.7633100003892812	0.9278297463307905	0.870191816654018
1.0	59.6	6.383704232110744	0.7784978355325758	0.9394470880786117	0.8791944611583065
1.0	59.7	6.395370630733602	0.7959906235778965	0.9350040355325479	0.890003276733477
1.0	59.800000000000004	6.407248352345488	0.8096783123934241	0.912633212722071	0.8985248431865687
1.0	59.900000000000006	6.419848728964395	0.8114634869406913	0.8733444009193305	0.8995176982941795
1.0	60.0	6.433544655620548	0.7936326146826331	0.822375845198393	0.8883088239130617
1.0	60.1	6.448393517371631	0.7538037441220724	0.7685230014531237	0.8633495660628638
1.0	60.2	6.464050770376979	0.6992961388466823	0.7216630142743433	0.8283843227893113
1.0	60.300000000000004	6.479816463359955	0.6455619999448453	0.6900367331985229	0.792457379040579
1.0	60.400000000000006	6.49481951257916	0.6087892148253454	0.6787442445562641	0.7669962904521056
1.0	60.5	6.508295033751826	0.5996221540483012	0.6896054889626546	0.76121715048654
1.0	60.6	6.51986289801852	0.6220543137509157	0.7214060768620988	0.7783711175708801
1.0	60.7	6.529697251644857	0.6740600541728177	0.7697106254966519	0.8147242995348092
1.0	60.800000000000004	6.538508361519739	0.7466984433887006	0.8266097800943372	0.8612523108537127
1.0	60.900000000000006	6.5473322741979585	0.8235658091731034	0.8815606253654109	0.9065847056446374
1.0	61.0	6.55720351988745	0.8836434393165875	0.9238535221439729	0.9398211813900614
1.0	61.1	6.568832632027761	0.9080701455473031	0.9457374549496941	0.9528677070314204
1.0	61.2	6.582404434653439	0.8886041112547993	0.9444295808806887	0.9424910489517805
1.0	61.300000000000004	6.597559191622054	0.8328445974047122	0.9219963407564681	0.9117622964932275
1.0	61.400000000000006	6.613543906522114	0.7611152132388557	0.8836844879124878	0.8697921715716286
1.0	61.5	6.629464333149817	0.6960269604847358	0.8361829843702264	0.8289351280801395
1.0	61.6	6.644551369703112	0.6529232728917517	0.7867652528191804	0.8001788246807651
1.0	61.7	6.658367806147578	0.6371513557762388	0.742983357727169	0.7889993856272889
1.0	61.800000000000004	6.670901537080757	0.6457135032649594	0.7119218540307162	0.7940039770610351
1.0	61.900000000000006	6.682517013738265	0.6695412991862613	0.698636683587834	0.8089305604696974
1.0	62.0	6.693778480847078	0.6970726824867063	0.704612444068542	0.8264093110798689
1.0	62.1	6.705211136137284	0.7192130571493274	0.7275119808561589	0.8410748392931524
1.0	62.2	6.717099588567822	0.7323964796035902	0.7625640268172723	0.8506644294403776
1.0	62.300000000000004	6.7294085419068175	0.7380793248747439	0.8045076405776964	0.8555016125112007
1.0	62.400000000000006	6.741852478104482	0.7406053664353209	0.8485818951866237	0.8576093780617601
1.0	62.5	6.754072644178066	0.7452955477334446	0.8901162299833179	0.8600669898374624
1.0	62.6	6.765835175169507	0.7566213265283656	0.9237452321244093	0.8661293267270178
1.0	62.7	6.777161470007159	0.776149014265682	0.9436284500369372	0.8775295569811294
1.0	62.800000000000004	6.78834047238543	0.8007870407343938	0.945002792187597	0.8925455678526102
1.0	62.900000000000006	6.799830226473038	0.8220032213388818	0.9260707987313248	0.9054896560224461
1.0	63.0	6.812097323165693	0.8276237384865295	0.8889125176059415	0.908790735650055
1.0	63.1	6.825448357829449	0.8080173965444255	0.8389728977909604	0.8969031367250032
1.0	63.2	6.839894211380089	0.7635049815609428	0.7837744449947017	0.8696550545277855
1.0	63.300000000000004	6.855082818186417	0.7056635386574215	0.731775051552788	0.8329139661446773
1.0	63.400000000000006	6.870337285630084	0.6508654614602258	0.6915738146229916	0.7963554008313533
1.0	63.5	6.884817290249031	0.6127399832467034	0.6708582248060193	0.7699471554704178
1.0	63.6	6.897772860719006	0.5994126571451217	0.6746083116077694	0.7610538307591311
1.0	63.7	6.908806373132809	0.6146359729134676	0.703110135320166	0.7729377322445192
1.0	63.800000000000004	6.918037785858785	0.65869898274973	0.751134815177032	0.8042197386256109
1.0	63.900000000000006	6.9260976183916885	0.7267188907788912	0.8091818080548149	0.8487378346082634
1.0	64.0	6.933941144681163	0.8053896618855757	0.8662649207126264	0.8961021187048499
1.0	64.10000000000001	6.942552139078778	0.8726815437106217	0.9126899962015359	0.9338558985679155
1.0	64.2	6.952646661744284	0.9053492275503761	0.9415904311084977	0.9514243854672731
1.0	64.3	6.964477512200517	0.89206635620701	0.9492274015469713	0.9443300386646314
1.0	64.4	6.9777915339816525	0.8409061725240665	0.9349420712469113	0.916175333551341
1.0	64.5	6.991936121927838	0.7732930374657927	0.9013781427213725	0.8769408327696078
1.0	64.60000000000001	7.0060712252322	0.7109392510446786	0.8546224772738856	0.8385555695016654
1.0	64.7	7.019422364327389	0.667478877247422	0.8033886356488629	0.8103726905920433
1.0	64.8	7.03150208035148	0.6476679037658957	0.756952225977396	0.7967645536790637
1.0	64.9	7.042231220471994	0.6497100550134204	0.7227117431781154	0.7972147562346901
1.0	65.0	7.051916276113501	0.667391363588454	0.7047685423011948	0.8078130047914175
1.0	65.10000000000001	7.061087867307672	0.691797540011153	0.7041463272808632	0.8229778779010303
1.0	65.2	7.070263363343466	0.713493795046634	0.719913743657173	0.8370585624233755
1.0	65.3	7.079735570841757	0.725803676667824	0.7499145912300809	0.8460109017929601
1.0	65.4	7.089482241986153	0.7282153773927286	0.7905852281066622	0.8489849336507149
1.0	65.5	7.099231666637157	0.7269671803470908	0.8365441564698118	0.8489103132545008
1.0	65.60000000000001	7.108639104732689	0.7311324059211689	0.8809732028682687	0.8511161424898879
1.0	65.7	7.117480084117171	0.7469676376563803	0.9169909800228453	0.8601758170198662
1.0	65.8	7.125775176888944	0.7745104841797381	0.9391879349965722	0.8767151296627281
1.0	65.9	7.133805845983184	0.8069971669636842	0.9443450751142066	0.8963452766153992
1.0	66.0	7.142027113066596	0.8325032214185281	0.9312311555804539	0.9115233547402957
1.0	66.10000000000001	7.15091323262751	0.8385865462270934	0.9003267688131299	0.9150849020836629
1.0	66.2	7.160786484572682	0.8185174023507014	0.8542922305457037	0.9032627680667021
1.0	66.3	7.171679948755375	0.7747262312190232	0.7989155127155518	0.8768655675343136
1.0	66.4	7.183277000781197	0.7174015449246783	0.7432608286650542	0.8408262361920362
1.0	66.5	7.19495602195853	0.660336708793655	0.6979827407136329	0.8030212712459055
1.0	66.60000000000001	7.205944698366694	0.6168442460527095	0.6722255245903656	0.7727844204740724
1.0	66.7	7.215551238826363	0.5970713051072987	0.6708218413866366	0.7588708120406514
1.0	66.8	7.223399822883959	0.6069516337738569	0.6933374170622734	0.7667776408825971
1.0	66.9	7.22957972582738	0.6477109137650064	0.7350452928325707	0.7962423337725602
1.0	67.0	7.2346431971251715	0.7139352874303809	0.7886140998022441	0.8404052989883626
1.0	67.10000000000001	7.239448199910363	0.7910747651715208	0.8453494052681082	0.8876254469953132
1.0	67.2	7.244903620107121	0.8573950329302055	0.8959545091321189	0.9254227208717327
1.0	67.3	7.251705841063304	0.8926684518843088	0.9316383221839791	0.9446691210910089
1.0	67.4	7.260150882981118	0.8878764928375058	0.946041335190691	0.9420932293396593
1.0	67.5	7.270075416790402	0.8483604496800028	0.9372608498977911	0.9203971248934704
1.0	67.60000000000001	7.280936022602451	0.7894222735023088	0.9085464949734489	0.886662699353556
1.0	67.7	7.291994038880537	0.7289867345780606	0.8669111404177983	0.8501288787564015
1.0	67.8	7.302546488437244	0.6816890736697413	0.8204647582213259	0.819878882321659
1.0	67.9	7.3121346367984605	0.6559585487978848	0.7762324750683601	0.8024906156840191
1.0	68.0	7.320666393578503	0.653410296992664	0.7395837388280478	0.8000028959525893
1.0	68.10000000000001	7.328408375940932	0.6689937336752964	0.7147996834536368	0.8092050110731612
1.0	68.2	7.335844552386586	0.6920040090979689	0.705362827981656	0.8231758813784652
1.0	68.3	7.343454455441847	0.7102552724996413	0.7131772657020595	0.8347555649062761
1.0	68.4	7.351506116219259	0.7170132281396007	0.7373646633986488	0.8401280342114552
1.0	68.5	7.359956241211291	0.7149453129571318	0.7739628936029572	0.8403640791748272
1.0	68.60000000000001	7.368499801640378	0.7130277465839262	0.8170763563026632	0.8401001284998894
1.0	68.7	7.376741057183768	0.7199203717456016	0.8606398019936679	0.8444544919939498
1.0	68.8	7.3844038801538066	0.7395569614478512	0.8994183511674183	0.8562023778824652
1.0	68.9	7.391484980146362	0.7702625275268942	0.928742264274744	0.8745554746938642
1.0	69.0	7.398284645466163	0.80556157188838	0.943886000742595	0.8955185366880207
1.0	69.10000000000001	7.405308585697317	0.8354562053892274	0.9404858217959203	0.9130522376214729
1.0	69.2	7.413088122670152	0.84842807450496	0.9163668077196369	0.9205588686195415
1.0	69.3	7.421987908214072	0.835070966666318	0.87357307894956	0.9127683775029711
1.0	69.4	7.432061040230068	0.7932370148472055	0.818862895502822	0.8880051138860241
1.0	69.5	7.442991039808254	0.7316129920481239	0.7620404491994077	0.8500131263966317
1.0	69.60000000000001	7.4541418148922	0.6673401691264385	0.7131754473312094	0.8079390157167617
1.0	69.7	7.464714378870764	0.6181073882901261	0.6803776287173914	0.7736802685577673
1.0	69.8	7.47397506419728	0.5953994352047123	0.6688754689993095	0.7574857187305039
1.0	69.9	7.481485423492822	0.6034448465774048	0.6808173988666519	0.7640935389862102
1.0	70.0	7.487251652226149	0.640897931890673	0.7148904461675846	0.7914397052237878
1.0	70.10000000000001	7.491733619890948	0.7011998823022922	0.7657422244186078	0.8321634407330525
1.0	70.2	7.495704259980505	0.7722082411867666	0.8241771243065581	0.8764077517448232
1.0	70.3	7.500008992977609	0.837374142487491	0.8789874547957661	0.9142724053214504
1.0	70.4	7.505314306426965	0.879353760806111	0.9200466020406809	0.9375106722337814
1.0	70.5	7.511932992073678	0.885905999911585	0.9410921548144495	0.9410645981810324
1.0	70.60000000000001	7.519773364273388	0.8560412237500936	0.9406817498541643	0.924684704187344
1.0	70.7	7.52840823390948	0.8017371470174183	0.9211672076987311	0.8937503373600153
1.0	70.8	7.537225466540903	0.7422104887630004	0.8869528303528533	0.8580035240401387
1.0	70.9	7.5456130831931665	0.6946263057035604	0.8434410768156904	0.8279861353322415
1.0	71.0	7.553133630704248	0.6682695379883391	0.7968970183907393	0.8107504057967038
1.0	71.10000000000001	7.559642156143243	0.6638029146429391	0.7543043871731443	0.807310667729954
1.0	71.2	7.5653058615388895	0.6747575675267247	0.7223605923811159	0.813349996399189
1.0	71.3	7.570507407550748	0.690735269188766	0.7058730930010779	0.8224909912055784
1.0	71.4	7.575660226339897	0.702674571095782	0.7066710946001148	0.8297909657760377
1.0	71.5	7.581012723838028	0.7070544301955337	0.7237990899368004	0.833427027485016
1.0	71.60000000000001	7.586536242034579	0.7061129821093836	0.7546013177377805	0.8343550132615679
1.0	71.7	7.591956751262002	0.7054152049682717	0.7955567503997278	0.835176576805345
1.0	71.8	7.596915156922964	0.7113314882530968	0.8421556775538441	0.8392279596460628
1.0	71.9	7.601172958276872	0.7289115888387322	0.8882936484452585	0.8496837017594432
1.0	72.0	7.604762195996007	0.759735293074073	0.9263882755126319	0.8679950492954126
1.0	72.10000000000001	7.608014891659944	0.7999539424166626	0.9488999479649631	0.8919519718355295
1.0	72.2	7.6114670867736764	0.8390615549321666	0.9506210778187258	0.9149089912581307
1.0	72.3	7.6156819792909305	0.8612095748465094	0.9303135759955858	0.9276114257196907
1.0	72.4	7.62105725618387	0.8519565756522699	0.8908243028059818	0.9223326840487699
1.0	72.5	7.627675480008422	0.80826828225421	0.8380760194584573	0.8970895433538753
1.0	72.60000000000001	7.635238593782383	0.7424632781181312	0.7799601167771446	0.8572775061647123
1.0	72.7	7.643110237566308	0.6750279230896651	0.7255854354127876	0.8136645609259887
1.0	72.8	7.650469335003724	0.6235573046110934	0.6843813784528355	0.7780852575028281
1.0	72.9	7.656545338020383	0.5975982887270366	0.6643987123945806	0.7594394644325845
1.0	73.0	7.660864115170843	0.6002233432387347	0.670017935475531	0.7617719579446489
1.0	73.10000000000001	7.66341033680278	0.6309205618580216	0.7002442646034213	0.7842727675061989
1.0	73.2	7.664635451799576	0.6858809567259819	0.7487842621357987	0.8219393593641231
1.0	73.3	7.6653064644377045	0.755724245899721	0.8060183134806507	0.8662578014395184
1.0	73.4	7.666260433419001	0.8239026471855	0.8617286783549198	0.9065150264230225
1.0	73.5	7.668161362616035	0.8702597552199739	0.9071553572429658	0.9325146958420398
1.0	73.60000000000001	7.6713396602435235	0.8805102750960645	0.9358598151678904	0.9381493681520188
1.0	73.7	7.675748855492817	0.8547519657530507	0.9440046621802782	0.9238845768925176
1.0	73.8	7.681028192112701	0.8066275364390341	0.9308262811071434	0.8963712487574772
1.0	73.9	7.686634101384321	0.7541831389882337	0.8992066431682402	0.8652193312640624
1.0	74.0	7.692001781704235	0.711277357598446	0.8554606690540763	0.8388864002115203
1.0	74.10000000000001	7.69670389874518	0.6846399737637104	0.8077776386433603	0.8220067535385882
1.0	74.2	7.700569502595643	0.6747962463142633	0.7639287751123025	0.8151176003505333
1.0	74.3	7.703719420741869	0.6779861112376097	0.7296111799689055	0.8159846401128101
1.0	74.4	7.706490595045738	0.6880177789679324	0.7082816425337439	0.8211132884329178
1.0	74.5	7.709270335964749	0.6979878114341127	0.7020137815581687	0.8267995916866097
1.0	74.60000000000001	7.712313827088563	0.7024306900351805	0.7120766954816167	0.8300887966697835
1.0	74.7	7.715633553310878	0.7001607136696609	0.7383922660454203	0.8300426073670688
1.0	74.8	7.719014417849692	0.6960197341374739	0.7783356698102417	0.8287794522105059
1.0	74.9	7.722145289036988	0.698879016901558	0.8262066399737772	0.8310631281283609
1.0	75.0	7.724801691291674	0.7164951439742422	0.8742199249432796	0.8418497885767082
1.0	75.10000000000001	7.726992869630787	0.7510038689849393	0.9144998404024481	0.8628583215751646
1.0	75.2	7.729008215969254	0.7969072245068199	0.9407343023155562	0.8904034191133379
1.0	75.3	7.731347778084218	0.8411624143815575	0.9487105518225909	0.9161778199537645
1.0	75.4	7.7345683501967395	0.866799835704281	0.9362387129547569	0.9306914112379698
1.0	75.5	7.739098496021066	0.86078307229064	0.9035041450625781	0.9273219102383046
1.0	75.60000000000001	7.745076005867731	0.821331950420044	0.8540766971585323	0.9048324089530496
1.0	75.7	7.752256171865592	0.758849729783821	0.795564607695289	0.8675949979225586
1.0	75.8	7.760031632015891	0.6905086493415581	0.7386428277689626	0.8241619759576261
1.0	75.9	7.76757889154446	0.6332412887609701	0.6943050199405711	0.7851146474592858
1.0	76.0	7.774097849795079	0.5992086400734732	0.6706663389291813	0.7605764528540719
1.0	76.10000000000001	7.779062881424269	0.5948020825007985	0.6710724376250338	0.7574872488808919
1.0	76.2	7.782390125146931	0.6214264063163084	0.6942302152741815	0.7771903465363159
1.0	76.3	7.784455527572405	0.675058755595592	0.735550320139407	0.8144698214085553
1.0	76.4	7.785957014073775	0.7442138747358112	0.7883243673472484	0.8589674978906667
1.0	76.5	7.787676341745403	0.8105492114800199	0.8442226371671134	0.898733526959246
1.0	76.60000000000001	7.790233981776074	0.8554033866140694	0.8938692876671852	0.9243370840707403
1.0	76.7	7.79392439852533	0.8683765745117735	0.9284588092708624	0.9315755784428617
1.0	76.80000000000001	7.798674527279056	0.8508585265041305	0.9422133078646858	0.9217586539334629
1.0	76.9	7.80411473622365	0.8128720306448561	0.9342074329822325	0.9000719988376178
1.0	77.0	7.809719076772522	0.7674324564437847	0.9081744461871855	0.8733794185937525
1.0	77.10000000000001	7.814966847267806	0.7262659979939419	0.8704023558966985	0.8484158332521803
1.0	77.2	7.8194854738696655	0.6975182451117319	0.8273008329024962	0.8303825338919324
1.0	77.30000000000001	7.823141084130205	0.6845814286750195	0.784257849792101	0.8216830743825622
1.0	77.4	7.826050071077019	0.6854821465829625	0.746022912258642	0.8211607210083504
1.0	77.5	7.8285027621574175	0.6933212076634767	0.7174149847607627	0.8246912724194931
1.0	77.60000000000001	7.830821019560737	0.6991835175402656	0.7030226175531821	0.8273968351566587
1.0	77.7	7.833204040965193	0.6974347391240536	0.7057958390102161	0.8264496652426951
1.0	77.80000000000001	7.835631713476902	0.6896873555388404	0.7257194017766939	0.8227367122925409
1.0	77.9	7.837875799328309	0.6836492448028247	0.7597587757858545	0.8203208263040469
1.0	78.0	7.839618876616239	0.6880885353788712	0.8030131313184814	0.824110775811946
1.0	78.10000000000001	7.840627125927178	0.7082976007083863	0.8498851634022002	0.8372117182695904
1.0	78.2	7.840898014019368	0.7441708156711673	0.8943233576712827	0.8593354583856904
1.0	78.30000000000001	7.840718059767793	0.7900577728195348	0.9295181369695382	0.8866948829948493
1.0	78.4	7.840606340201511	0.8354214210083667	0.9483390496218166	0.9129229382427793
1.0	78.5	7.841164657571036	0.866503041950353	0.9452246221449438	0.9304630712985015
1.0	78.60000000000001	7.842886756353941	0.8699389631073071	0.9187040430354984	0.9323925080381552
1.0	78.7	7.845987996897738	0.8387325661176325	0.8727857091167437	0.914829673413509
1.0	78.80000000000001	7.850307126923469	0.7780252322697861	0.816067013406221	0.8793541920522261
1.0	78.9	7.855312910162841	0.7050496633546267	0.7590643172053286	0.8339138695247544
1.0	79.0	7.860225505888827	0.6410483319214423	0.7114382942773367	0.7908776668097401
1.0	79.10000000000001	7.864232321507293	0.6016450323104091	0.6804739624863692	0.7625940553858268
1.0	79.2	7.86673921860587	0.5935072602733275	0.6707772690491208	0.7566891737779256
1.0	79.30000000000001	7.867566808539571	0.6163773729127844	0.6841259209386232	0.7736298690272654
1.0	79.4	7.867007919776996	0.6647508218946309	0.7187912575287048	0.8074824777371754
1.0	79.5	7.8657171253108205	0.7279930866090474	0.7689170979324994	0.8487690289912473
1.0	79.60000000000001	7.86447832034524	0.7914431188137719	0.825176904041942	0.8875332882554955
1.0	79.7	7.8639473703621245	0.8396122898750796	0.8771072540304616	0.9154986834974768
1.0	79.80000000000001	7.864468849306308	0.8607464977298127	0.916044120507324	0.9274193011778431
1.0	79.9	7.866023752969421	0.8513512371190237	0.9369986139760932	0.9221151734214494
1.0	80.0	7.868303529422205	0.8181224672456439	0.9386918345535651	0.9030313972283128
1.0	80.10000000000001	7.870857495773752	0.774869197390508	0.9224259709864551	0.8774448118581273
1.0	80.2	7.873249043930433	0.7358127511940453	0.8911148955151945	0.8537956517251029
1.0	80.30000000000001	7.875176428715625	0.7099975541441068	0.8491342677046912	0.8380663692412599
1.0	80.4	7.876539060880863	0.6992779325149666	0.8024718382849231	0.8313395241688909
1.0	80.5	7.877440227085119	0.6989215314660097	0.7582045839893037	0.8302205692297191
1.0	80.60000000000001	7.878120930723031	0.700676470797708	0.7230491910405998	0.8297926174119412
1.0	80.7	7.8788374163447745	0.6980208086765741	0.7018223296217735	0.826910032751218
1.0	80.80000000000001	7.87972664029718	0.6899576163425657	0.6968758666894045	0.8216416501303416
1.0	80.9	7.8807240385050905	0.6804116107413364	0.708629180928993	0.8164585557274845
1.0	81.0	7.881582761748547	0.6751744478097297	0.7362225810325187	0.814536091800419
1.0	81.10000000000001	7.881995015649802	0.6797051136824519	0.7773043123135586	0.8186691907742726
1.0	81.2	7.881761326938192	0.6982012902398158	0.8270937265268996	0.8309481690571584
1.0	81.30000000000001	7.880926006539176	0.7324433401971454	0.877928718616176	0.8521973199140549
1.0	81.4	7.879814484910594	0.7797787009070642	0.9203675499764866	0.8805939850476983
1.0	81.5	7.878958831767266	0.8310563374191601	0.9456833484666134	0.9104038941358148
1.0	81.60000000000001	7.878947269571619	0.8704628921133406	0.9484358375447467	0.9325995114513875
1.0	81.7	7.880252772979257	0.8803973335393196	0.9277700391908361	0.9380890643497136
1.0	81.80000000000001	7.883085745862564	0.8515916133131491	0.8871281177258717	0.9221248501167807
1.0	81.9	7.887301485419444	0.7908153528564889	0.8331355748546375	0.8871626234766979
1.0	82.0	7.892390604510112	0.7176389393500552	0.7745375088068841	0.8422755207682322
1.0	82.10000000000001	7.897575857068443	0.6530656753005416	0.7212549727156945	0.7995394727872618
1.0	82.2	7.902010664923017	0.6108524354537641	0.682956892823446	0.7696734020465277
1.0	82.30000000000001	7.905028054139083	0.5965951135633055	0.6668973021090108	0.75918195240586
1.0	82.4	7.906352262616203	0.6108303755745703	0.6758135641225086	0.7696070393634287
1.0	82.5	7.9061850066399995	0.6509477627465863	0.7071759110823261	0.79794950761757
1.0	82.60000000000001	7.90512255067688	0.7101393380379857	0.7543224226239177	0.8372881572901316
1.0	82.7	7.903933856046683	0.7753106083990303	0.8086918555084157	0.8777906418651442
1.0	82.80000000000001	7.903295308148328	0.828340912038645	0.8617797528028719	0.9090035727741301
1.0	82.9	7.903591778693182	0.8535019609205723	0.9060883650706464	0.9233980203262376
1.0	83.0	7.904848874404669	0.8466134816309289	0.9354620824246699	0.9194578066122627
1.0	83.10000000000001	7.906792472341067	0.8168760332838308	0.9456509317603584	0.9021067523937821
1.0	83.2	7.908984812562091	0.7794611394043246	0.9353369720559018	0.8798580302242615
1.0	83.30000000000001	7.910979603130239	0.7467827578977013	0.9068986828584736	0.8604313201449593
1.0	83.4	7.912454520320692	0.7248122596420594	0.865964098292012	0.847586665736817
1.0	83.5	7.9132929346976635	0.7135075970938899	0.8196732539918203	0.8407753897715147
1.0	83.60000000000001	7.913592855961656	0.7088575025096291	0.7747154552400294	0.8370679990381937
1.0	83.7	7.913594742083828	0.7056513342290316	0.7364055569994288	0.8335075318592952
1.0	83.80000000000001	7.913549270724133	0.699899572226917	0.7090166151830181	0.8284135743726933
1.0	83.9	7.913578928522719	0.6900456943048207	0.6963400136505679	0.8215615584648961
1.0	84.0	7.913600318583329	0.6775664094417643	0.7013091151605547	0.8141171501496338
1.0	84.10000000000001	7.913351949474442	0.6674204716794947	0.7246358077000041	0.8088309396580085
1.0	84.2	7.912520582756344	0.6671852345271545	0.7635868400124883	0.80988644902167
1.0	84.30000000000001	7.910907223358962	0.6840056368440051	0.8120590813292328	0.8214354370068806
1.0	84.4	7.908554148152912	0.7207803472994663	0.862021178594958	0.8449554954938069
1.0	84.5	7.905777028206506	0.7733745502759639	0.9053226861354167	0.8770863235845429
1.0	84.60000000000001	7.903093094290432	0.8295774050133036	0.9348755255199948	0.9098069337736874
1.0	84.7	7.901078571236129	0.871575753792629	0.945180490241952	0.933262801852318
1.0	84.80000000000001	7.900206088041863	0.8832367844351393	0.9329851603123335	0.9396483780486232
1.0	84.9	7.900705495318251	0.8583672167485472	0.8985571208103751	0.9260087404227629
1.0	85.0	7.902476817416723	0.8036361832819899	0.8468980966152377	0.8948939984589284
1.0	85.10000000000001	7.905077788495942	0.734612136771491	0.7875174782677765	0.8532596040496854
1.0	85.2	7.907805669979595	0.6688718696935724	0.7321022275775961	0.8106074377012705
1.0	85.30000000000001	7.909874075011867	0.6206161918878162	0.691048742184505	0.7769588063308299
1.0	85.4	7.910644017060721	0.5985184776280896	0.6707873035585663	0.7606486344640073
1.0	85.5	7.909828484806218	0.6060107532096186	0.6731516201322053	0.7659586795836135
1.0	85.60000000000001	7.907586080043442	0.6416823758780533	0.6963901935321621	0.7913009718336212
1.0	85.7	7.904461717482945	0.6980251026170314	0.7363836020389275	0.8291830631990328
1.0	85.80000000000001	7.901197170011565	0.7605378746410022	0.787109345827959	0.8686344154175775
1.0	85.9	7.898486705422474	0.8115416416832445	0.8407256249939327	0.8992574888501573
1.0	86.0	7.896771119532523	0.838200816049924	0.8883719266739892	0.9148445719810188
1.0	86.10000000000001	7.896141855499416	0.8380747580303466	0.9221364328183912	0.9147653220521624
1.0	86.2	7.896375957222187	0.8178558110546758	0.9372883690823504	0.9028857368518448
1.0	86.30000000000001	7.897068099754968	0.7880582852077681	0.9332575093420761	0.8852075290488942
1.0	86.4	7.897796679912839	0.7584344007307634	0.912712477328645	0.867600345744311
1.0	86.5	7.898265940719689	0.735728886105292	0.8796733156668793	0.8542148744436113
1.0	86.60000000000001	7.898387513593654	0.7227824335367649	0.8383075598087104	0.8465308682430696
1.0	86.7	7.898282458649709	0.7180172091629401	0.7931467153470144	0.8430894799892565
1.0	86.80000000000001	7.898200519233678	0.7157636975562526	0.7498584974188313	0.8402855735403654
1.0	86.9	7.898379863157039	0.708876492484962	0.715096614867637	0.8343561518028989
1.0	87.0	7.898903084401695	0.6935922314960931	0.6949401820894664	0.8238333529089454
1.0	87.10000000000001	7.899618461840669	0.6732047040492256	0.6929400891680803	0.8110312316901741
1.0	87.2	7.900171919501834	0.6568580773605636	0.7092295307721282	0.8014368605681665
1.0	87.30000000000001	7.900143956142518	0.6544873860153532	0.7411292473250866	0.8011583548629265
1.0	87.4	7.8992342231934884	0.6722847518781413	0.7843071088084995	0.8138829381345196
1.0	87.5	7.897411281613451	0.710729444392471	0.8332663868190064	0.8390453137025022
1.0	87.60000000000001	7.8949599457893775	0.7641563088702534	0.8810146691162132	0.8719342888490339
1.0	87.7	7.892406650708128	0.8212248506954167	0.9190502236255803	0.9051927209161317
1.0	87.80000000000001	7.890357900281361	0.8668846909314215	0.9388670829116623	0.930691676079606
1.0	87.9	7.889316879655723	0.8862718458556356	0.9348087027012438	0.9412758976029459
1.0	88.0	7.889536392067911	0.870186513845227	0.9065929631962805	0.9325310179436824
1.0	88.10000000000001	7.890939548976715	0.8203270457165844	0.8597321921167712	0.9045901750200538
1.0	88.2	7.893119485488353	0.7504516939488176	0.8035678885450448	0.8631742617108211
1.0	88.30000000000001	7.895421250045339	0.680752207994205	0.7483296818710361	0.8186536984636674
1.0	88.4	7.897098520827916	0.6287694614485269	0.7029573457333871	0.7828085801061435
1.0	88.5	7.8975155165903645	0.6039552569713974	0.6742615430893444	0.7646300444072752
1.0	88.60000000000001	7.896337771931267	0.6081197908839426	0.666668408809275	0.7673907825216759
1.0	88.7	7.893641470926605	0.6378041455489302	0.6816213924132699	0.7883663117313778
1.0	88.80000000000001	7.88988783069689	0.6855347429099622	0.7167066591597583	0.820757325095248
1.0	88.9	7.885762091512231	0.7405808019866803	0.7655253531720029	0.8562254167682268
1.0	89.0	7.881941704635834	0.7904304247130159	0.8191334232982536	0.8868510978226579
1.0	89.10000000000001	7.878891971965107	0.8234767932450711	0.8686071743149775	0.9064813593224792
1.0	89.2	7.876765742566141	0.8328765166081507	0.9072292607390108	0.9119681039307155
1.0	89.30000000000001	7.87542552257584	0.8198602283117669	0.9310814620066755	0.9042364999028237
1.0	89.4	7.8745533161824	0.793374752398805	0.9382672656887698	0.8882889070386927
1.0	89.5	7.873793294454542	0.7652900633757255	0.9281222293460849	0.8713036688692735
1.0	89.60000000000001	7.87287988930133	0.7446723643090846	0.9014470871311745	0.8592285231869009
1.0	89.7	7.871718540713155	0.7345832383890158	0.8614229890439719	0.8537526791370275
1.0	89.80000000000001	7.87039815166191	0.7314939921616089	0.8139460079202082	0.8517949080244192
1.0	89.9	7.869128441399406	0.727378413131354	0.766592874206455	0.8480507003931658
1.0	90.0	7.86811729539284	0.7151732112923457	0.7267252952331029	0.8388351977236421
1.0	90.10000000000001	7.867430763944388	0.6941859531870817	0.6999842341404496	0.8245114066784311
1.0	90.2	7.866900944897314	0.6704016250781903	0.6899125085318971	0.8091264174290421
1.0	90.30000000000001	7.866143149920214	0.6524192672234187	0.6982748715530747	0.7981663654234618
1.0	90.4	7.8646971522269595	0.6477728066544306	0.7250426766434419	0.7963757093567526
1.0	90.5	7.862235792537468	0.6615879221095435	0.7675961711853101	0.8066529873437179
1.0	90.60000000000001	7.858737972549074	0.6959951103772265	0.8198757609431199	0.8295343768720659
1.0	90.7	7.854539481297333	0.7486744171684745	0.8727339839662975	0.8624675756938813
1.0	90.80000000000001	7.850242090661626	0.8106936307651208	0.9159621517654666	0.8991295074561886
1.0	90.9	7.846530107481696	0.8656846429822077	0.9410896639794021	0.9300386246108643
1.0	91.0	7.843972465967247	0.8938220262541331	0.9434454091913036	0.9453188576502501
1.0	91.10000000000001	7.842872187547991	0.8817115918790397	0.9226976183419198	0.9388032101679107
1.0	91.2	7.84319025509133	0.8317284034309624	0.8823120116162185	0.9111738201188235
1.0	91.30000000000001	7.844547571416324	0.7613048040426034	0.8288182833678857	0.8700100613271248
1.0	91.4	7.846304185117556	0.6922486265536791	0.7711570088535931	0.8265868587362626
1.0	91.5	7.847712035113216	0.6404047641863959	0.7195899134629218	0.7914836719754837
1.0	91.60000000000001	7.848116876958239	0.6128584438318477	0.6836990615437495	0.7715876755410225
1.0	91.7	7.847151708485251	0.6106466112352039	0.669904926899675	0.7694898732584643
1.0	91.80000000000001	7.844846906625577	0.6318661179088936	0.6797548215494512	0.7842333091791707
1.0	91.9	7.841605620166935	0.6723688759778649	0.710017323754194	0.8118967964514656
1.0	92.0	7.8380505858901435	0.7242483835465753	0.7544043681633568	0.8457961041963815
1.0	92.10000000000001	7.83480752947623	0.7749356854765734	0.8056288363155526	0.8774156028641802
1.0	92.2	7.8323156353821455	0.8104679020449151	0.8565791810383708	0.8988868845773919
1.0	92.30000000000001	7.830732947265296	0.8226322876442953	0.9005470164560582	0.9061546918149874
1.0	92.4	7.8299506036663535	0.8137392821730578	0.9314363758680854	0.9007208579967544
1.0	92.5	7.829681755277941	0.7937923859597005	0.944683283246133	0.8884597908820457
1.0	92.60000000000001	7.829577423567028	0.7732547396993742	0.9385320659631964	0.8760780536929318
1.0	92.7	7.829337375344412	0.7581150893252925	0.9146157315723649	0.8675505725863454
1.0	92.80000000000001	7.8287987407508455	0.748998568687961	0.8772593895100457	0.862772910728877
1.0	92.9	7.827979676135486	0.7425346632622662	0.8320471883887427	0.8588520160241766
1.0	93.0	7.827048099361348	0.7339341510704146	0.784766714139423	0.8525668572554495
1.0	93.10000000000001	7.82620819745032	0.7196991315368609	0.741281527282152	0.8421660733460765
1.0	93.2	7.825548109826797	0.6991121258831026	0.7077674084998589	0.8278697233276193
1.0	93.30000000000001	7.824930031368391	0.6746753988822585	0.6902308913276971	0.8117423683892656
1.0	93.4	7.823993019252485	0.652301738893561	0.6929018493994915	0.7976458579934408
1.0	93.5	7.822282525181106	0.64059277195772	0.7163562662112659	0.7909613724592269
1.0	93.60000000000001	7.819452884436431	0.6482037651705232	0.7567882927025853	0.7971519122467712
1.0	93.7	7.81544753449906	0.6802204682863814	0.8070439259650356	0.8190262189889714
1.0	93.80000000000001	7.810570212523176	0.7350111499377483	0.8586205809348414	0.8541148705258947
1.0	93.9	7.805415152536356	0.8019128871827389	0.9032815496390185	0.8942142571696124
1.0	94.0	7.8006923282169875	0.8618045243344717	0.9337600474278954	0.9279857675166967
1.0	94.10000000000001	7.797022630130958	0.893918166514949	0.9442341937657779	0.9453771233832767
1.0	94.2	7.794770430403745	0.8864591440729669	0.9314551745078413	0.9413888166126576
1.0	94.30000000000001	7.793948940003973	0.8425709983499303	0.8963789125406052	0.9173536783009857
1.0	94.4	7.794210632197122	0.7771817598529593	0.8450351476931368	0.8797068044697091
1.0	94.5	7.794927633980044	0.7088450678561955	0.7874402581085619	0.8375683037006639
1.0	94.60000000000001	7.795355065877196	0.6529866456221286	0.7347002472440087	0.8004241292610061
1.0	94.7	7.794841602770263	0.6191825733753248	0.6958547040612553	0.7762735751890552
1.0	94.80000000000001	7.793021200160968	0.6114182797389094	0.6761563703887333	0.769997715284805
1.0	94.9	7.789913855461402	0.629059718540579	0.6772126672845614	0.7819890835928529
1.0	95.0	7.785893579315478	0.6668785905722155	0.6979513555120511	0.8077572720718021
1.0	95.10000000000001	7.781537743557467	0.7147590813741309	0.7351197022080375	0.8392842713663073
1.0	95.2	7.7774238935168185	0.7597976439203993	0.7831321765076644	0.8679570703811349
1.0	95.30000000000001	7.7739577248243315	0.7914473005142428	0.8342541045718959	0.8876849677835713
1.0	95.4	7.771290317747047	0.8058190914022376	0.8800101779033535	0.8965183694961724
1.0	95.5	7.769334039442917	0.8054447155173917	0.9134288547166776	0.8961391436053875
1.0	95.60000000000001	7.767846763401204	0.7958167618627375	0.9306894279294256	0.8900608389193395
1.0	95.7	7.7665420506255325	0.7823732851554426	0.9310997001221866	0.8819013837408098
1.0	95.80000000000001	7.765192208068957	0.7692810879865936	0.9157785290118888	0.8743724286686881
1.0	95.9	7.763702408382445	0.7589640293496402	0.8865082291477362	0.8687188807051863
1.0	96.0	7.762137467735605	0.7513654461135422	0.8458749303679359	0.8643079557959372
1.0	96.10000000000001	7.760685572300866	0.7433515976605269	0.798359307777156	0.8587132448760559
1.0	96.2	7.759557607652763	0.7297815032975026	0.7508990007559407	0.8488774173100296
1.0	96.30000000000001	7.758850934296041	0.7071079075898076	0.7117777776375074	0.833222099320793
1.0	96.4	7.758439515380384	0.6774775413794488	0.6882276738183519	0.8135518398503117
1.0	96.5	7.757959704053907	0.6493816753548622	0.6843375272119652	0.795337085447016
1.0	96.60000000000001	7.756921912277584	0.6338142649901934	0.7005170146372309	0.7858345062397789
1.0	96.7	7.754909105549094	0.6394141036775193	0.7342724423977548	0.7908970147645081
1.0	96.80000000000001	7.75177078663189	0.6697257108403725	0.7810273814304848	0.8121956487742747
1.0	96.9	7.747721350018484	0.7220735450412432	0.8342137779335731	0.8462662431104562
1.0	97.0	7.743299860050484	0.7869126325197064	0.8852097839433184	0.8855758289679849
1.0	97.10000000000001	7.739211138826963	0.848598088673327	0.9243360326563033	0.9207145674562033
1.0	97.2	7.736112479245666	0.8889734646273434	0.9432913401813893	0.9427264399073693
1.0	97.30000000000001	7.734420299026593	0.8936830372525664	0.937934825639216	0.9452564348686758
1.0	97.4	7.734191558379039	0.8591054660329644	0.909689407609296	0.9265241396771098
1.0	97.5	7.7351040667727915	0.7956219432085349	0.8647099143605063	0.890594394333331
1.0	97.60000000000001	7.736535269068388	0.7233597894959837	0.811556162346582	0.8468319767128918
1.0	97.7	7.737722945270526	0.6624534305707948	0.7589846055098654	0.8069852477066864
1.0	97.80000000000001	7.7379731380114025	0.6253789844028637	0.7148684440229044	0.7809459880844706
1.0	97.9	7.736857176261495	0.6156883955860175	0.6858742926111193	0.7733998684419866
1.0	98.0	7.734327247142226	0.6303719238006705	0.6768357707088931	0.7830875429677864
1.0	98.10000000000001	7.730700405379522	0.6622952691031876	0.6894686838906118	0.804616762845718
1.0	98.2	7.726515354970641	0.7024283446274462	0.7213152576162906	0.8312417616178865
1.0	98.30000000000001	7.722326479153904	0.7420031887562349	0.7661204265867333	0.856928797969287
1.0	98.4	7.718527393929388	0.7738658726282103	0.81579435047957	0.8771772973836305
1.0	98.5	7.7152729413367025	0.7932644382077457	0.8627674485174236	0.8892477881173787
1.0	98.60000000000001	7.712509937727737	0.7989469040312785	0.9012820454442725	0.89255877523989
1.0	98.7	7.7100727769478645	0.7939255490631194	0.927235386026147	0.8890890357978831
1.0	98.80000000000001	7.707784496624387	0.7842025623345124	0.9375094619052802	0.8828263690343112
1.0	98.9	7.705528198038672	0.7755457274054062	0.9300148886478831	0.8777566607667391
1.0	99.0	7.703285260883251	0.7704256926314365	0.9047089051360637	0.8753555630847354
1.0	99.10000000000001	7.701143874405682	0.7666102311336038	0.8646353079251623	0.8735011736794047
1.0	99.2	7.6992689448343485	0.7582032893170804	0.8158263328016304	0.8679348123698732
1.0	99.30000000000001	7.69782376292	0.7397419279403245	0.7659095509337319	0.8553795726950817
1.0	99.4	7.696859602239568	0.7109794559363598	0.7223942475395808	0.8360608032709491
1.0	99.5	7.696222503441697	0.6778510997859619	0.6916638784701793	0.8139547677682698
1.0	99.60000000000001	7.695537734700504	0.6491307506261825	0.6786933977271609	0.7949933093332362
1.0	99.7	7.694306553298479	0.6327998033606215	0.6866498398565962	0.7848296244968427
1.0	99.80000000000001	7.692093040822073	0.6347515146515598	0.7158162032841021	0.7874684705060173
1.0	99.9	7.688720846538879	0.65868900660928	0.7623782874245215	0.8046946172991463
1.0	100.0	7.68438236493596	0.7050960166211434	0.8182989576166422	0.8354220132120191
