time: tau*t_parallel
u = time^{-1/z_h} * x
norm. n_h = n_h(x,tau) / n_h(0,tau) 

time, u, norm. n_h, ln[-ln[norm. n_h]]
8 	 0 	 1 	 -inf
8 	 0.398871 	 0.715223 	 -1.09315
8 	 0.797742 	 0.561338 	 -0.549165
8 	 1.19661 	 0.424689 	 -0.155019
8 	 1.59548 	 0.302394 	 0.179004
8 	 1.99436 	 0.201754 	 0.470446
8 	 2.39323 	 0.126622 	 0.725882
8 	 2.7921 	 0.0754764 	 0.949314
8 	 3.19097 	 0.0427042 	 1.1485
8 	 3.58984 	 0.0233268 	 1.32393
8.1 	 0 	 1 	 -inf
8.1 	 0.396687 	 0.719416 	 -1.11074
8.1 	 0.793374 	 0.563839 	 -0.556894
8.1 	 1.19006 	 0.428273 	 -0.164883
8.1 	 1.58675 	 0.305557 	 0.170265
8.1 	 1.98343 	 0.204706 	 0.46133
8.1 	 2.38012 	 0.129173 	 0.71618
8.1 	 2.77681 	 0.077366 	 0.939698
8.1 	 3.1735 	 0.044035 	 1.13872
8.1 	 3.57018 	 0.0242641 	 1.31339
8.2 	 0 	 1 	 -inf
8.2 	 0.394541 	 0.725517 	 -1.13672
8.2 	 0.789083 	 0.566897 	 -0.566377
8.2 	 1.18362 	 0.432407 	 -0.176273
8.2 	 1.57817 	 0.309072 	 0.16057
8.2 	 1.97271 	 0.207875 	 0.451595
8.2 	 2.36725 	 0.131882 	 0.705989
8.2 	 2.76179 	 0.0793577 	 0.929716
8.2 	 3.15633 	 0.045425 	 1.12872
8.2 	 3.55087 	 0.025249 	 1.30263
8.3 	 0 	 1 	 -inf
8.3 	 0.392433 	 0.733207 	 -1.17013
8.3 	 0.784866 	 0.570478 	 -0.577535
8.3 	 1.1773 	 0.436984 	 -0.188914
8.3 	 1.56973 	 0.312927 	 0.149959
8.3 	 1.96217 	 0.211239 	 0.441326
8.3 	 2.3546 	 0.13473 	 0.695388
8.3 	 2.74703 	 0.0814447 	 0.919418
8.3 	 3.13947 	 0.0468713 	 1.11853
8.3 	 3.5319 	 0.0262799 	 1.29169
8.4 	 0 	 1 	 -inf
8.4 	 0.390361 	 0.742101 	 -1.20976
8.4 	 0.780723 	 0.574538 	 -0.590248
8.4 	 1.17108 	 0.441889 	 -0.202486
8.4 	 1.56145 	 0.317084 	 0.138533
8.4 	 1.95181 	 0.214765 	 0.430619
8.4 	 2.34217 	 0.137692 	 0.684477
8.4 	 2.73253 	 0.0836166 	 0.908868
8.4 	 3.12289 	 0.0483697 	 1.10819
8.4 	 3.51325 	 0.0273534 	 1.28063
8.5 	 0 	 1 	 -inf
8.5 	 0.388325 	 0.751758 	 -1.25407
8.5 	 0.77665 	 0.579007 	 -0.604329
8.5 	 1.16497 	 0.446997 	 -0.216659
8.5 	 1.5533 	 0.321485 	 0.126461
8.5 	 1.94162 	 0.218421 	 0.419584
8.5 	 2.32995 	 0.140738 	 0.673379
8.5 	 2.71827 	 0.0858589 	 0.898147
8.5 	 3.1066 	 0.0499139 	 1.09776
8.5 	 3.49492 	 0.0284641 	 1.26951
8.6 	 0 	 1 	 -inf
8.6 	 0.386322 	 0.761677 	 -1.3011
8.6 	 0.772645 	 0.583793 	 -0.619509
8.6 	 1.15897 	 0.452187 	 -0.2311
8.6 	 1.54529 	 0.32604 	 0.113986
8.6 	 1.93161 	 0.222166 	 0.408347
8.6 	 2.31793 	 0.143831 	 0.662231
8.6 	 2.70426 	 0.0881517 	 0.887354
8.6 	 3.09058 	 0.0514954 	 1.0873
8.6 	 3.4769 	 0.0296052 	 1.25841
8.7 	 0 	 1 	 -inf
8.7 	 0.384353 	 0.771298 	 -1.3483
8.7 	 0.768707 	 0.588779 	 -0.635435
8.7 	 1.15306 	 0.457337 	 -0.245472
8.7 	 1.53741 	 0.330638 	 0.101411
8.7 	 1.92177 	 0.225948 	 0.397063
8.7 	 2.30612 	 0.146928 	 0.651185
8.7 	 2.69047 	 0.0904697 	 0.87661
8.7 	 3.07483 	 0.0531025 	 1.07689
8.7 	 3.45918 	 0.0307685 	 1.2474
8.8 	 0 	 1 	 -inf
8.8 	 0.382417 	 0.780021 	 -1.39258
8.8 	 0.764834 	 0.593829 	 -0.65169
8.8 	 1.14725 	 0.462322 	 -0.259427
8.8 	 1.52967 	 0.335153 	 0.0890808
8.8 	 1.91208 	 0.229705 	 0.385916
8.8 	 2.2945 	 0.14998 	 0.640406
8.8 	 2.67692 	 0.0927824 	 0.866049
8.8 	 3.05933 	 0.0547211 	 1.06661
8.8 	 3.44175 	 0.0319442 	 1.23656
8.9 	 0 	 1 	 -inf
8.9 	 0.380512 	 0.787254 	 -1.43044
8.9 	 0.761023 	 0.598805 	 -0.667831
8.9 	 1.14153 	 0.467017 	 -0.272609
8.9 	 1.52205 	 0.339457 	 0.0773378
8.9 	 1.90256 	 0.233364 	 0.375113
8.9 	 2.28307 	 0.152939 	 0.630056
8.9 	 2.66358 	 0.0950568 	 0.855811
8.9 	 3.04409 	 0.0563348 	 1.05655
8.9 	 3.4246 	 0.0331218 	 1.226
9 	 0 	 1 	 -inf
9 	 0.378637 	 0.79247 	 -1.45843
9 	 0.757274 	 0.603577 	 -0.683432
9 	 1.13591 	 0.4713 	 -0.284673
9 	 1.51455 	 0.343438 	 0.0664896
9 	 1.89318 	 0.236854 	 0.36486
9 	 2.27182 	 0.155758 	 0.620281
9 	 2.65046 	 0.0972598 	 0.846027
9 	 3.0291 	 0.0579267 	 1.04682
9 	 3.40773 	 0.0342904 	 1.21577
9.1 	 0 	 1 	 -inf
9.1 	 0.376792 	 0.795281 	 -1.47377
9.1 	 0.753584 	 0.608036 	 -0.698116
9.1 	 1.13038 	 0.475068 	 -0.295313
9.1 	 1.50717 	 0.347006 	 0.0567702
9.1 	 1.88396 	 0.240108 	 0.355339
9.1 	 2.26075 	 0.158401 	 0.611191
9.1 	 2.63755 	 0.0993632 	 0.836803
9.1 	 3.01434 	 0.0594812 	 1.03748
9.1 	 3.39113 	 0.0354404 	 1.20594
9.2 	 0 	 1 	 -inf
9.2 	 0.374976 	 0.795507 	 -1.47501
9.2 	 0.749953 	 0.612095 	 -0.71158
9.2 	 1.12493 	 0.478242 	 -0.304302
9.2 	 1.49991 	 0.350115 	 0.048307
9.2 	 1.87488 	 0.24308 	 0.34668
9.2 	 2.24986 	 0.160846 	 0.602843
9.2 	 2.62484 	 0.101348 	 0.828202
9.2 	 2.99981 	 0.0609863 	 1.02859
9.2 	 3.37479 	 0.0365643 	 1.19655
9.3 	 0 	 1 	 -inf
9.3 	 0.373189 	 0.793231 	 -1.46257
9.3 	 0.746378 	 0.615695 	 -0.7236
9.3 	 1.11957 	 0.480791 	 -0.311533
9.3 	 1.49276 	 0.352766 	 0.0410943
9.3 	 1.86594 	 0.245747 	 0.338936
9.3 	 2.23913 	 0.16309 	 0.595232
9.3 	 2.61232 	 0.103206 	 0.820232
9.3 	 2.98551 	 0.0624359 	 1.02015
9.3 	 3.3587 	 0.0376581 	 1.1876
9.4 	 0 	 1 	 -inf
9.4 	 0.371429 	 0.788817 	 -1.43876
9.4 	 0.742858 	 0.6188 	 -0.734024
9.4 	 1.11429 	 0.482734 	 -0.317056
9.4 	 1.48572 	 0.355012 	 0.0349839
9.4 	 1.85714 	 0.248116 	 0.332075
9.4 	 2.22857 	 0.165152 	 0.588282
9.4 	 2.6 	 0.104946 	 0.812844
9.4 	 2.97143 	 0.0638321 	 1.01215
9.4 	 3.34286 	 0.0387224 	 1.17907
9.5 	 0 	 1 	 -inf
9.5 	 0.369696 	 0.782872 	 -1.40737
9.5 	 0.739391 	 0.621384 	 -0.742745
9.5 	 1.10909 	 0.484153 	 -0.321094
9.5 	 1.47878 	 0.356953 	 0.0297049
9.5 	 1.84848 	 0.250227 	 0.325979
9.5 	 2.21817 	 0.167067 	 0.581857
9.5 	 2.58787 	 0.106587 	 0.805936
9.5 	 2.95757 	 0.0651847 	 1.0045
9.5 	 3.32726 	 0.0397628 	 1.17088
9.6 	 0 	 1 	 -inf
9.6 	 0.367989 	 0.776173 	 -1.37286
9.6 	 0.735977 	 0.623437 	 -0.749701
9.6 	 1.10397 	 0.485182 	 -0.324027
9.6 	 1.47195 	 0.358715 	 0.0249137
9.6 	 1.83994 	 0.252143 	 0.320457
9.6 	 2.20793 	 0.168889 	 0.575779
9.6 	 2.57592 	 0.10816 	 0.799371
9.6 	 2.94391 	 0.0665105 	 0.997095
9.6 	 3.3119 	 0.0407889 	 1.16295
9.7 	 0 	 1 	 -inf
9.7 	 0.366307 	 0.769548 	 -1.33959
9.7 	 0.732614 	 0.624968 	 -0.754906
9.7 	 1.09892 	 0.485997 	 -0.32635
9.7 	 1.46523 	 0.360427 	 0.0202586
9.7 	 1.83153 	 0.25395 	 0.315263
9.7 	 2.19784 	 0.170674 	 0.56985
9.7 	 2.56415 	 0.109701 	 0.792989
9.7 	 2.93045 	 0.0678299 	 0.989821
9.7 	 3.29676 	 0.0418133 	 1.15516
9.8 	 0 	 1 	 -inf
9.8 	 0.36465 	 0.763763 	 -1.3112
9.8 	 0.7293 	 0.626028 	 -0.758518
9.8 	 1.09395 	 0.486787 	 -0.328602
9.8 	 1.4586 	 0.3622 	 0.0154397
9.8 	 1.82325 	 0.255738 	 0.310129
9.8 	 2.1879 	 0.17248 	 0.563877
9.8 	 2.55255 	 0.111249 	 0.786629
9.8 	 2.9172 	 0.0691643 	 0.982554
9.8 	 3.28185 	 0.0428498 	 1.14742
9.9 	 0 	 1 	 -inf
9.9 	 0.363017 	 0.75942 	 -1.29026
9.9 	 0.726035 	 0.626719 	 -0.760876
9.9 	 1.08905 	 0.487726 	 -0.331284
9.9 	 1.45207 	 0.36411 	 0.0102463
9.9 	 1.81509 	 0.257598 	 0.3048
9.9 	 2.1781 	 0.174357 	 0.557699
9.9 	 2.54112 	 0.112841 	 0.780138
9.9 	 2.90414 	 0.0705323 	 0.975195
9.9 	 3.26716 	 0.0439116 	 1.13962
10 	 0 	 1 	 -inf
10 	 0.361408 	 0.756886 	 -1.27818
10 	 0.722817 	 0.627188 	 -0.762477
10 	 1.08422 	 0.48895 	 -0.334781
10 	 1.44563 	 0.3662 	 0.00456584
10 	 1.80704 	 0.259604 	 0.299064
10 	 2.16845 	 0.176341 	 0.551202
10 	 2.52986 	 0.114508 	 0.773394
10 	 2.89127 	 0.0719479 	 0.967673
10 	 3.25267 	 0.0450096 	 1.13169
10.1 	 0 	 1 	 -inf
10.1 	 0.359822 	 0.756279 	 -1.27531
10.1 	 0.719645 	 0.627606 	 -0.763909
10.1 	 1.07947 	 0.490537 	 -0.339321
10.1 	 1.43929 	 0.36848 	 -0.00163358
10.1 	 1.79911 	 0.261805 	 0.292786
10.1 	 2.15893 	 0.178451 	 0.544324
10.1 	 2.51876 	 0.116272 	 0.766315
10.1 	 2.87858 	 0.0734192 	 0.959952
10.1 	 3.2384 	 0.0461513 	 1.12358
10.2 	 0 	 1 	 -inf
10.2 	 0.358259 	 0.757514 	 -1.28116
10.2 	 0.716518 	 0.628145 	 -0.765753
10.2 	 1.07478 	 0.492513 	 -0.344981
10.2 	 1.43304 	 0.370946 	 -0.00833527
10.2 	 1.79129 	 0.264222 	 0.285905
10.2 	 2.14955 	 0.180693 	 0.537053
10.2 	 2.50781 	 0.118145 	 0.758863
10.2 	 2.86607 	 0.074949 	 0.952023
10.2 	 3.22433 	 0.0473407 	 1.11527
10.3 	 0 	 1 	 -inf
10.3 	 0.356717 	 0.76036 	 -1.29476
10.3 	 0.713434 	 0.628951 	 -0.768513
10.3 	 1.07015 	 0.49487 	 -0.351743
10.3 	 1.42687 	 0.373583 	 -0.0155048
10.3 	 1.78359 	 0.266855 	 0.278426
10.3 	 2.1403 	 0.183062 	 0.529409
10.3 	 2.49702 	 0.120128 	 0.751038
10.3 	 2.85374 	 0.0765369 	 0.943899
10.3 	 3.21045 	 0.0485789 	 1.10677
10.4 	 0 	 1 	 -inf
10.4 	 0.355197 	 0.764515 	 -1.31485
10.4 	 0.710394 	 0.630133 	 -0.772572
10.4 	 1.06559 	 0.49758 	 -0.359537
10.4 	 1.42079 	 0.376378 	 -0.0231042
10.4 	 1.77599 	 0.269687 	 0.270404
10.4 	 2.13118 	 0.185551 	 0.521424
10.4 	 2.48638 	 0.122216 	 0.742872
10.4 	 2.84158 	 0.0781802 	 0.935599
10.4 	 3.19677 	 0.049865 	 1.09809
10.5 	 0 	 1 	 -inf
10.5 	 0.353698 	 0.769642 	 -1.34006
10.5 	 0.707396 	 0.631759 	 -0.778168
10.5 	 1.06109 	 0.50061 	 -0.368274
10.5 	 1.41479 	 0.379313 	 -0.0310859
10.5 	 1.76849 	 0.272687 	 0.261926
10.5 	 2.12219 	 0.188146 	 0.513146
10.5 	 2.47589 	 0.124397 	 0.734421
10.5 	 2.82958 	 0.0798753 	 0.927147
10.5 	 3.18328 	 0.051196 	 1.08927
10.6 	 0 	 1 	 -inf
10.6 	 0.352219 	 0.775386 	 -1.36887
10.6 	 0.704438 	 0.633851 	 -0.785392
10.6 	 1.05666 	 0.50392 	 -0.377843
10.6 	 1.40888 	 0.382361 	 -0.0393759
10.6 	 1.7611 	 0.275818 	 0.253103
10.6 	 2.11331 	 0.190829 	 0.504632
10.6 	 2.46553 	 0.126654 	 0.725758
10.6 	 2.81775 	 0.0816164 	 0.918578
10.6 	 3.16997 	 0.0525677 	 1.08033
10.7 	 0 	 1 	 -inf
10.7 	 0.35076 	 0.781381 	 -1.39961
10.7 	 0.701521 	 0.636387 	 -0.794186
10.7 	 1.05228 	 0.507454 	 -0.388093
10.7 	 1.40304 	 0.385481 	 -0.0478629
10.7 	 1.7538 	 0.279033 	 0.244062
10.7 	 2.10456 	 0.193579 	 0.495958
10.7 	 2.45532 	 0.128965 	 0.71697
10.7 	 2.80608 	 0.0833955 	 0.909935
10.7 	 3.15684 	 0.0539734 	 1.07133
10.8 	 0 	 1 	 -inf
10.8 	 0.349321 	 0.787264 	 -1.43049
10.8 	 0.698642 	 0.639298 	 -0.804336
10.8 	 1.04796 	 0.511141 	 -0.398821
10.8 	 1.39728 	 0.388618 	 -0.0564039
10.8 	 1.74661 	 0.282283 	 0.234949
10.8 	 2.09593 	 0.196365 	 0.487216
10.8 	 2.44525 	 0.131304 	 0.708155
10.8 	 2.79457 	 0.0852019 	 0.901271
10.8 	 3.14389 	 0.0554049 	 1.06232
10.9 	 0 	 1 	 -inf
10.9 	 0.347901 	 0.792688 	 -1.45962
10.9 	 0.695802 	 0.642474 	 -0.815476
10.9 	 1.0437 	 0.514885 	 -0.409758
10.9 	 1.3916 	 0.391719 	 -0.0648466
10.9 	 1.7395 	 0.285509 	 0.225924
10.9 	 2.08741 	 0.199156 	 0.478511
10.9 	 2.43531 	 0.133643 	 0.699419
10.9 	 2.78321 	 0.0870224 	 0.892649
10.9 	 3.13111 	 0.0568516 	 1.05337
11 	 0 	 1 	 -inf
11 	 0.346499 	 0.797356 	 -1.48521
11 	 0.692999 	 0.645769 	 -0.827104
11 	 1.0395 	 0.518577 	 -0.420577
11 	 1.386 	 0.394731 	 -0.0730549
11 	 1.7325 	 0.288652 	 0.217154
11 	 2.079 	 0.201913 	 0.469952
11 	 2.4255 	 0.135954 	 0.690864
11 	 2.772 	 0.0888424 	 0.884136
11 	 3.11849 	 0.0583021 	 1.04455
11.1 	 0 	 1 	 -inf
11.1 	 0.345116 	 0.80104 	 -1.50578
11.1 	 0.690232 	 0.649009 	 -0.838614
11.1 	 1.03535 	 0.522096 	 -0.430932
11.1 	 1.38046 	 0.397619 	 -0.0809281
11.1 	 1.72558 	 0.291652 	 0.208797
11.1 	 2.0707 	 0.204604 	 0.461642
11.1 	 2.41581 	 0.13821 	 0.682582
11.1 	 2.76093 	 0.0906467 	 0.875796
11.1 	 3.10605 	 0.0597448 	 1.03591
11.2 	 0 	 1 	 -inf
11.2 	 0.343751 	 0.803612 	 -1.52033
11.2 	 0.687502 	 0.652015 	 -0.849361
11.2 	 1.03125 	 0.525338 	 -0.440501
11.2 	 1.375 	 0.400361 	 -0.0884061
11.2 	 1.71875 	 0.294466 	 0.200974
11.2 	 2.0625 	 0.207197 	 0.453675
11.2 	 2.40626 	 0.140392 	 0.674637
11.2 	 2.75001 	 0.0924208 	 0.86769
11.2 	 3.09376 	 0.0611701 	 1.02751
11.3 	 0 	 1 	 -inf
11.3 	 0.342403 	 0.805062 	 -1.52861
11.3 	 0.684806 	 0.654621 	 -0.858731
11.3 	 1.02721 	 0.528224 	 -0.44905
11.3 	 1.36961 	 0.402947 	 -0.0954647
11.3 	 1.71201 	 0.297069 	 0.193748
11.3 	 2.05442 	 0.209667 	 0.446117
11.3 	 2.39682 	 0.142487 	 0.667062
11.3 	 2.73922 	 0.0941537 	 0.859858
11.3 	 3.08163 	 0.0625713 	 1.01937
11.4 	 0 	 1 	 -inf
11.4 	 0.341072 	 0.805506 	 -1.53116
11.4 	 0.682144 	 0.656697 	 -0.866233
11.4 	 1.02322 	 0.530722 	 -0.456469
11.4 	 1.36429 	 0.40538 	 -0.102109
11.4 	 1.70536 	 0.299465 	 0.187108
11.4 	 2.04643 	 0.212002 	 0.439003
11.4 	 2.3875 	 0.144496 	 0.65985
11.4 	 2.72858 	 0.0958395 	 0.85232
11.4 	 3.06965 	 0.0639458 	 1.0115
11.5 	 0 	 1 	 -inf
11.5 	 0.339758 	 0.805169 	 -1.52923
11.5 	 0.679516 	 0.658169 	 -0.871571
11.5 	 1.01927 	 0.532844 	 -0.462786
11.5 	 1.35903 	 0.40767 	 -0.108369
11.5 	 1.69879 	 0.301681 	 0.180975
11.5 	 2.03855 	 0.214201 	 0.432329
11.5 	 2.37831 	 0.146428 	 0.65296
11.5 	 2.71806 	 0.0974792 	 0.84506
11.5 	 3.05782 	 0.0652954 	 1.00387
11.6 	 0 	 1 	 -inf
11.6 	 0.33846 	 0.804343 	 -1.5245
11.6 	 0.67692 	 0.659026 	 -0.874689
11.6 	 1.01538 	 0.534636 	 -0.468134
11.6 	 1.35384 	 0.409836 	 -0.114291
11.6 	 1.6923 	 0.30376 	 0.175227
11.6 	 2.03076 	 0.216276 	 0.426051
11.6 	 2.36922 	 0.1483 	 0.646328
11.6 	 2.70768 	 0.0990801 	 0.838038
11.6 	 3.04614 	 0.0666251 	 0.996459
11.7 	 0 	 1 	 -inf
11.7 	 0.337179 	 0.803333 	 -1.51875
11.7 	 0.674357 	 0.659327 	 -0.875785
11.7 	 1.01154 	 0.536165 	 -0.472706
11.7 	 1.34871 	 0.4119 	 -0.119939
11.7 	 1.68589 	 0.305755 	 0.169719
11.7 	 2.02307 	 0.218251 	 0.420097
11.7 	 2.36025 	 0.15013 	 0.63988
11.7 	 2.69743 	 0.100655 	 0.831194
11.7 	 3.03461 	 0.0679425 	 0.989204
11.8 	 0 	 1 	 -inf
11.8 	 0.335913 	 0.802397 	 -1.51344
11.8 	 0.671825 	 0.659188 	 -0.875279
11.8 	 1.00774 	 0.5375 	 -0.476703
11.8 	 1.34365 	 0.41389 	 -0.125387
11.8 	 1.67956 	 0.307712 	 0.164319
11.8 	 2.01548 	 0.220154 	 0.414378
11.8 	 2.35139 	 0.151938 	 0.633548
11.8 	 2.6873 	 0.102218 	 0.824461
11.8 	 3.02321 	 0.0692557 	 0.98206
11.9 	 0 	 1 	 -inf
11.9 	 0.334662 	 0.801705 	 -1.50953
11.9 	 0.669324 	 0.658767 	 -0.873745
11.9 	 1.00399 	 0.538699 	 -0.480299
11.9 	 1.33865 	 0.41583 	 -0.130704
11.9 	 1.67331 	 0.309671 	 0.15892
11.9 	 2.00797 	 0.222015 	 0.408799
11.9 	 2.34263 	 0.153738 	 0.627278
11.9 	 2.6773 	 0.103782 	 0.817781
11.9 	 3.01196 	 0.0705723 	 0.974981
12 	 0 	 1 	 -inf
12 	 0.333426 	 0.801324 	 -1.50738
12 	 0.666853 	 0.658236 	 -0.871815
12 	 1.00028 	 0.539807 	 -0.483625
12 	 1.33371 	 0.417741 	 -0.135942
12 	 1.66713 	 0.311654 	 0.15346
12 	 2.00056 	 0.223863 	 0.403277
12 	 2.33398 	 0.15554 	 0.621034
12 	 2.66741 	 0.105356 	 0.811112
12 	 3.00084 	 0.0718983 	 0.967935
12.1 	 0 	 1 	 -inf
12.1 	 0.332206 	 0.801219 	 -1.50679
12.1 	 0.664411 	 0.657755 	 -0.87007
12.1 	 0.996617 	 0.540857 	 -0.486782
12.1 	 1.32882 	 0.41963 	 -0.141124
12.1 	 1.66103 	 0.313668 	 0.147921
12.1 	 1.99323 	 0.22572 	 0.397743
12.1 	 2.32544 	 0.157349 	 0.614803
12.1 	 2.65764 	 0.106946 	 0.804434
12.1 	 2.98985 	 0.0732371 	 0.960902
12.2 	 0 	 1 	 -inf
12.2 	 0.330999 	 0.801281 	 -1.50714
12.2 	 0.661998 	 0.657451 	 -0.868967
12.2 	 0.992998 	 0.541876 	 -0.489851
12.2 	 1.324 	 0.421494 	 -0.146241
12.2 	 1.655 	 0.315706 	 0.142319
12.2 	 1.986 	 0.227599 	 0.392158
12.2 	 2.31699 	 0.159162 	 0.608586
12.2 	 2.64799 	 0.108552 	 0.797744
12.2 	 2.97899 	 0.0745894 	 0.953878
12.3 	 0 	 1 	 -inf
12.3 	 0.329807 	 0.801364 	 -1.5076
12.3 	 0.659614 	 0.657407 	 -0.868805
12.3 	 0.989421 	 0.54289 	 -0.492908
12.3 	 1.31923 	 0.423323 	 -0.151264
12.3 	 1.64904 	 0.317756 	 0.136688
12.3 	 1.97884 	 0.229504 	 0.386509
12.3 	 2.30865 	 0.160979 	 0.602391
12.3 	 2.63846 	 0.110171 	 0.791056
12.3 	 2.96826 	 0.0759539 	 0.94687
12.4 	 0 	 1 	 -inf
12.4 	 0.328629 	 0.801324 	 -1.50738
12.4 	 0.657258 	 0.657668 	 -0.869755
12.4 	 0.985886 	 0.543926 	 -0.496032
12.4 	 1.31452 	 0.425106 	 -0.156167
12.4 	 1.64314 	 0.319807 	 0.131061
12.4 	 1.97177 	 0.231435 	 0.380802
12.4 	 2.3004 	 0.162796 	 0.596228
12.4 	 2.62903 	 0.111799 	 0.784384
12.4 	 2.95766 	 0.0773287 	 0.939886
12.5 	 0 	 1 	 -inf
12.5 	 0.327464 	 0.801061 	 -1.5059
12.5 	 0.654928 	 0.658259 	 -0.8719
12.5 	 0.982392 	 0.54501 	 -0.499306
12.5 	 1.30986 	 0.426847 	 -0.160957
12.5 	 1.63732 	 0.321852 	 0.125453
12.5 	 1.96478 	 0.233384 	 0.375053
12.5 	 2.29225 	 0.164612 	 0.590096
12.5 	 2.61971 	 0.113432 	 0.777742
12.5 	 2.94718 	 0.0787127 	 0.932932
12.6 	 0 	 1 	 -inf
12.6 	 0.326313 	 0.800541 	 -1.50298
12.6 	 0.652626 	 0.659192 	 -0.875293
12.6 	 0.978939 	 0.546171 	 -0.502819
12.6 	 1.30525 	 0.428568 	 -0.165693
12.6 	 1.63156 	 0.323893 	 0.119861
12.6 	 1.95788 	 0.235352 	 0.369266
12.6 	 2.28419 	 0.166432 	 0.583984
12.6 	 2.6105 	 0.11507 	 0.771133
12.6 	 2.93682 	 0.080107 	 0.926
12.7 	 0 	 1 	 -inf
12.7 	 0.325175 	 0.799817 	 -1.49891
12.7 	 0.650349 	 0.66048 	 -0.879985
12.7 	 0.975524 	 0.547446 	 -0.50668
12.7 	 1.3007 	 0.43031 	 -0.170493
12.7 	 1.62587 	 0.325941 	 0.114257
12.7 	 1.95105 	 0.237344 	 0.363424
12.7 	 2.27622 	 0.168263 	 0.577865
12.7 	 2.6014 	 0.116716 	 0.764542
12.7 	 2.92657 	 0.0815153 	 0.919073
12.8 	 0 	 1 	 -inf
12.8 	 0.324049 	 0.799024 	 -1.49449
12.8 	 0.648099 	 0.662131 	 -0.886024
12.8 	 0.972148 	 0.548879 	 -0.51103
12.8 	 1.2962 	 0.432133 	 -0.175518
12.8 	 1.62025 	 0.328014 	 0.108585
12.8 	 1.9443 	 0.239375 	 0.357481
12.8 	 2.26835 	 0.170117 	 0.571698
12.8 	 2.59239 	 0.118379 	 0.757933
12.8 	 2.91644 	 0.0829439 	 0.912118
12.9 	 0 	 1 	 -inf
12.9 	 0.322937 	 0.798369 	 -1.49083
12.9 	 0.645873 	 0.664151 	 -0.893441
12.9 	 0.96881 	 0.550525 	 -0.516035
12.9 	 1.29175 	 0.434096 	 -0.180934
12.9 	 1.61468 	 0.330143 	 0.102764
12.9 	 1.93762 	 0.241469 	 0.351372
12.9 	 2.26056 	 0.17201 	 0.565431
12.9 	 2.58349 	 0.120072 	 0.751258
12.9 	 2.90643 	 0.084401 	 0.905099
13 	 0 	 1 	 -inf
13 	 0.321836 	 0.798087 	 -1.48927
13 	 0.643673 	 0.666534 	 -0.902229
13 	 0.965509 	 0.552443 	 -0.521878
13 	 1.28735 	 0.43625 	 -0.186884
13 	 1.60918 	 0.332364 	 0.0966943
13 	 1.93102 	 0.243652 	 0.345018
13 	 2.25285 	 0.173959 	 0.559008
13 	 2.57469 	 0.121808 	 0.744461
13 	 2.89653 	 0.0858957 	 0.897973
13.1 	 0 	 1 	 -inf
13.1 	 0.320748 	 0.798413 	 -1.49108
13.1 	 0.641496 	 0.669262 	 -0.912348
13.1 	 0.962244 	 0.554686 	 -0.52873
13.1 	 1.28299 	 0.438629 	 -0.193461
13.1 	 1.60374 	 0.334718 	 0.0902678
13.1 	 1.92449 	 0.24595 	 0.338347
13.1 	 2.24524 	 0.175981 	 0.552378
13.1 	 2.56598 	 0.123603 	 0.737491
13.1 	 2.88673 	 0.0874367 	 0.890702
13.2 	 0 	 1 	 -inf
13.2 	 0.319672 	 0.799547 	 -1.49741
13.2 	 0.639343 	 0.672312 	 -0.923738
13.2 	 0.959015 	 0.557292 	 -0.536716
13.2 	 1.27869 	 0.441248 	 -0.200711
13.2 	 1.59836 	 0.337238 	 0.083392
13.2 	 1.91803 	 0.248384 	 0.331302
13.2 	 2.2377 	 0.178091 	 0.545496
13.2 	 2.55737 	 0.125466 	 0.730307
13.2 	 2.87705 	 0.0890318 	 0.883256
13.3 	 0 	 1 	 -inf
13.3 	 0.318607 	 0.801626 	 -1.50908
13.3 	 0.637214 	 0.675661 	 -0.936329
13.3 	 0.955821 	 0.560278 	 -0.545897
13.3 	 1.27443 	 0.444109 	 -0.208642
13.3 	 1.59304 	 0.339946 	 0.0760065
13.3 	 1.91164 	 0.250964 	 0.323853
13.3 	 2.23025 	 0.180298 	 0.53833
13.3 	 2.54886 	 0.127407 	 0.722886
13.3 	 2.86746 	 0.0906869 	 0.875612
13.4 	 0 	 1 	 -inf
13.4 	 0.317554 	 0.804714 	 -1.52662
13.4 	 0.635108 	 0.67928 	 -0.95005
13.4 	 0.952662 	 0.563632 	 -0.556252
13.4 	 1.27022 	 0.447203 	 -0.217233
13.4 	 1.58777 	 0.342848 	 0.0680953
13.4 	 1.90532 	 0.253694 	 0.315997
13.4 	 2.22288 	 0.18261 	 0.530866
13.4 	 2.54043 	 0.129427 	 0.715223
13.4 	 2.85799 	 0.0924054 	 0.86776
13.5 	 0 	 1 	 -inf
13.5 	 0.316512 	 0.808793 	 -1.55017
13.5 	 0.633024 	 0.68314 	 -0.96481
13.5 	 0.949536 	 0.56731 	 -0.567662
13.5 	 1.26605 	 0.450512 	 -0.226436
13.5 	 1.58256 	 0.345935 	 0.0596882
13.5 	 1.89907 	 0.256564 	 0.307763
13.5 	 2.21559 	 0.185026 	 0.523106
13.5 	 2.5321 	 0.131523 	 0.707334
13.5 	 2.84861 	 0.0941877 	 0.859706
13.6 	 0 	 1 	 -inf
13.6 	 0.315481 	 0.813773 	 -1.57952
13.6 	 0.630963 	 0.687198 	 -0.980475
13.6 	 0.946444 	 0.571243 	 -0.579925
13.6 	 1.26193 	 0.454008 	 -0.236178
13.6 	 1.57741 	 0.349179 	 0.0508547
13.6 	 1.89289 	 0.259554 	 0.29921
13.6 	 2.20837 	 0.18754 	 0.515075
13.6 	 2.52385 	 0.133687 	 0.699256
13.6 	 2.83933 	 0.0960304 	 0.851471
13.7 	 0 	 1 	 -inf
13.7 	 0.314461 	 0.819494 	 -1.61411
13.7 	 0.628923 	 0.691393 	 -0.996832
13.7 	 0.943384 	 0.57534 	 -0.592768
13.7 	 1.25785 	 0.457651 	 -0.24635
13.7 	 1.57231 	 0.352546 	 0.0416938
13.7 	 1.88677 	 0.262634 	 0.290423
13.7 	 2.20123 	 0.190139 	 0.506818
13.7 	 2.51569 	 0.135905 	 0.691043
13.7 	 2.83015 	 0.0979264 	 0.843091
13.8 	 0 	 1 	 -inf
13.8 	 0.313452 	 0.825734 	 -1.65296
13.8 	 0.626904 	 0.695642 	 -1.01357
13.8 	 0.940357 	 0.579493 	 -0.605868
13.8 	 1.25381 	 0.461383 	 -0.256796
13.8 	 1.56726 	 0.355988 	 0.0323288
13.8 	 1.88071 	 0.265766 	 0.281517
13.8 	 2.19417 	 0.192802 	 0.498403
13.8 	 2.50762 	 0.138161 	 0.682759
13.8 	 2.82107 	 0.0998641 	 0.834623
13.9 	 0 	 1 	 -inf
13.9 	 0.312453 	 0.832217 	 -1.69466
13.9 	 0.624907 	 0.699845 	 -1.03031
13.9 	 0.93736 	 0.58359 	 -0.618863
13.9 	 1.24981 	 0.465132 	 -0.267313
13.9 	 1.56227 	 0.359453 	 0.0229069
13.9 	 1.87472 	 0.268902 	 0.272626
13.9 	 2.18717 	 0.195503 	 0.489918
13.9 	 2.49963 	 0.140435 	 0.674479
13.9 	 2.81208 	 0.101827 	 0.826136
14 	 0 	 1 	 -inf
14 	 0.311465 	 0.838611 	 -1.73723
14 	 0.62293 	 0.703895 	 -1.04661
14 	 0.934395 	 0.587511 	 -0.631373
14 	 1.24586 	 0.468809 	 -0.277653
14 	 1.55733 	 0.362876 	 0.0136016
14 	 1.86879 	 0.271989 	 0.263897
14 	 2.18026 	 0.198204 	 0.481474
14 	 2.49172 	 0.142705 	 0.666279
14 	 2.80319 	 0.103796 	 0.817719
14.1 	 0 	 1 	 -inf
14.1 	 0.310487 	 0.844546 	 -1.77812
14.1 	 0.620973 	 0.707684 	 -1.06202
14.1 	 0.93146 	 0.591138 	 -0.643015
14.1 	 1.24195 	 0.472317 	 -0.287543
14.1 	 1.55243 	 0.366184 	 0.0046088
14.1 	 1.86292 	 0.274975 	 0.255476
14.1 	 2.17341 	 0.200865 	 0.4732
14.1 	 2.48389 	 0.144948 	 0.658236
14.1 	 2.79438 	 0.105747 	 0.809465
14.2 	 0 	 1 	 -inf
14.2 	 0.309518 	 0.849644 	 -1.81438
14.2 	 0.619037 	 0.711099 	 -1.07604
14.2 	 0.928555 	 0.594367 	 -0.653429
14.2 	 1.23807 	 0.47556 	 -0.296708
14.2 	 1.54759 	 0.369302 	 -0.0038674
14.2 	 1.85711 	 0.277807 	 0.247507
14.2 	 2.16663 	 0.203439 	 0.465234
14.2 	 2.47615 	 0.14714 	 0.650432
14.2 	 2.78567 	 0.107656 	 0.801468
14.3 	 0 	 1 	 -inf
14.3 	 0.30856 	 0.853558 	 -1.843
14.3 	 0.61712 	 0.714022 	 -1.08814
14.3 	 0.925679 	 0.597108 	 -0.662313
14.3 	 1.23424 	 0.478448 	 -0.304887
14.3 	 1.5428 	 0.37216 	 -0.0116372
14.3 	 1.85136 	 0.28044 	 0.240114
14.3 	 2.15992 	 0.205883 	 0.457708
14.3 	 2.46848 	 0.149257 	 0.64295
14.3 	 2.77704 	 0.109502 	 0.793813
14.4 	 0 	 1 	 -inf
14.4 	 0.307611 	 0.856023 	 -1.86138
14.4 	 0.615222 	 0.716334 	 -1.09779
14.4 	 0.922833 	 0.5993 	 -0.669444
14.4 	 1.23044 	 0.480908 	 -0.311867
14.4 	 1.53805 	 0.374703 	 -0.0185488
14.4 	 1.84567 	 0.282837 	 0.233399
14.4 	 2.15328 	 0.208158 	 0.450729
14.4 	 2.46089 	 0.151276 	 0.635862
14.4 	 2.7685 	 0.111266 	 0.786562
14.5 	 0 	 1 	 -inf
14.5 	 0.306671 	 0.856888 	 -1.86789
14.5 	 0.613343 	 0.717934 	 -1.1045
14.5 	 0.920014 	 0.600911 	 -0.674701
14.5 	 1.22669 	 0.482894 	 -0.317513
14.5 	 1.53336 	 0.376895 	 -0.024509
14.5 	 1.84003 	 0.284971 	 0.22743
14.5 	 2.1467 	 0.210239 	 0.444372
14.5 	 2.45337 	 0.153178 	 0.629225
14.5 	 2.76004 	 0.112935 	 0.779757
14.6 	 0 	 1 	 -inf
14.6 	 0.305741 	 0.856141 	 -1.86226
14.6 	 0.611482 	 0.718758 	 -1.10797
14.6 	 0.917223 	 0.601943 	 -0.678078
14.6 	 1.22296 	 0.484397 	 -0.321789
14.6 	 1.52871 	 0.378729 	 -0.0294953
14.6 	 1.83445 	 0.286834 	 0.222224
14.6 	 2.14019 	 0.212113 	 0.438665
14.6 	 2.44593 	 0.154953 	 0.623064
14.6 	 2.75167 	 0.114505 	 0.773407
14.7 	 0 	 1 	 -inf
14.7 	 0.30482 	 0.853906 	 -1.84558
14.7 	 0.60964 	 0.718794 	 -1.10812
14.7 	 0.91446 	 0.602431 	 -0.679676
14.7 	 1.21928 	 0.485444 	 -0.324774
14.7 	 1.5241 	 0.380222 	 -0.0335556
14.7 	 1.82892 	 0.288438 	 0.217749
14.7 	 2.13374 	 0.213785 	 0.43359
14.7 	 2.43856 	 0.156603 	 0.617368
14.7 	 2.74338 	 0.115978 	 0.767493
14.8 	 0 	 1 	 -inf
14.8 	 0.303908 	 0.850418 	 -1.81999
14.8 	 0.607816 	 0.718086 	 -1.10514
14.8 	 0.911724 	 0.602437 	 -0.679695
14.8 	 1.21563 	 0.4861 	 -0.326644
14.8 	 1.51954 	 0.381413 	 -0.0367949
14.8 	 1.82345 	 0.289812 	 0.213921
14.8 	 2.12736 	 0.215271 	 0.42909
14.8 	 2.43126 	 0.158136 	 0.612099
14.8 	 2.73517 	 0.117363 	 0.761967
14.9 	 0 	 1 	 -inf
14.9 	 0.303005 	 0.845976 	 -1.78818
14.9 	 0.60601 	 0.716732 	 -1.09945
14.9 	 0.909014 	 0.602045 	 -0.678411
14.9 	 1.21202 	 0.486451 	 -0.327646
14.9 	 1.51502 	 0.382354 	 -0.0393567
14.9 	 1.81803 	 0.290997 	 0.210619
14.9 	 2.12103 	 0.216601 	 0.425071
14.9 	 2.42404 	 0.15957 	 0.607194
14.9 	 2.72704 	 0.118675 	 0.756762
15 	 0 	 1 	 -inf
15 	 0.30211 	 0.840912 	 -1.75291
15 	 0.604221 	 0.714871 	 -1.09168
15 	 0.906331 	 0.601354 	 -0.676151
15 	 1.20844 	 0.486598 	 -0.328063
15 	 1.51055 	 0.383109 	 -0.0414095
15 	 1.81266 	 0.292048 	 0.207695
15 	 2.11477 	 0.217812 	 0.421418
15 	 2.41688 	 0.160925 	 0.602576
15 	 2.71899 	 0.119935 	 0.751796
