N_x: used length of the ladder
J: spin coupling
alpha: spin anisotropy
1/z_h: fitted inverse dynamical exponent (for hole dynamics)
D_h: fitted generalized diffusion coefficient (for hole dynamics)
lamda_i, sigma_i: fitted parameters in generalized exponential fits (see Eq. (14) in manuscript).

N_x, J, alpha, 	 1/z_h, 		 D_h, 		 lambda_1, 	 lambda_2, 	 sigma_1, 	 sigma_2
11 	 5 	 4.0 	 0.532755 	 0.126705 	 
11 	 5 	 2.0 	 0.531657 	 0.262827 	 1.82374 	 1.83214 	 0.729487 	 0.750524
11 	 5 	 1.5 	 0.518253 	 0.368225 	 1.8275 	 1.84197 	 0.855663 	 0.881363
11 	 5 	 1.0 	 0.503391 	 0.541733 	 1.84947 	 1.92488 	 0.99516 	 1.09655
11 	 5 	 0.8 	 0.508492 	 0.599413 	 1.84992 	 1.96637 	 1.0571 	 1.16629
11 	 5 	 0.6 	 0.515352 	 0.616358 	 1.75528 	 1.98408 	 1.09908 	 1.19063
11 	 5 	 0.4 	 0.504366 	 0.603084 	 1.23139 	 2.00751 	 1.13983 	 1.19428
11 	 5 	 0.3 	 0.479882 	 0.606463 	 0.954464 	 1.84611 	 1.06686 	 1.14592
11 	 5 	 0.2 	 0.453527 	 0.564888 	 0.749834 	 1.44973 	 0.856775 	 0.928298
11 	 5 	 0.16 	 0.425421 	 0.570294 	 0.688329 	 1.4712 	 0.708812 	 0.94342
13 	 5 	 0.12 	 0.385348 	 0.584801 	 0.658308 	 1.20763 	 0.546038 	 0.795731
13 	 5 	 0.08 	 0.378982 	 0.481947 	 0.657645 	 1.16719 	 0.395211 	 0.666944
13 	 5 	 0.04 	 0.288437 	 0.514034 	 0.702273 	 1.09852 	 0.371032 	 0.658431
13 	 5 	 0.025 	 0.240876    0.543215
13 	 5 	 0.02 	 0.212083 	 0.589253 	 0.764593 	 0.987659 	 0.424342 	 0.620852
13 	 5 	 0.00 	 0.0