time: tau*t_parallel
u = time^{-1/z_h} * x
norm. n_h = n_h(x,tau) / n_h(0,tau) 

time, u, norm. n_h, ln[-ln[norm. n_h]]
12 	 0 	 1 	 -inf 
12 	 0.423122 	 0.428126 	 -0.164477 
12 	 0.846243 	 0.26801 	 0.275152 
12 	 1.26936 	 0.2065 	 0.455811 
12 	 1.69249 	 0.134083 	 0.697786 
12 	 2.11561 	 0.0854207 	 0.900229 
12 	 2.53873 	 0.0515798 	 1.08675 
12 	 2.96185 	 0.032438 	 1.2321 
12 	 3.38497 	 0.018749 	 1.38043 
12 	 3.80809 	 0.0102418 	 1.52198 
12 	 4.23122 	 0.00517635 	 1.66083 
12 	 4.65434 	 0.00280469 	 1.77096 
12.1 	 0 	 1 	 -inf 
12.1 	 0.421908 	 0.433403 	 -0.179021 
12.1 	 0.843816 	 0.270502 	 0.268097 
12.1 	 1.26572 	 0.208322 	 0.450229 
12.1 	 1.68763 	 0.135121 	 0.693941 
12.1 	 2.10954 	 0.086289 	 0.89611 
12.1 	 2.53145 	 0.0522646 	 1.08229 
12.1 	 2.95336 	 0.0328575 	 1.22835 
12.1 	 3.37526 	 0.019095 	 1.37582 
12.1 	 3.79717 	 0.0104089 	 1.51844 
12.1 	 4.21908 	 0.00527581 	 1.6572 
12.1 	 4.64099 	 0.00287708 	 1.76661 
12.2 	 0 	 1 	 -inf 
12.2 	 0.420708 	 0.439595 	 -0.196136 
12.2 	 0.841415 	 0.273007 	 0.261024 
12.2 	 1.26212 	 0.21001 	 0.445072 
12.2 	 1.68283 	 0.136234 	 0.689833 
12.2 	 2.10354 	 0.0872121 	 0.891757 
12.2 	 2.52425 	 0.0529854 	 1.07764 
12.2 	 2.94495 	 0.0332959 	 1.22446 
12.2 	 3.36566 	 0.0194398 	 1.37129 
12.2 	 3.78637 	 0.0105887 	 1.51468 
12.2 	 4.20708 	 0.00537958 	 1.65348 
12.2 	 4.62778 	 0.00295218 	 1.7622 
12.3 	 0 	 1 	 -inf 
12.3 	 0.419521 	 0.446421 	 -0.215059 
12.3 	 0.839041 	 0.275537 	 0.253891 
12.3 	 1.25856 	 0.211529 	 0.440441 
12.3 	 1.67808 	 0.1374 	 0.685549 
12.3 	 2.0976 	 0.0881689 	 0.887274 
12.3 	 2.51712 	 0.0537333 	 1.07286 
12.3 	 2.93664 	 0.0337508 	 1.22046 
12.3 	 3.35617 	 0.0197795 	 1.36688 
12.3 	 3.77569 	 0.01078 	 1.51074 
12.3 	 4.19521 	 0.00548741 	 1.64968 
12.3 	 4.61473 	 0.00302934 	 1.75776 
12.4 	 0 	 1 	 -inf 
12.4 	 0.418347 	 0.453508 	 -0.234783 
12.4 	 0.836693 	 0.278148 	 0.246549 
12.4 	 1.25504 	 0.212862 	 0.43639 
12.4 	 1.67339 	 0.138589 	 0.681197 
12.4 	 2.09173 	 0.0891383 	 0.882761 
12.4 	 2.51008 	 0.0544971 	 1.06802 
12.4 	 2.92843 	 0.0342182 	 1.21639 
12.4 	 3.34677 	 0.020111 	 1.36264 
12.4 	 3.76512 	 0.0109805 	 1.50666 
12.4 	 4.18347 	 0.0055988 	 1.64581 
12.4 	 4.60181 	 0.00310773 	 1.75334 
12.5 	 0 	 1 	 -inf 
12.5 	 0.417185 	 0.460471 	 -0.25424 
12.5 	 0.83437 	 0.280918 	 0.238776 
12.5 	 1.25156 	 0.214014 	 0.432895 
12.5 	 1.66874 	 0.13977 	 0.676894 
12.5 	 2.08593 	 0.0901031 	 0.878298 
12.5 	 2.50311 	 0.0552646 	 1.0632 
12.5 	 2.9203 	 0.0346939 	 1.2123 
12.5 	 3.33748 	 0.0204327 	 1.35857 
12.5 	 3.75467 	 0.0111872 	 1.50252 
12.5 	 4.17185 	 0.00571313 	 1.6419 
12.5 	 4.58904 	 0.0031867 	 1.74899 
12.6 	 0 	 1 	 -inf 
12.6 	 0.416036 	 0.466992 	 -0.272539 
12.6 	 0.832072 	 0.283926 	 0.230351 
12.6 	 1.24811 	 0.215022 	 0.429841 
12.6 	 1.66414 	 0.140912 	 0.672749 
12.6 	 2.08018 	 0.0910531 	 0.873931 
12.6 	 2.49622 	 0.0560251 	 1.05847 
12.6 	 2.91225 	 0.035175 	 1.20819 
12.6 	 3.32829 	 0.0207449 	 1.35466 
12.6 	 3.74432 	 0.0113974 	 1.49836 
12.6 	 4.16036 	 0.0058299 	 1.63798 
12.6 	 4.5764 	 0.00326563 	 1.74472 
12.7 	 0 	 1 	 -inf 
12.7 	 0.414899 	 0.472884 	 -0.289144 
12.7 	 0.829798 	 0.28723 	 0.221119 
12.7 	 1.2447 	 0.215952 	 0.42703 
12.7 	 1.6596 	 0.141992 	 0.668846 
12.7 	 2.0745 	 0.0919862 	 0.869667 
12.7 	 2.4894 	 0.0567713 	 1.05387 
12.7 	 2.90429 	 0.0356599 	 1.20409 
12.7 	 3.31919 	 0.0210494 	 1.3509 
12.7 	 3.73409 	 0.0116088 	 1.49425 
12.7 	 4.14899 	 0.00594881 	 1.63405 
12.7 	 4.56389 	 0.00334422 	 1.74056 
12.8 	 0 	 1 	 -inf 
12.8 	 0.413774 	 0.478119 	 -0.303952 
12.8 	 0.827549 	 0.290847 	 0.211037 
12.8 	 1.24132 	 0.216888 	 0.424206 
12.8 	 1.6551 	 0.142993 	 0.66524 
12.8 	 2.06887 	 0.0929071 	 0.865484 
12.8 	 2.48265 	 0.0575 	 1.04941 
12.8 	 2.89642 	 0.0361496 	 1.19999 
12.8 	 3.3102 	 0.0213497 	 1.34722 
12.8 	 3.72397 	 0.0118199 	 1.4902 
12.8 	 4.13774 	 0.00606989 	 1.63011 
12.8 	 4.55152 	 0.00342242 	 1.73649 
12.9 	 0 	 1 	 -inf 
12.9 	 0.412661 	 0.482786 	 -0.317204 
12.9 	 0.825323 	 0.294742 	 0.200205 
12.9 	 1.23798 	 0.217913 	 0.421116 
12.9 	 1.65065 	 0.143908 	 0.661958 
12.9 	 2.06331 	 0.0938235 	 0.861345 
12.9 	 2.47597 	 0.0582112 	 1.0451 
12.9 	 2.88863 	 0.036646 	 1.19588 
12.9 	 3.30129 	 0.0216494 	 1.34359 
12.9 	 3.71395 	 0.0120298 	 1.48622 
12.9 	 4.12661 	 0.00619329 	 1.62616 
12.9 	 4.53928 	 0.00350032 	 1.73252 
13 	 0 	 1 	 -inf 
13 	 0.41156 	 0.48702 	 -0.329268 
13 	 0.82312 	 0.298836 	 0.188852 
13 	 1.23468 	 0.21909 	 0.417575 
13 	 1.64624 	 0.14473 	 0.659013 
13 	 2.0578 	 0.0947409 	 0.857224 
13 	 2.46936 	 0.058906 	 1.04092 
13 	 2.88092 	 0.0371508 	 1.19173 
13 	 3.29248 	 0.0219516 	 1.33997 
13 	 3.70404 	 0.0122382 	 1.48233 
13 	 4.1156 	 0.00631902 	 1.62219 
13 	 4.52716 	 0.00357807 	 1.72863 
13.1 	 0 	 1 	 -inf 
13.1 	 0.41047 	 0.490902 	 -0.340364 
13.1 	 0.820939 	 0.303007 	 0.177307 
13.1 	 1.23141 	 0.220438 	 0.413524 
13.1 	 1.64188 	 0.145457 	 0.65642 
13.1 	 2.05235 	 0.095657 	 0.853132 
13.1 	 2.46282 	 0.0595832 	 1.03687 
13.1 	 2.87329 	 0.0376638 	 1.18756 
13.1 	 3.28376 	 0.0222567 	 1.33635 
13.1 	 3.69423 	 0.0124444 	 1.47853 
13.1 	 4.1047 	 0.00644657 	 1.61824 
13.1 	 4.51517 	 0.00365567 	 1.72481 
13.2 	 0 	 1 	 -inf 
13.2 	 0.409391 	 0.494377 	 -0.350327 
13.2 	 0.818781 	 0.307116 	 0.165962 
13.2 	 1.22817 	 0.221928 	 0.40906 
13.2 	 1.63756 	 0.146078 	 0.654204 
13.2 	 2.04695 	 0.0965577 	 0.849131 
13.2 	 2.45634 	 0.0602369 	 1.033 
13.2 	 2.86574 	 0.0381811 	 1.18339 
13.2 	 3.27513 	 0.0225624 	 1.33275 
13.2 	 3.68452 	 0.0126466 	 1.47485 
13.2 	 4.09391 	 0.00657468 	 1.61433 
13.2 	 4.5033 	 0.00373281 	 1.72109 
13.3 	 0 	 1 	 -inf 
13.3 	 0.408323 	 0.497219 	 -0.358499 
13.3 	 0.816645 	 0.311012 	 0.155226 
13.3 	 1.22497 	 0.223477 	 0.404429 
13.3 	 1.63329 	 0.146582 	 0.652413 
13.3 	 2.04161 	 0.0974162 	 0.845337 
13.3 	 2.44994 	 0.060856 	 1.02935 
13.3 	 2.85826 	 0.0386947 	 1.17929 
13.3 	 3.26658 	 0.022863 	 1.32926 
13.3 	 3.6749 	 0.0128422 	 1.47133 
13.3 	 4.08323 	 0.00670126 	 1.61053 
13.3 	 4.49155 	 0.00380885 	 1.71747 
13.4 	 0 	 1 	 -inf 
13.4 	 0.407265 	 0.499064 	 -0.363814 
13.4 	 0.814531 	 0.31455 	 0.145497 
13.4 	 1.2218 	 0.22497 	 0.399975 
13.4 	 1.62906 	 0.146951 	 0.651102 
13.4 	 2.03633 	 0.0981961 	 0.841907 
13.4 	 2.44359 	 0.0614251 	 1.02602 
13.4 	 2.85086 	 0.039193 	 1.17534 
13.4 	 3.25812 	 0.0231505 	 1.32594 
13.4 	 3.66539 	 0.0130277 	 1.46803 
13.4 	 4.07265 	 0.00682363 	 1.60691 
13.4 	 4.47992 	 0.00388276 	 1.71402 
13.5 	 0 	 1 	 -inf 
13.5 	 0.406219 	 0.499498 	 -0.365064 
13.5 	 0.812437 	 0.317595 	 0.137132 
13.5 	 1.21866 	 0.226281 	 0.396072 
13.5 	 1.62487 	 0.147172 	 0.650318 
13.5 	 2.03109 	 0.0988585 	 0.839006 
13.5 	 2.43731 	 0.0619275 	 1.0231 
13.5 	 2.84353 	 0.0396623 	 1.17166 
13.5 	 3.24975 	 0.023416 	 1.32291 
13.5 	 3.65597 	 0.0131993 	 1.46501 
13.5 	 4.06219 	 0.006939 	 1.60354 
13.5 	 4.4684 	 0.00395337 	 1.71076 
13.6 	 0 	 1 	 -inf 
13.6 	 0.405182 	 0.498188 	 -0.361289 
13.6 	 0.810365 	 0.320036 	 0.130434 
13.6 	 1.21555 	 0.227302 	 0.39304 
13.6 	 1.62073 	 0.147242 	 0.65007 
13.6 	 2.02591 	 0.0993702 	 0.836772 
13.6 	 2.43109 	 0.0623499 	 1.02065 
13.6 	 2.83628 	 0.0400903 	 1.16833 
13.6 	 3.24146 	 0.0236519 	 1.32024 
13.6 	 3.64664 	 0.0133538 	 1.46232 
13.6 	 4.05182 	 0.00704507 	 1.60048 
13.6 	 4.45701 	 0.00401964 	 1.70776 
13.7 	 0 	 1 	 -inf 
13.7 	 0.404156 	 0.495015 	 -0.352159 
13.7 	 0.808312 	 0.321789 	 0.125628 
13.7 	 1.21247 	 0.227963 	 0.391076 
13.7 	 1.61662 	 0.147178 	 0.650299 
13.7 	 2.02078 	 0.0997139 	 0.835276 
13.7 	 2.42494 	 0.0626868 	 1.0187 
13.7 	 2.82909 	 0.0404685 	 1.16541 
13.7 	 3.23325 	 0.023854 	 1.31796 
13.7 	 3.63741 	 0.01349 	 1.45996 
13.7 	 4.04156 	 0.00714063 	 1.59776 
13.7 	 4.44572 	 0.00408101 	 1.705 
13.8 	 0 	 1 	 -inf 
13.8 	 0.40314 	 0.490146 	 -0.338201 
13.8 	 0.80628 	 0.322802 	 0.12285 
13.8 	 1.20942 	 0.228253 	 0.390217 
13.8 	 1.61256 	 0.147018 	 0.650867 
13.8 	 2.0157 	 0.0998932 	 0.834496 
13.8 	 2.41884 	 0.0629428 	 1.01723 
13.8 	 2.82198 	 0.0407949 	 1.1629 
13.8 	 3.22512 	 0.0240231 	 1.31607 
13.8 	 3.62826 	 0.013609 	 1.45792 
13.8 	 4.0314 	 0.00722592 	 1.59536 
13.8 	 4.43454 	 0.00413773 	 1.70249 
13.9 	 0 	 1 	 -inf 
13.9 	 0.402134 	 0.484043 	 -0.320782 
13.9 	 0.804268 	 0.323062 	 0.12214 
13.9 	 1.2064 	 0.228211 	 0.390341 
13.9 	 1.60854 	 0.146821 	 0.651563 
13.9 	 2.01067 	 0.0999338 	 0.83432 
13.9 	 2.4128 	 0.0631334 	 1.01614 
13.9 	 2.81494 	 0.0410741 	 1.16077 
13.9 	 3.21707 	 0.0241647 	 1.31449 
13.9 	 3.6192 	 0.0137145 	 1.45612 
13.9 	 4.02134 	 0.00730258 	 1.59321 
13.9 	 4.42347 	 0.00419089 	 1.70016 
14 	 0 	 1 	 -inf 
14 	 0.401137 	 0.477376 	 -0.301848 
14 	 0.802275 	 0.322586 	 0.123444 
14 	 1.20341 	 0.227917 	 0.391213 
14 	 1.60455 	 0.146659 	 0.652139 
14 	 2.00569 	 0.0998788 	 0.834559 
14 	 2.40682 	 0.0632822 	 1.01529 
14 	 2.80796 	 0.0413166 	 1.15892 
14 	 3.2091 	 0.0242882 	 1.31312 
14 	 3.61024 	 0.0138121 	 1.45447 
14 	 4.01137 	 0.00737337 	 1.59125 
14 	 4.41251 	 0.00424229 	 1.69793 
14.1 	 0 	 1 	 -inf 
14.1 	 0.40015 	 0.470888 	 -0.283509 
14.1 	 0.800301 	 0.321425 	 0.126624 
14.1 	 1.20045 	 0.227467 	 0.392549 
14.1 	 1.6006 	 0.1466 	 0.65235 
14.1 	 2.00075 	 0.0997808 	 0.834985 
14.1 	 2.4009 	 0.0634157 	 1.01452 
14.1 	 2.80105 	 0.0415358 	 1.15726 
14.1 	 3.2012 	 0.0244046 	 1.31184 
14.1 	 3.60135 	 0.0139087 	 1.45284 
14.1 	 4.0015 	 0.00744155 	 1.58937 
14.1 	 4.40165 	 0.0042941 	 1.69571 
14.2 	 0 	 1 	 -inf 
14.2 	 0.399173 	 0.465233 	 -0.267595 
14.2 	 0.798345 	 0.319655 	 0.131478 
14.2 	 1.19752 	 0.226947 	 0.394094 
14.2 	 1.59669 	 0.146694 	 0.652017 
14.2 	 1.99586 	 0.0996916 	 0.835373 
14.2 	 2.39504 	 0.063558 	 1.01371 
14.2 	 2.79421 	 0.0417445 	 1.15568 
14.2 	 3.19338 	 0.0245247 	 1.31051 
14.2 	 3.59255 	 0.0140105 	 1.45113 
14.2 	 3.99173 	 0.00751024 	 1.5875 
14.2 	 4.3909 	 0.00434833 	 1.6934 
14.3 	 0 	 1 	 -inf 
14.3 	 0.398204 	 0.460847 	 -0.255292 
14.3 	 0.796408 	 0.317367 	 0.137757 
14.3 	 1.19461 	 0.226416 	 0.395672 
14.3 	 1.59282 	 0.146963 	 0.651059 
14.3 	 1.99102 	 0.0996538 	 0.835537 
14.3 	 2.38923 	 0.0637252 	 1.01276 
14.3 	 2.78743 	 0.0419513 	 1.15412 
14.3 	 3.18563 	 0.0246567 	 1.30906 
14.3 	 3.58384 	 0.0141222 	 1.44927 
14.3 	 3.98204 	 0.00758182 	 1.58556 
14.3 	 4.38025 	 0.00440646 	 1.69096 
14.4 	 0 	 1 	 -inf 
14.4 	 0.397245 	 0.457864 	 -0.246945 
14.4 	 0.79449 	 0.314661 	 0.14519 
14.4 	 1.19173 	 0.225896 	 0.397218 
14.4 	 1.58898 	 0.147396 	 0.649527 
14.4 	 1.98622 	 0.0996944 	 0.835361 
14.4 	 2.38347 	 0.0639228 	 1.01163 
14.4 	 2.78071 	 0.0421591 	 1.15257 
14.4 	 3.17796 	 0.0248048 	 1.30745 
14.4 	 3.5752 	 0.0142456 	 1.44723 
14.4 	 3.97245 	 0.00765753 	 1.58352 
14.4 	 4.36969 	 0.0044691 	 1.68835 
14.5 	 0 	 1 	 -inf 
14.5 	 0.396294 	 0.456104 	 -0.242028 
14.5 	 0.792589 	 0.311642 	 0.153494 
14.5 	 1.18888 	 0.225375 	 0.398769 
14.5 	 1.58518 	 0.147942 	 0.647593 
14.5 	 1.98147 	 0.0998224 	 0.834804 
14.5 	 2.37777 	 0.0641452 	 1.01037 
14.5 	 2.77406 	 0.0423642 	 1.15103 
14.5 	 3.17036 	 0.0249691 	 1.30566 
14.5 	 3.56665 	 0.01438 	 1.44501 
14.5 	 3.96294 	 0.00773735 	 1.58139 
14.5 	 4.35924 	 0.00453586 	 1.68561 
14.6 	 0 	 1 	 -inf 
14.6 	 0.395353 	 0.45513 	 -0.239308 
14.6 	 0.790706 	 0.308413 	 0.162388 
14.6 	 1.18606 	 0.224817 	 0.400432 
14.6 	 1.58141 	 0.148526 	 0.645528 
14.6 	 1.97676 	 0.10003 	 0.833904 
14.6 	 2.37212 	 0.0643779 	 1.00905 
14.6 	 2.76747 	 0.0425579 	 1.14959 
14.6 	 3.16282 	 0.0251457 	 1.30375 
14.6 	 3.55818 	 0.0145221 	 1.44269 
14.6 	 3.95353 	 0.00782015 	 1.5792 
14.6 	 4.34888 	 0.00460546 	 1.68278 
14.7 	 0 	 1 	 -inf 
14.7 	 0.39442 	 0.454358 	 -0.237153 
14.7 	 0.78884 	 0.305079 	 0.171585 
14.7 	 1.18326 	 0.22418 	 0.40233 
14.7 	 1.57768 	 0.14906 	 0.643644 
14.7 	 1.9721 	 0.100296 	 0.832749 
14.7 	 2.36652 	 0.0646017 	 1.00778 
14.7 	 2.76094 	 0.0427288 	 1.14832 
14.7 	 3.15536 	 0.0253283 	 1.30178 
14.7 	 3.54978 	 0.0146668 	 1.44035 
14.7 	 3.9442 	 0.00790411 	 1.57699 
14.7 	 4.33862 	 0.00467605 	 1.67995 
14.8 	 0 	 1 	 -inf 
14.8 	 0.393495 	 0.453206 	 -0.23394 
14.8 	 0.786991 	 0.301747 	 0.180793 
14.8 	 1.18049 	 0.22344 	 0.404539 
14.8 	 1.57398 	 0.149462 	 0.642228 
14.8 	 1.96748 	 0.100595 	 0.831451 
14.8 	 2.36097 	 0.0647989 	 1.00667 
14.8 	 2.75447 	 0.0428673 	 1.14729 
14.8 	 3.14796 	 0.0255104 	 1.29983 
14.8 	 3.54146 	 0.0148088 	 1.43806 
14.8 	 3.93495 	 0.00798735 	 1.57483 
14.8 	 4.32845 	 0.00474577 	 1.67719 
14.9 	 0 	 1 	 -inf 
14.9 	 0.392579 	 0.451245 	 -0.228476 
14.9 	 0.785159 	 0.298531 	 0.189696 
14.9 	 1.17774 	 0.222604 	 0.407039 
14.9 	 1.57032 	 0.149675 	 0.64148 
14.9 	 1.9629 	 0.100907 	 0.830103 
14.9 	 2.35548 	 0.0649585 	 1.00577 
14.9 	 2.74806 	 0.042969 	 1.14654 
14.9 	 3.14063 	 0.0256872 	 1.29794 
14.9 	 3.53321 	 0.0149438 	 1.43591 
14.9 	 3.92579 	 0.00806861 	 1.57273 
14.9 	 4.31837 	 0.00481317 	 1.67455 
15 	 0 	 1 	 -inf 
15 	 0.391671 	 0.448321 	 -0.22034 
15 	 0.783343 	 0.295553 	 0.197954 
15 	 1.17501 	 0.22172 	 0.409684 
15 	 1.56669 	 0.149682 	 0.641457 
15 	 1.95836 	 0.10122 	 0.82875 
15 	 2.35003 	 0.0650814 	 1.00508 
15 	 2.7417 	 0.0430376 	 1.14603 
15 	 3.13337 	 0.0258578 	 1.29614 
15 	 3.52504 	 0.0150702 	 1.4339 
15 	 3.91671 	 0.00814795 	 1.57069 
15 	 4.30839 	 0.00487767 	 1.67205 
15.1 	 0 	 1 	 -inf 
15.1 	 0.390772 	 0.444618 	 -0.210054 
15.1 	 0.781543 	 0.292941 	 0.20521 
15.1 	 1.17232 	 0.22088 	 0.4122 
15.1 	 1.56309 	 0.149513 	 0.642051 
15.1 	 1.95386 	 0.101541 	 0.827367 
15.1 	 2.34463 	 0.0651825 	 1.00451 
15.1 	 2.7354 	 0.0430863 	 1.14567 
15.1 	 3.12617 	 0.0260258 	 1.29436 
15.1 	 3.51695 	 0.0151895 	 1.43202 
15.1 	 3.90772 	 0.00822701 	 1.56869 
15.1 	 4.29849 	 0.00493982 	 1.66967 
15.2 	 0 	 1 	 -inf 
15.2 	 0.38988 	 0.440641 	 -0.199032 
15.2 	 0.77976 	 0.290821 	 0.21111 
15.2 	 1.16964 	 0.220208 	 0.414215 
15.2 	 1.55952 	 0.149244 	 0.642997 
15.2 	 1.9494 	 0.101893 	 0.825855 
15.2 	 2.33928 	 0.0652899 	 1.00391 
15.2 	 2.72916 	 0.0431369 	 1.1453 
15.2 	 3.11904 	 0.0262 	 1.29253 
15.2 	 3.50892 	 0.0153064 	 1.43019 
15.2 	 3.8988 	 0.00830904 	 1.56662 
15.2 	 4.28868 	 0.00500124 	 1.66734 
15.3 	 0 	 1 	 -inf 
15.3 	 0.388996 	 0.437137 	 -0.189335 
15.3 	 0.777992 	 0.289307 	 0.215326 
15.3 	 1.16699 	 0.219842 	 0.415313 
15.3 	 1.55598 	 0.148984 	 0.643912 
15.3 	 1.94498 	 0.10231 	 0.824063 
15.3 	 2.33398 	 0.0654416 	 1.00305 
15.3 	 2.72297 	 0.0432169 	 1.14471 
15.3 	 3.11197 	 0.0263925 	 1.29052 
15.3 	 3.50096 	 0.0154285 	 1.42829 
15.3 	 3.88996 	 0.0083984 	 1.56438 
15.3 	 4.27896 	 0.00506441 	 1.66497 
15.4 	 0 	 1 	 -inf 
15.4 	 0.38812 	 0.434947 	 -0.183286 
15.4 	 0.77624 	 0.288497 	 0.217585 
15.4 	 1.16436 	 0.219912 	 0.415102 
15.4 	 1.55248 	 0.148858 	 0.644358 
15.4 	 1.9406 	 0.102836 	 0.821814 
15.4 	 2.32872 	 0.0656787 	 1.00173 
15.4 	 2.71684 	 0.0433556 	 1.14369 
15.4 	 3.10496 	 0.0266174 	 1.28818 
15.4 	 3.49308 	 0.0155648 	 1.42617 
15.4 	 3.8812 	 0.00849991 	 1.56186 
15.4 	 4.26932 	 0.00513231 	 1.66245 
15.5 	 0 	 1 	 -inf 
15.5 	 0.387251 	 0.43486 	 -0.183044 
15.5 	 0.774503 	 0.288459 	 0.21769 
15.5 	 1.16175 	 0.220519 	 0.413281 
15.5 	 1.54901 	 0.148984 	 0.643912 
15.5 	 1.93626 	 0.103508 	 0.818946 
15.5 	 2.32351 	 0.0660393 	 0.999714 
15.5 	 2.71076 	 0.0435794 	 1.14205 
15.5 	 3.09801 	 0.0268879 	 1.28539 
15.5 	 3.48526 	 0.0157243 	 1.42372 
15.5 	 3.87251 	 0.00861798 	 1.55897 
15.5 	 4.25976 	 0.00520788 	 1.65967 
15.6 	 0 	 1 	 -inf 
15.6 	 0.38639 	 0.437461 	 -0.190231 
15.6 	 0.772781 	 0.289233 	 0.215534 
15.6 	 1.15917 	 0.221717 	 0.409691 
15.6 	 1.54556 	 0.149461 	 0.642234 
15.6 	 1.93195 	 0.104356 	 0.815341 
15.6 	 2.31834 	 0.0665514 	 0.996868 
15.6 	 2.70473 	 0.0439084 	 1.13964 
15.6 	 3.09112 	 0.0272142 	 1.28205 
15.6 	 3.47751 	 0.0159143 	 1.42083 
15.6 	 3.8639 	 0.00875596 	 1.55562 
15.6 	 4.25029 	 0.00529359 	 1.65656 
15.7 	 0 	 1 	 -inf 
15.7 	 0.385537 	 0.443034 	 -0.205661 
15.7 	 0.771073 	 0.290816 	 0.211123 
15.7 	 1.15661 	 0.223503 	 0.404351 
15.7 	 1.54215 	 0.150346 	 0.639122 
15.7 	 1.92768 	 0.105393 	 0.810955 
15.7 	 2.31322 	 0.067228 	 0.993128 
15.7 	 2.69876 	 0.0443533 	 1.13641 
15.7 	 3.08429 	 0.0276014 	 1.27812 
15.7 	 3.46983 	 0.0161388 	 1.41744 
15.7 	 3.85537 	 0.00891549 	 1.5518 
15.7 	 4.2409 	 0.00539101 	 1.65308 
15.8 	 0 	 1 	 -inf 
15.8 	 0.38469 	 0.451501 	 -0.22919 
15.8 	 0.769381 	 0.293165 	 0.204587 
15.8 	 1.15407 	 0.225816 	 0.397457 
15.8 	 1.53876 	 0.151652 	 0.634545 
15.8 	 1.92345 	 0.106612 	 0.805832 
15.8 	 2.30814 	 0.0680649 	 0.988535 
15.8 	 2.69283 	 0.0449137 	 1.13237 
15.8 	 3.07752 	 0.0280482 	 1.27364 
15.8 	 3.46221 	 0.0163984 	 1.41356 
15.8 	 3.8469 	 0.00909608 	 1.54754 
15.8 	 4.23159 	 0.00550057 	 1.64922 
15.9 	 0 	 1 	 -inf 
15.9 	 0.383851 	 0.462421 	 -0.259704 
15.9 	 0.767702 	 0.296184 	 0.196204 
15.9 	 1.15155 	 0.228538 	 0.389371 
15.9 	 1.5354 	 0.153343 	 0.628652 
15.9 	 1.91926 	 0.107984 	 0.800104 
15.9 	 2.30311 	 0.0690395 	 0.98323 
15.9 	 2.68696 	 0.0455778 	 1.12763 
15.9 	 3.07081 	 0.0285465 	 1.2687 
15.9 	 3.45466 	 0.0166893 	 1.40927 
15.9 	 3.83851 	 0.00929502 	 1.54293 
15.9 	 4.22236 	 0.00562138 	 1.64503 
16 	 0 	 1 	 -inf 
16 	 0.383019 	 0.475034 	 -0.295219 
16 	 0.766038 	 0.299721 	 0.186399 
16 	 1.14906 	 0.23151 	 0.38058 
16 	 1.53208 	 0.155331 	 0.621756 
16 	 1.9151 	 0.10946 	 0.793985 
16 	 2.29811 	 0.0701137 	 0.977438 
16 	 2.68113 	 0.0463228 	 1.12237 
16 	 3.06415 	 0.0290817 	 1.26346 
16 	 3.44717 	 0.0170042 	 1.4047 
16 	 3.83019 	 0.00950754 	 1.53809 
16 	 4.21321 	 0.00575126 	 1.64061 
16.1 	 0 	 1 	 -inf 
16.1 	 0.382194 	 0.48836 	 -0.333095 
16.1 	 0.764388 	 0.303576 	 0.175737 
16.1 	 1.14658 	 0.234542 	 0.371647 
16.1 	 1.52878 	 0.157496 	 0.614296 
16.1 	 1.91097 	 0.110976 	 0.787747 
16.1 	 2.29316 	 0.0712375 	 0.971436 
16.1 	 2.67536 	 0.0471173 	 1.11682 
16.1 	 3.05755 	 0.029634 	 1.25813 
16.1 	 3.43975 	 0.0173326 	 1.39999 
16.1 	 3.82194 	 0.00972725 	 1.53317 
16.1 	 4.20413 	 0.0058869 	 1.63608 
16.2 	 0 	 1 	 -inf 
16.2 	 0.381376 	 0.501325 	 -0.370339 
16.2 	 0.762751 	 0.307507 	 0.164885 
16.2 	 1.14413 	 0.237438 	 0.363149 
16.2 	 1.5255 	 0.159692 	 0.606777 
16.2 	 1.90688 	 0.112461 	 0.781683 
16.2 	 2.28825 	 0.0723554 	 0.965525 
16.2 	 2.66963 	 0.0479248 	 1.11124 
16.2 	 3.05101 	 0.030181 	 1.25292 
16.2 	 3.43238 	 0.0176625 	 1.39533 
16.2 	 3.81376 	 0.00994688 	 1.52834 
16.2 	 4.19513 	 0.00602421 	 1.63158 
16.3 	 0 	 1 	 -inf 
16.3 	 0.380564 	 0.512907 	 -0.403976 
16.3 	 0.761128 	 0.311257 	 0.154554 
16.3 	 1.14169 	 0.240015 	 0.355611 
16.3 	 1.52226 	 0.161769 	 0.599706 
16.3 	 1.90282 	 0.113843 	 0.77608 
16.3 	 2.28339 	 0.0734129 	 0.959985 
16.3 	 2.66395 	 0.0487076 	 1.10589 
16.3 	 3.04451 	 0.0307002 	 1.24803 
16.3 	 3.42508 	 0.0179818 	 1.39088 
16.3 	 3.80564 	 0.0101591 	 1.52375 
16.3 	 4.18621 	 0.00615887 	 1.62725 
16.4 	 0 	 1 	 -inf 
16.4 	 0.379759 	 0.522263 	 -0.431422 
16.4 	 0.759519 	 0.314578 	 0.145418 
16.4 	 1.13928 	 0.242126 	 0.349457 
16.4 	 1.51904 	 0.163593 	 0.593532 
16.4 	 1.8988 	 0.115058 	 0.77118 
16.4 	 2.27856 	 0.0743629 	 0.955049 
16.4 	 2.65832 	 0.0494318 	 1.101 
16.4 	 3.03808 	 0.031172 	 1.24365 
16.4 	 3.41783 	 0.0182798 	 1.38678 
16.4 	 3.79759 	 0.0103573 	 1.51953 
16.4 	 4.17735 	 0.00628688 	 1.6232 
16.5 	 0 	 1 	 -inf 
16.5 	 0.378961 	 0.528806 	 -0.450776 
16.5 	 0.757922 	 0.317266 	 0.138035 
16.5 	 1.13688 	 0.243668 	 0.34497 
16.5 	 1.51584 	 0.165059 	 0.588592 
16.5 	 1.89481 	 0.11606 	 0.767161 
16.5 	 2.27377 	 0.0751707 	 0.950883 
16.5 	 2.65273 	 0.0500704 	 1.09672 
16.5 	 3.03169 	 0.0315816 	 1.23987 
16.5 	 3.41065 	 0.0185483 	 1.38313 
16.5 	 3.78961 	 0.0105364 	 1.51577 
16.5 	 4.16857 	 0.00640509 	 1.61952 
16.6 	 0 	 1 	 -inf 
16.6 	 0.378169 	 0.532237 	 -0.460978 
16.6 	 0.756339 	 0.319184 	 0.13277 
16.6 	 1.13451 	 0.244593 	 0.342283 
16.6 	 1.51268 	 0.166102 	 0.585091 
16.6 	 1.89085 	 0.116819 	 0.764131 
16.6 	 2.26902 	 0.0758162 	 0.947574 
16.6 	 2.64719 	 0.0506056 	 1.09316 
16.6 	 3.02536 	 0.0319202 	 1.23678 
16.6 	 3.40352 	 0.0187825 	 1.37998 
16.6 	 3.78169 	 0.0106931 	 1.51252 
16.6 	 4.15986 	 0.00651148 	 1.61625 
16.7 	 0 	 1 	 -inf 
16.7 	 0.377384 	 0.532511 	 -0.461794 
16.7 	 0.754768 	 0.32028 	 0.129765 
16.7 	 1.13215 	 0.2449 	 0.341391 
16.7 	 1.50954 	 0.166697 	 0.583096 
16.7 	 1.88692 	 0.117323 	 0.762125 
16.7 	 2.2643 	 0.0762931 	 0.94514 
16.7 	 2.64169 	 0.051029 	 1.09037 
16.7 	 3.01907 	 0.0321851 	 1.23438 
16.7 	 3.39646 	 0.0189803 	 1.37734 
16.7 	 3.77384 	 0.0108262 	 1.50979 
16.7 	 4.15123 	 0.00660515 	 1.61341 
16.8 	 0 	 1 	 -inf 
16.8 	 0.376605 	 0.529783 	 -0.453678 
16.8 	 0.75321 	 0.320581 	 0.128938 
16.8 	 1.12982 	 0.244629 	 0.34218 
16.8 	 1.50642 	 0.16686 	 0.58255 
16.8 	 1.88303 	 0.117576 	 0.76112 
16.8 	 2.25963 	 0.0766068 	 0.943544 
16.8 	 2.63624 	 0.0513402 	 1.08832 
16.8 	 3.01284 	 0.0323792 	 1.23263 
16.8 	 3.38945 	 0.0191424 	 1.3752 
16.8 	 3.76605 	 0.0109362 	 1.50756 
16.8 	 4.14266 	 0.00668618 	 1.61098 
16.9 	 0 	 1 	 -inf 
16.9 	 0.375832 	 0.524354 	 -0.437593 
16.9 	 0.751664 	 0.32018 	 0.130039 
16.9 	 1.1275 	 0.243849 	 0.344444 
16.9 	 1.50333 	 0.166638 	 0.583296 
16.9 	 1.87916 	 0.117595 	 0.761044 
16.9 	 2.25499 	 0.0767709 	 0.94271 
16.9 	 2.63083 	 0.051546 	 1.08697 
16.9 	 3.00666 	 0.0325097 	 1.23146 
16.9 	 3.38249 	 0.0192714 	 1.3735 
16.9 	 3.75832 	 0.011025 	 1.50576 
16.9 	 4.13415 	 0.00675541 	 1.60892 
17 	 0 	 1 	 -inf 
17 	 0.375066 	 0.516626 	 -0.414856 
17 	 0.750131 	 0.319201 	 0.132724 
17 	 1.1252 	 0.242655 	 0.347917 
17 	 1.50026 	 0.166097 	 0.585108 
17 	 1.87533 	 0.11741 	 0.761778 
17 	 2.25039 	 0.0768047 	 0.942539 
17 	 2.62546 	 0.051658 	 1.08624 
17 	 3.00052 	 0.0325866 	 1.23077 
17 	 3.37559 	 0.0193714 	 1.37219 
17 	 3.75066 	 0.0110959 	 1.50434 
17 	 4.12572 	 0.00681424 	 1.60718 
17.1 	 0 	 1 	 -inf 
17.1 	 0.374305 	 0.50709 	 -0.387036 
17.1 	 0.74861 	 0.317779 	 0.136626 
17.1 	 1.12291 	 0.241158 	 0.352278 
17.1 	 1.49722 	 0.165319 	 0.587719 
17.1 	 1.87152 	 0.117061 	 0.763169 
17.1 	 2.24583 	 0.0767315 	 0.94291 
17.1 	 2.62013 	 0.0516918 	 1.08602 
17.1 	 2.99444 	 0.0326221 	 1.23045 
17.1 	 3.36874 	 0.0194479 	 1.37118 
17.1 	 3.74305 	 0.0111526 	 1.50321 
17.1 	 4.11735 	 0.00686445 	 1.60571 
17.2 	 0 	 1 	 -inf 
17.2 	 0.37355 	 0.496315 	 -0.355898 
17.2 	 0.7471 	 0.316034 	 0.141418 
17.2 	 1.12065 	 0.23948 	 0.357175 
17.2 	 1.4942 	 0.164393 	 0.590835 
17.2 	 1.86775 	 0.116593 	 0.765032 
17.2 	 2.2413 	 0.0765781 	 0.943689 
17.2 	 2.61485 	 0.0516659 	 1.08619 
17.2 	 2.9884 	 0.0326298 	 1.23038 
17.2 	 3.36195 	 0.0195079 	 1.3704 
17.2 	 3.7355 	 0.0111995 	 1.50227 
17.2 	 4.10905 	 0.00690818 	 1.60444 
17.3 	 0 	 1 	 -inf 
17.3 	 0.372801 	 0.484947 	 -0.323356 
17.3 	 0.745603 	 0.314067 	 0.146823 
17.3 	 1.1184 	 0.237749 	 0.362237 
17.3 	 1.49121 	 0.163407 	 0.594161 
17.3 	 1.86401 	 0.116062 	 0.767153 
17.3 	 2.23681 	 0.0763748 	 0.944724 
17.3 	 2.60961 	 0.0516013 	 1.08661 
17.3 	 2.98241 	 0.0326241 	 1.23043 
17.3 	 3.35521 	 0.0195591 	 1.36974 
17.3 	 3.72801 	 0.011241 	 1.50145 
17.3 	 4.10082 	 0.00694798 	 1.60328 
17.4 	 0 	 1 	 -inf 
17.4 	 0.372058 	 0.473685 	 -0.291405 
17.4 	 0.744117 	 0.311962 	 0.152613 
17.4 	 1.11618 	 0.236089 	 0.367102 
17.4 	 1.48823 	 0.162445 	 0.597414 
17.4 	 1.86029 	 0.115525 	 0.769305 
17.4 	 2.23235 	 0.0761547 	 0.945845 
17.4 	 2.60441 	 0.0515205 	 1.08714 
17.4 	 2.97647 	 0.0326204 	 1.23046 
17.4 	 3.34853 	 0.0196101 	 1.36907 
17.4 	 3.72058 	 0.0112822 	 1.50063 
17.4 	 4.09264 	 0.00698666 	 1.60216 
17.5 	 0 	 1 	 -inf 
17.5 	 0.371321 	 0.463249 	 -0.262026 
17.5 	 0.742642 	 0.309796 	 0.158576 
17.5 	 1.11396 	 0.23461 	 0.371448 
17.5 	 1.48528 	 0.161584 	 0.600337 
17.5 	 1.85661 	 0.11504 	 0.771255 
17.5 	 2.22793 	 0.0759531 	 0.946874 
17.5 	 2.59925 	 0.0514464 	 1.08762 
17.5 	 2.97057 	 0.0326336 	 1.23035 
17.5 	 3.34189 	 0.0196696 	 1.3683 
17.5 	 3.71321 	 0.0113278 	 1.49973 
17.5 	 4.08453 	 0.00702732 	 1.60099 
17.6 	 0 	 1 	 -inf 
17.6 	 0.37059 	 0.454322 	 -0.237052 
17.6 	 0.741179 	 0.30765 	 0.164492 
17.6 	 1.11177 	 0.233397 	 0.375016 
17.6 	 1.48236 	 0.160885 	 0.602711 
17.6 	 1.85295 	 0.11466 	 0.772784 
17.6 	 2.22354 	 0.0758048 	 0.947632 
17.6 	 2.59413 	 0.0514013 	 1.08792 
17.6 	 2.96472 	 0.0326781 	 1.22995 
17.6 	 3.33531 	 0.0197457 	 1.36732 
17.6 	 3.7059 	 0.0113827 	 1.49865 
17.6 	 4.07649 	 0.00707304 	 1.59968 
17.7 	 0 	 1 	 -inf 
17.7 	 0.369864 	 0.447488 	 -0.218023 
17.7 	 0.739727 	 0.305613 	 0.170111 
17.7 	 1.10959 	 0.232508 	 0.377635 
17.7 	 1.47945 	 0.160397 	 0.604373 
17.7 	 1.84932 	 0.114431 	 0.773705 
17.7 	 2.21918 	 0.0757417 	 0.947955 
17.7 	 2.58904 	 0.0514051 	 1.08789 
17.7 	 2.95891 	 0.0327663 	 1.22916 
17.7 	 3.32877 	 0.0198456 	 1.36603 
17.7 	 3.69864 	 0.0114512 	 1.49731 
17.7 	 4.0685 	 0.00712671 	 1.59816 
17.8 	 0 	 1 	 -inf 
17.8 	 0.369143 	 0.44317 	 -0.206038 
17.8 	 0.738286 	 0.303789 	 0.175149 
17.8 	 1.10743 	 0.231969 	 0.379224 
17.8 	 1.47657 	 0.160148 	 0.60522 
17.8 	 1.84571 	 0.114389 	 0.773876 
17.8 	 2.21486 	 0.0757895 	 0.94771 
17.8 	 2.584 	 0.0514739 	 1.08744 
17.8 	 2.95314 	 0.0329076 	 1.2279 
17.8 	 3.32229 	 0.0199743 	 1.36438 
17.8 	 3.69143 	 0.0115368 	 1.49565 
17.8 	 4.06057 	 0.00719068 	 1.59635 
17.9 	 0 	 1 	 -inf 
17.9 	 0.368428 	 0.441584 	 -0.201644 
17.9 	 0.736856 	 0.302291 	 0.179288 
17.9 	 1.10528 	 0.231775 	 0.379798 
17.9 	 1.47371 	 0.16015 	 0.605213 
17.9 	 1.84214 	 0.114552 	 0.773216 
17.9 	 2.21057 	 0.0759658 	 0.946809 
17.9 	 2.579 	 0.0516185 	 1.0865 
17.9 	 2.94742 	 0.0331078 	 1.22612 
17.9 	 3.31585 	 0.0201349 	 1.36234 
17.9 	 3.68428 	 0.0116418 	 1.49361 
17.9 	 4.05271 	 0.00726653 	 1.59422 
18 	 0 	 1 	 -inf 
18 	 0.367718 	 0.442718 	 -0.204786 
18 	 0.735436 	 0.30124 	 0.182194 
18 	 1.10315 	 0.231896 	 0.379441 
18 	 1.47087 	 0.160397 	 0.604374 
18 	 1.83859 	 0.114927 	 0.771709 
18 	 2.20631 	 0.0762784 	 0.945215 
18 	 2.57403 	 0.0518443 	 1.08502 
18 	 2.94175 	 0.0333683 	 1.22382 
18 	 3.30946 	 0.020328 	 1.35989 
18 	 3.67718 	 0.0117672 	 1.4912 
18 	 4.0449 	 0.007355 	 1.59176 
18.1 	 0 	 1 	 -inf 
18.1 	 0.367014 	 0.446338 	 -0.214829 
18.1 	 0.734027 	 0.300755 	 0.183537 
18.1 	 1.10104 	 0.232286 	 0.378291 
18.1 	 1.46805 	 0.160867 	 0.602774 
18.1 	 1.83507 	 0.115501 	 0.769404 
18.1 	 2.20208 	 0.0767254 	 0.942941 
18.1 	 2.5691 	 0.052151 	 1.08303 
18.1 	 2.93611 	 0.0336862 	 1.22103 
18.1 	 3.30312 	 0.0205519 	 1.35707 
18.1 	 3.67014 	 0.0119127 	 1.48843 
18.1 	 4.03715 	 0.00745586 	 1.58898 
18.2 	 0 	 1 	 -inf 
18.2 	 0.366314 	 0.452027 	 -0.230655 
18.2 	 0.732629 	 0.300941 	 0.183022 
18.2 	 1.09894 	 0.232892 	 0.376504 
18.2 	 1.46526 	 0.161531 	 0.600515 
18.2 	 1.83157 	 0.11625 	 0.766403 
18.2 	 2.19789 	 0.0772964 	 0.94005 
18.2 	 2.5642 	 0.0525338 	 1.08055 
18.2 	 2.93052 	 0.034055 	 1.21781 
18.2 	 3.29683 	 0.0208034 	 1.35394 
18.2 	 3.66314 	 0.0120765 	 1.48535 
18.2 	 4.02946 	 0.0075681 	 1.58593 
18.3 	 0 	 1 	 -inf 
18.3 	 0.36562 	 0.459253 	 -0.250831 
18.3 	 0.731241 	 0.301884 	 0.180413 
18.3 	 1.09686 	 0.233664 	 0.374231 
18.3 	 1.46248 	 0.162357 	 0.597713 
18.3 	 1.8281 	 0.117141 	 0.762848 
18.3 	 2.19372 	 0.0779741 	 0.936634 
18.3 	 2.55934 	 0.0529852 	 1.07764 
18.3 	 2.92496 	 0.0344651 	 1.21426 
18.3 	 3.29058 	 0.0210779 	 1.35055 
18.3 	 3.6562 	 0.012256 	 1.482 
18.3 	 4.02182 	 0.00769007 	 1.58265 
18.4 	 0 	 1 	 -inf 
18.4 	 0.364931 	 0.46744 	 -0.273799 
18.4 	 0.729863 	 0.303633 	 0.17558 
18.4 	 1.09479 	 0.234562 	 0.371589 
18.4 	 1.45973 	 0.163311 	 0.594484 
18.4 	 1.82466 	 0.118135 	 0.7589 
18.4 	 2.18959 	 0.0787377 	 0.932807 
18.4 	 2.55452 	 0.053496 	 1.07437 
18.4 	 2.91945 	 0.0349054 	 1.21049 
18.4 	 3.28438 	 0.0213704 	 1.34697 
18.4 	 3.64931 	 0.012448 	 1.47846 
18.4 	 4.01424 	 0.00781973 	 1.57921 
18.5 	 0 	 1 	 -inf 
18.5 	 0.364247 	 0.476044 	 -0.298077 
18.5 	 0.728495 	 0.306191 	 0.168516 
18.5 	 1.09274 	 0.23556 	 0.368656 
18.5 	 1.45699 	 0.164366 	 0.590928 
18.5 	 1.82124 	 0.119194 	 0.754716 
18.5 	 2.18548 	 0.0795649 	 0.928687 
18.5 	 2.54973 	 0.054057 	 1.0708 
18.5 	 2.91398 	 0.0353647 	 1.20658 
18.5 	 3.27823 	 0.0216762 	 1.34327 
18.5 	 3.64247 	 0.0126491 	 1.4748 
18.5 	 4.00672 	 0.00795496 	 1.57567 
18.6 	 0 	 1 	 -inf 
18.6 	 0.363568 	 0.484616 	 -0.322413 
18.6 	 0.727137 	 0.309506 	 0.159374 
18.6 	 1.0907 	 0.236646 	 0.365468 
18.6 	 1.45427 	 0.165496 	 0.587125 
18.6 	 1.81784 	 0.120281 	 0.750438 
18.6 	 2.18141 	 0.0804345 	 0.924383 
18.6 	 2.54498 	 0.0546595 	 1.067 
18.6 	 2.90855 	 0.0358325 	 1.20264 
18.6 	 3.27211 	 0.0219909 	 1.3395 
18.6 	 3.63568 	 0.0128563 	 1.47108 
18.6 	 3.99925 	 0.00809379 	 1.57208 
18.7 	 0 	 1 	 -inf 
18.7 	 0.362894 	 0.492825 	 -0.345874 
18.7 	 0.725788 	 0.313464 	 0.14848 
18.7 	 1.08868 	 0.237817 	 0.362038 
18.7 	 1.45158 	 0.166683 	 0.583144 
18.7 	 1.81447 	 0.121367 	 0.746185 
18.7 	 2.17737 	 0.081327 	 0.919995 
18.7 	 2.54026 	 0.0552953 	 1.06301 
18.7 	 2.90315 	 0.0363004 	 1.19874 
18.7 	 3.26605 	 0.0223107 	 1.33571 
18.7 	 3.62894 	 0.0130667 	 1.46734 
18.7 	 3.99184 	 0.00823448 	 1.5685 
18.8 	 0 	 1 	 -inf 
18.8 	 0.362225 	 0.500459 	 -0.367837 
18.8 	 0.72445 	 0.317883 	 0.13634 
18.8 	 1.08667 	 0.239067 	 0.358382 
18.8 	 1.4489 	 0.167908 	 0.579049 
18.8 	 1.81112 	 0.122427 	 0.742052 
18.8 	 2.17335 	 0.0822243 	 0.915612 
18.8 	 2.53557 	 0.0559556 	 1.0589 
18.8 	 2.8978 	 0.0367614 	 1.19492 
18.8 	 3.26002 	 0.0226319 	 1.33194 
18.8 	 3.62225 	 0.0132779 	 1.46364 
18.8 	 3.98447 	 0.0083755 	 1.56495 
18.9 	 0 	 1 	 -inf 
18.9 	 0.36156 	 0.507385 	 -0.387894 
18.9 	 0.723121 	 0.322518 	 0.123629 
18.9 	 1.08468 	 0.240377 	 0.354557 
18.9 	 1.44624 	 0.169148 	 0.574916 
18.9 	 1.8078 	 0.123439 	 0.738124 
18.9 	 2.16936 	 0.0831078 	 0.911325 
18.9 	 2.53092 	 0.0566294 	 1.05474 
18.9 	 2.89248 	 0.0372096 	 1.19125 
18.9 	 3.25404 	 0.0229507 	 1.32824 
18.9 	 3.6156 	 0.0134872 	 1.46001 
18.9 	 3.97716 	 0.00851533 	 1.56148 
19 	 0 	 1 	 -inf 
19 	 0.360901 	 0.513488 	 -0.405671 
19 	 0.721801 	 0.327072 	 0.111161 
19 	 1.0827 	 0.241704 	 0.350686 
19 	 1.4436 	 0.17037 	 0.570855 
19 	 1.8045 	 0.124381 	 0.734483 
19 	 2.1654 	 0.0839562 	 0.907234 
19 	 2.5263 	 0.0573017 	 1.05062 
19 	 2.8872 	 0.0376389 	 1.18776 
19 	 3.24811 	 0.0232617 	 1.32467 
19 	 3.60901 	 0.0136918 	 1.45651 
19 	 3.96991 	 0.0086522 	 1.55813 
19.1 	 0 	 1 	 -inf 
19.1 	 0.360245 	 0.518601 	 -0.420648 
19.1 	 0.720491 	 0.331216 	 0.0998302 
19.1 	 1.08074 	 0.242976 	 0.346984 
19.1 	 1.44098 	 0.171529 	 0.567019 
19.1 	 1.80123 	 0.125226 	 0.731232 
19.1 	 2.16147 	 0.0847434 	 0.90346 
19.1 	 2.52172 	 0.0579529 	 1.04666 
19.1 	 2.88196 	 0.0380415 	 1.18451 
19.1 	 3.24221 	 0.0235583 	 1.3213 
19.1 	 3.60245 	 0.0138878 	 1.45319 
19.1 	 3.9627 	 0.00878382 	 1.55495 
19.2 	 0 	 1 	 -inf 
19.2 	 0.359595 	 0.522467 	 -0.432024 
19.2 	 0.71919 	 0.334622 	 0.0905289 
19.2 	 1.07878 	 0.244089 	 0.343748 
19.2 	 1.43838 	 0.172563 	 0.563605 
19.2 	 1.79797 	 0.125939 	 0.728493 
19.2 	 2.15757 	 0.085438 	 0.900147 
19.2 	 2.51716 	 0.058558 	 1.04301 
19.2 	 2.87676 	 0.0384075 	 1.18157 
19.2 	 3.23635 	 0.0238322 	 1.31821 
19.2 	 3.59595 	 0.0140704 	 1.45013 
19.2 	 3.95554 	 0.00890726 	 1.552 
19.3 	 0 	 1 	 -inf 
19.3 	 0.358949 	 0.524733 	 -0.438713 
19.3 	 0.717898 	 0.336997 	 0.0840494 
19.3 	 1.07685 	 0.244921 	 0.34133 
19.3 	 1.4358 	 0.173401 	 0.560844 
19.3 	 1.79474 	 0.126484 	 0.726406 
19.3 	 2.15369 	 0.0860056 	 0.897452 
19.3 	 2.51264 	 0.0590888 	 1.03982 
19.3 	 2.87159 	 0.038725 	 1.17905 
19.3 	 3.23054 	 0.0240742 	 1.3155 
19.3 	 3.58949 	 0.014234 	 1.44742 
19.3 	 3.94844 	 0.00901913 	 1.54935 
19.4 	 0 	 1 	 -inf 
19.4 	 0.358307 	 0.524998 	 -0.439496 
19.4 	 0.716615 	 0.33812 	 0.0809859 
19.4 	 1.07492 	 0.245355 	 0.340073 
19.4 	 1.43323 	 0.173971 	 0.558968 
19.4 	 1.79154 	 0.126823 	 0.725114 
19.4 	 2.14984 	 0.0864129 	 0.895524 
19.4 	 2.50815 	 0.0595173 	 1.03726 
19.4 	 2.86646 	 0.0389816 	 1.17701 
19.4 	 3.22477 	 0.0242754 	 1.31326 
19.4 	 3.58307 	 0.0143729 	 1.44513 
19.4 	 3.94138 	 0.0091159 	 1.54708 
19.5 	 0 	 1 	 -inf 
19.5 	 0.35767 	 0.522901 	 -0.433305 
19.5 	 0.715341 	 0.337876 	 0.081649 
19.5 	 1.07301 	 0.245298 	 0.340239 
19.5 	 1.43068 	 0.174213 	 0.558174 
19.5 	 1.78835 	 0.126924 	 0.724725 
19.5 	 2.14602 	 0.0866345 	 0.894477 
19.5 	 2.50369 	 0.0598206 	 1.03546 
19.5 	 2.86136 	 0.0391669 	 1.17555 
19.5 	 3.21903 	 0.0244289 	 1.31157 
19.5 	 3.5767 	 0.0144823 	 1.44334 
19.5 	 3.93437 	 0.00919466 	 1.54525 
19.6 	 0 	 1 	 -inf 
19.6 	 0.357038 	 0.518235 	 -0.419574 
19.6 	 0.714075 	 0.336277 	 0.0860127 
19.6 	 1.07111 	 0.244713 	 0.341936 
19.6 	 1.42815 	 0.174088 	 0.558584 
19.6 	 1.78519 	 0.126776 	 0.725291 
19.6 	 2.14223 	 0.0866593 	 0.894361 
19.6 	 2.49926 	 0.0599858 	 1.03448 
19.6 	 2.8563 	 0.0392749 	 1.1747 
19.6 	 3.21334 	 0.0245316 	 1.31044 
19.6 	 3.57038 	 0.0145596 	 1.44208 
19.6 	 3.92741 	 0.00925376 	 1.54388 
19.7 	 0 	 1 	 -inf 
19.7 	 0.356409 	 0.511035 	 -0.398513 
19.7 	 0.712819 	 0.333459 	 0.0937047 
19.7 	 1.06923 	 0.24363 	 0.345083 
19.7 	 1.42564 	 0.173595 	 0.560205 
19.7 	 1.78205 	 0.126388 	 0.726775 
19.7 	 2.13846 	 0.0864951 	 0.895136 
19.7 	 2.49486 	 0.0600135 	 1.03432 
19.7 	 2.85127 	 0.039307 	 1.17445 
19.7 	 3.20768 	 0.024586 	 1.30984 
19.7 	 3.56409 	 0.0146053 	 1.44134 
19.7 	 3.9205 	 0.00929346 	 1.54297 
19.8 	 0 	 1 	 -inf 
19.8 	 0.355785 	 0.501631 	 -0.371223 
19.8 	 0.71157 	 0.329674 	 0.104047 
19.8 	 1.06736 	 0.242147 	 0.349397 
19.8 	 1.42314 	 0.172771 	 0.562917 
19.8 	 1.77893 	 0.125795 	 0.729047 
19.8 	 2.13471 	 0.0861711 	 0.896668 
19.8 	 2.4905 	 0.0599192 	 1.03488 
19.8 	 2.84628 	 0.0392729 	 1.17472 
19.8 	 3.20207 	 0.0245997 	 1.30969 
19.8 	 3.55785 	 0.0146232 	 1.44105 
19.8 	 3.91364 	 0.00931621 	 1.54244 
19.9 	 0 	 1 	 -inf 
19.9 	 0.355165 	 0.490633 	 -0.339594 
19.9 	 0.710331 	 0.325253 	 0.11614 
19.9 	 1.0655 	 0.240417 	 0.354439 
19.9 	 1.42066 	 0.171693 	 0.566478 
19.9 	 1.77583 	 0.125055 	 0.731887 
19.9 	 2.13099 	 0.0857348 	 0.898736 
19.9 	 2.48616 	 0.0597317 	 1.03599 
19.9 	 2.84132 	 0.03919 	 1.17537 
19.9 	 3.19649 	 0.0245855 	 1.30984 
19.9 	 3.55165 	 0.0146207 	 1.44109 
19.9 	 3.90682 	 0.00932644 	 1.54221 
20 	 0 	 1 	 -inf 
20 	 0.35455 	 0.478848 	 -0.306021 
20 	 0.709099 	 0.320568 	 0.128975 
20 	 1.06365 	 0.238624 	 0.359677 
20 	 1.4182 	 0.170462 	 0.57055 
20 	 1.77275 	 0.124243 	 0.735017 
20 	 2.1273 	 0.085246 	 0.901061 
20 	 2.48185 	 0.0594895 	 1.03743 
20 	 2.8364 	 0.039082 	 1.17622 
20 	 3.19095 	 0.0245592 	 1.31013 
20 	 3.5455 	 0.0146075 	 1.44131 
20 	 3.90005 	 0.00933005 	 1.54213 
