alpha: spin anisotropy
1/z_s: fitted inverse dynamical exponent (for spin dynamics)
1/z_s error: estimated error on the fit
D_s: fitted generalized diffusion coefficient (for spin dynamics)
D_s error: estimated error on the fit

alpha, 1/z_s, 1/z_s error, D_s, D_s error
0.005 0.357483498427954 0.002186657500332992 0.012884524212439904 2.2457963387662863e-05
0.01 0.3914410872887955 0.0035939894129401466 0.01509591995287625 4.728113260545324e-05
0.02 0.4234569603231223 0.000834625294120792 0.018705683329672124 1.4420775161298229e-05
0.03 0.436606745023512 0.0037053628140008565 0.023079532301907797 0.00011021246382994336
0.04 0.4434240519293202 0.004215783547003065 0.027782311814330368 1.802404650568662e-05
0.05 0.45428355715427987 0.0025473199992102663 0.03007526385060553 7.531634981992538e-05
0.06 0.46043085896478586 0.001978134425287877 0.03346522926224987 1.201310180793183e-05
0.07 0.46253262037168136 0.001797103448832195 0.03810532261953296 1.2727340464483566e-05
0.08 0.46489423903568666 0.0019440454331386915 0.0424492854301166 0.00011936716794961819
0.09 0.46790212368785394 0.0029479870265736075 0.046268120779540976 0.00015505219249495675
0.1 0.4609384127467577 0.002493665672578888 0.056011787623288165 5.2828747430948286e-05
0.15 0.4751223985812771 0.00406883135877834 0.07573638976648005 0.0003637565519442956
0.2 0.478132064197194 0.0003983341256107957 0.10564790276111656 0.00014066889111268022
0.3 0.48220150470526796 0.0004486856190235637 0.18534540671052985 6.249542383943152e-05
0.4 0.4852444569866171 0.00020189647981704592 0.3049356508429235 0.0002110711990871983
0.5 0.48841676936365697 0.00016364840475492447 0.4817867535956892 0.00037761293769988935
0.6 0.48924878885114914 0.00014382187120865356 0.7518866213249299 0.0005767137636535358
0.7 0.48973298438886487 0.000589480056459653 1.130152343967242 0.002403105953834306
0.8 0.4925235334765512 0.00047857670143044604 1.6241310791135182 0.0033570990882481055
0.9 0.4983694020903993 0.001177173602482548 2.245579469115413 0.005940568559979376
0.95 0.5000154077736707 0.00047870193440116646 2.815791271659983 0.0025929327595877183
1.0 0.5190123235280586 0.0004536520433703097 3.736505688126415 0.0033397598106037485
1.1 0.5084302867633018 0.0003422736979329004 3.97698689245344 0.00496016249489406
1.5 0.5080236152703081 6.719128055019423e-05 5.845794839086582 0.01372673481009734
2.0 0.525763850935853 0.00014612193925814368 9.539952696013037 0.027688279392121373
2.5 0.5212710580050112 0.00020145999022293698 12.216309244456122 0.039297533527605566
3.0 0.5222744355278254 0.0003349658417697221 14.799847648838108 0.05955139265635623
3.5 0.5151137450313261 0.0005928689920839186 16.83662655387851 0.02772823720820483