time = tau * tau_parallel
rms: rms distance of hole to its origin
rms std: estimated standard error on the mean of rms from 100 samples
IPR: inverse participation ratio, IPR(tau) = sum_i (n_h(i,tau))^2, with hole density n_h(i,tau) at site i at time tau.
IPR std: estimated standard error on the mean of IPR from 100 samples
return prob: probability of the hole to return to its origin, n_h(0,tau).
return prob std: estimated standard error on the mean of return prob from 100 samples
leg imbalance: difference between the occupation in the two legs of the ladder (see Eq. (15) in the manuscript).
leg imbalance std: estimated standard error on the mean of leg imbalance from 100 samples


time, rms, rms std, IPR, IPR std, return prob, return prob std, leg imbalance, leg imbalance std
0 	 0 	 0 	 1 	 0 	 1 	 0 	 1 	 0
0.1 	 0.141063 	 2.18003e-05 	 0.961057 	 2.54794e-05 	 0.980236 	 1.30772e-05 	 0.980266 	 3.02581e-05
0.2 	 0.28025 	 0.00013746 	 0.855771 	 0.000245128 	 0.923551 	 0.000134764 	 0.922809 	 0.000401822
0.3 	 0.415783 	 0.000461092 	 0.713248 	 0.00113785 	 0.837235 	 0.000709926 	 0.832648 	 0.00187597
0.4 	 0.546033 	 0.00105594 	 0.567179 	 0.00287692 	 0.731843 	 0.00211822 	 0.717455 	 0.00546667
0.5 	 0.669615 	 0.0019499 	 0.443221 	 0.00518483 	 0.619238 	 0.00463409 	 0.586622 	 0.0121455
0.6 	 0.78545 	 0.00313018 	 0.353025 	 0.00755688 	 0.510583 	 0.00832219 	 0.450144 	 0.0225626
0.7 	 0.892821 	 0.00454451 	 0.295918 	 0.00964823 	 0.41472 	 0.0130399 	 0.317498 	 0.036849
0.8 	 0.991392 	 0.00610811 	 0.264697 	 0.0116229 	 0.337215 	 0.0185448 	 0.196685 	 0.0545361
0.9 	 1.0812 	 0.00771648 	 0.251097 	 0.0142448 	 0.280175 	 0.024642 	 0.0935669 	 0.0745954
1 	 1.16259 	 0.00926321 	 0.248546 	 0.018247 	 0.242696 	 0.0312608 	 0.0115772 	 0.095577
1.1 	 1.23616 	 0.0106608 	 0.252417 	 0.0235025 	 0.221738 	 0.0383773 	 -0.0482098 	 0.115815
1.2 	 1.30268 	 0.0118617 	 0.259213 	 0.0291557 	 0.21315 	 0.0458169 	 -0.0867403 	 0.133656
1.3 	 1.36299 	 0.0128749 	 0.265945 	 0.0342145 	 0.212606 	 0.0531031 	 -0.106476 	 0.147679
1.4 	 1.41796 	 0.0137729 	 0.27011 	 0.0379024 	 0.216311 	 0.0594881 	 -0.110833 	 0.156855
1.5 	 1.46842 	 0.0146828 	 0.270048 	 0.0397638 	 0.221404 	 0.0641539 	 -0.103647 	 0.160645
1.6 	 1.51513 	 0.0157555 	 0.265264 	 0.0396539 	 0.226078 	 0.0664665 	 -0.0887016 	 0.159017
1.7 	 1.55875 	 0.0171226 	 0.256396 	 0.0377183 	 0.229503 	 0.0661677 	 -0.0693552 	 0.152401
1.8 	 1.5998 	 0.0188572 	 0.244824 	 0.0343805 	 0.231631 	 0.0634474 	 -0.0482695 	 0.141595
1.9 	 1.63868 	 0.0209612 	 0.232117 	 0.030281 	 0.232949 	 0.0589041 	 -0.0272589 	 0.127668
2 	 1.67562 	 0.0233793 	 0.21963 	 0.0261567 	 0.23425 	 0.0534436 	 -0.00726788 	 0.111859
2.1 	 1.7108 	 0.026023 	 0.208394 	 0.0227146 	 0.236416 	 0.0481646 	 0.0115219 	 0.0955168
2.2 	 1.74431 	 0.0287939 	 0.199239 	 0.0205116 	 0.240226 	 0.0442109 	 0.0294771 	 0.0800589
2.3 	 1.77622 	 0.0315999 	 0.192935 	 0.0198245 	 0.246182 	 0.0424645 	 0.0472254 	 0.0669556
2.4 	 1.80666 	 0.0343653 	 0.190171 	 0.0206528 	 0.254376 	 0.0430887 	 0.0653506 	 0.0576046
2.5 	 1.83577 	 0.0370349 	 0.19129 	 0.0229331 	 0.264411 	 0.0453687 	 0.0841294 	 0.0528391
2.6 	 1.86378 	 0.0395731 	 0.195913 	 0.0265935 	 0.275432 	 0.0481275 	 0.103365 	 0.0522093
2.7 	 1.89096 	 0.0419591 	 0.202732 	 0.0312677 	 0.286252 	 0.0502712 	 0.122357 	 0.0540658
2.8 	 1.91761 	 0.0441812 	 0.209704 	 0.0360959 	 0.295583 	 0.0510977 	 0.14 	 0.0565794
2.9 	 1.944 	 0.0462331 	 0.214675 	 0.0399127 	 0.302296 	 0.0504149 	 0.155 	 0.0584836
3 	 1.97037 	 0.0481112 	 0.216121 	 0.0416905 	 0.305665 	 0.0485631 	 0.16613 	 0.0591857
3.1 	 1.99688 	 0.0498142 	 0.213646 	 0.0409976 	 0.305499 	 0.0463438 	 0.172483 	 0.0586289
3.2 	 2.02359 	 0.0513411 	 0.207979 	 0.0382539 	 0.30215 	 0.0447855 	 0.173649 	 0.057124
3.3 	 2.05047 	 0.0526905 	 0.200546 	 0.034617 	 0.296393 	 0.0446941 	 0.169787 	 0.0551962
3.4 	 2.07741 	 0.0538588 	 0.192873 	 0.0314856 	 0.289211 	 0.0461891 	 0.161588 	 0.0534589
3.5 	 2.10425 	 0.0548398 	 0.186092 	 0.0298219 	 0.28157 	 0.0486596 	 0.150125 	 0.0525316
3.6 	 2.13081 	 0.055627 	 0.180707 	 0.0297265 	 0.274225 	 0.0511766 	 0.136654 	 0.0529905
3.7 	 2.15691 	 0.0562155 	 0.176664 	 0.0306273 	 0.267603 	 0.052931 	 0.122399 	 0.0552926
3.8 	 2.18242 	 0.056607 	 0.173639 	 0.0318055 	 0.261785 	 0.0534615 	 0.108375 	 0.0596223
3.9 	 2.20725 	 0.0568131 	 0.171384 	 0.0327476 	 0.25657 	 0.0527126 	 0.0952797 	 0.0657407
4 	 2.23137 	 0.0568563 	 0.169902 	 0.0332501 	 0.251592 	 0.0509862 	 0.0834578 	 0.0729866
4.1 	 2.25476 	 0.0567689 	 0.169381 	 0.0334208 	 0.246466 	 0.0487964 	 0.0729388 	 0.0804544
4.2 	 2.27746 	 0.0565894 	 0.169962 	 0.033628 	 0.240915 	 0.046647 	 0.0635308 	 0.0872389
4.3 	 2.29955 	 0.0563576 	 0.171546 	 0.0343528 	 0.234862 	 0.0448134 	 0.0549491 	 0.0926394
4.4 	 2.32111 	 0.0561108 	 0.173799 	 0.0359408 	 0.228454 	 0.0432571 	 0.0469544 	 0.0962616
4.5 	 2.34222 	 0.0558809 	 0.17627 	 0.0383812 	 0.222042 	 0.0417268 	 0.0394706 	 0.0980033
4.6 	 2.36297 	 0.0556928 	 0.178504 	 0.0412673 	 0.21611 	 0.0399489 	 0.0326574 	 0.0979422
4.7 	 2.38338 	 0.0555638 	 0.180025 	 0.0439184 	 0.211184 	 0.0377677 	 0.0269207 	 0.0961797
4.8 	 2.40348 	 0.0555035 	 0.180307 	 0.0455594 	 0.207736 	 0.0351868 	 0.0228613 	 0.0927157
4.9 	 2.42325 	 0.0555151 	 0.178838 	 0.0455279 	 0.206108 	 0.0323611 	 0.0211732 	 0.0874167
5 	 2.44268 	 0.0555958 	 0.175344 	 0.0435047 	 0.206462 	 0.0295976 	 0.0225139 	 0.0800951
5.1 	 2.46174 	 0.0557374 	 0.170028 	 0.039686 	 0.208753 	 0.0273856 	 0.0273668 	 0.0706834
5.2 	 2.48043 	 0.0559269 	 0.163633 	 0.0347862 	 0.212732 	 0.0263683 	 0.0359191 	 0.0594846
5.3 	 2.49875 	 0.0561472 	 0.157244 	 0.0298212 	 0.217977 	 0.0270903 	 0.0479739 	 0.047577
5.4 	 2.51676 	 0.056378 	 0.151911 	 0.025755 	 0.223947 	 0.0295955 	 0.0629172 	 0.0376218
5.5 	 2.53448 	 0.0565972 	 0.148306 	 0.0231996 	 0.230046 	 0.0333555 	 0.0797523 	 0.0344597
5.6 	 2.552 	 0.0567838 	 0.146555 	 0.0223034 	 0.235695 	 0.0376028 	 0.0971993 	 0.0406219
5.7 	 2.56935 	 0.0569213 	 0.146301 	 0.0228008 	 0.2404 	 0.0416362 	 0.113846 	 0.0520541
5.8 	 2.58658 	 0.0570007 	 0.146922 	 0.0241884 	 0.243789 	 0.0449418 	 0.128323 	 0.0641965
5.9 	 2.60374 	 0.0570214 	 0.147785 	 0.0259813 	 0.245632 	 0.0472154 	 0.139462 	 0.0745327
6 	 2.62085 	 0.0569911 	 0.148444 	 0.0278643 	 0.24583 	 0.048351 	 0.14642 	 0.0817917
6.1 	 2.63791 	 0.0569224 	 0.148691 	 0.0296484 	 0.244397 	 0.0484086 	 0.148744 	 0.0854101
6.2 	 2.65493 	 0.0568304 	 0.148487 	 0.0311384 	 0.241427 	 0.0475612 	 0.146371 	 0.085292
6.3 	 2.67192 	 0.0567291 	 0.147821 	 0.032067 	 0.237076 	 0.0460253 	 0.139586 	 0.0816595
6.4 	 2.68886 	 0.0566303 	 0.146625 	 0.0321649 	 0.23155 	 0.0439929 	 0.128952 	 0.0749477
6.5 	 2.70573 	 0.0565433 	 0.144796 	 0.0313057 	 0.225102 	 0.04159 	 0.115232 	 0.0657676
6.6 	 2.72252 	 0.0564751 	 0.142333 	 0.0296085 	 0.218042 	 0.0388843 	 0.0993108 	 0.0549955
6.7 	 2.73917 	 0.0564315 	 0.139458 	 0.0274377 	 0.210734 	 0.0359403 	 0.0821218 	 0.0441179
6.8 	 2.75567 	 0.056416 	 0.136628 	 0.025319 	 0.20359 	 0.0328887 	 0.0645772 	 0.0360064
6.9 	 2.77198 	 0.0564299 	 0.134394 	 0.023807 	 0.197035 	 0.0299639 	 0.0475072 	 0.0349766
7 	 2.78808 	 0.0564723 	 0.133217 	 0.0233258 	 0.191464 	 0.0274721 	 0.0316144 	 0.042283
7.1 	 2.80397 	 0.0565393 	 0.133338 	 0.0240557 	 0.187178 	 0.0256832 	 0.0174479 	 0.0542346
7.2 	 2.81966 	 0.0566252 	 0.134785 	 0.0259561 	 0.184334 	 0.0247037 	 0.00539641 	 0.067269
7.3 	 2.83519 	 0.0567241 	 0.137441 	 0.0288607 	 0.182912 	 0.0244361 	 -0.00430714 	 0.0793374
7.4 	 2.85059 	 0.0568317 	 0.141082 	 0.032522 	 0.182721 	 0.0246647 	 -0.0115732 	 0.0892479
7.5 	 2.86589 	 0.0569455 	 0.145333 	 0.0365932 	 0.183428 	 0.0251682 	 -0.0164381 	 0.0962826
7.6 	 2.88113 	 0.0570647 	 0.149603 	 0.040585 	 0.184632 	 0.0257517 	 -0.0190404 	 0.100061
7.7 	 2.89631 	 0.0571894 	 0.153085 	 0.0438496 	 0.185936 	 0.0262161 	 -0.0195896 	 0.100491
7.8 	 2.91143 	 0.0573193 	 0.154912 	 0.0456713 	 0.187024 	 0.0263479 	 -0.0183298 	 0.0977344
7.9 	 2.92647 	 0.057453 	 0.154425 	 0.0454827 	 0.187711 	 0.0259746 	 -0.0155042 	 0.0921728
8 	 2.9414 	 0.0575879 	 0.151436 	 0.0431039 	 0.187962 	 0.025062 	 -0.011327 	 0.0843638
8.1 	 2.95618 	 0.0577209 	 0.146336 	 0.038861 	 0.187882 	 0.0238012 	 -0.00596758 	 0.0749925
8.2 	 2.9708 	 0.0578492 	 0.139986 	 0.0335061 	 0.187663 	 0.0226225 	 0.000450061 	 0.0648376
8.3 	 2.98521 	 0.0579711 	 0.13344 	 0.0279737 	 0.187536 	 0.0220683 	 0.00783429 	 0.0547622
8.4 	 2.9994 	 0.0580857 	 0.127642 	 0.0230902 	 0.187707 	 0.0225016 	 0.0161003 	 0.045728
8.5 	 3.01336 	 0.0581928 	 0.123206 	 0.0193789 	 0.188315 	 0.0238536 	 0.0251389 	 0.0387756
8.6 	 3.0271 	 0.0582923 	 0.120361 	 0.0170319 	 0.189412 	 0.025698 	 0.0347865 	 0.0347952
8.7 	 3.04062 	 0.0583839 	 0.119013 	 0.0159888 	 0.190958 	 0.0275407 	 0.0448044 	 0.0339726
8.8 	 3.05394 	 0.0584667 	 0.118858 	 0.0160244 	 0.192839 	 0.0290272 	 0.0548715 	 0.0355042
8.9 	 3.06709 	 0.0585399 	 0.119498 	 0.0168233 	 0.194893 	 0.0300024 	 0.0645938 	 0.0381685
9 	 3.08011 	 0.0586017 	 0.120513 	 0.018046 	 0.196943 	 0.0304902 	 0.0735288 	 0.0409885
9.1 	 3.09303 	 0.0586506 	 0.121511 	 0.0193704 	 0.198824 	 0.030637 	 0.0812245 	 0.0433799
9.2 	 3.10586 	 0.058685 	 0.122182 	 0.0205208 	 0.200404 	 0.0306376 	 0.0872661 	 0.045034
9.3 	 3.11864 	 0.0587044 	 0.122335 	 0.0213004 	 0.20159 	 0.0306603 	 0.0913233 	 0.0457864
9.4 	 3.13138 	 0.0587093 	 0.121923 	 0.0216124 	 0.202327 	 0.0307951 	 0.0931864 	 0.0455328
9.5 	 3.14407 	 0.058702 	 0.121022 	 0.0214514 	 0.202583 	 0.031039 	 0.0927835 	 0.0441916
9.6 	 3.15673 	 0.0586851 	 0.11978 	 0.0208755 	 0.202344 	 0.0313113 	 0.0901769 	 0.0417102
9.7 	 3.16936 	 0.0586602 	 0.118354 	 0.0199926 	 0.201596 	 0.0314769 	 0.0855424 	 0.0381135
9.8 	 3.18195 	 0.058627 	 0.116883 	 0.0189598 	 0.200323 	 0.0313721 	 0.0791393 	 0.0336004
9.9 	 3.19453 	 0.0585826 	 0.115498 	 0.0179594 	 0.198508 	 0.0308365 	 0.0712781 	 0.0287208
10 	 3.20712 	 0.0585222 	 0.114353 	 0.0171486 	 0.196142 	 0.0297587 	 0.0622916 	 0.0246817
10.1 	 3.21974 	 0.0584406 	 0.113623 	 0.0166236 	 0.193234 	 0.0281271 	 0.0525103 	 0.0234882
10.2 	 3.23241 	 0.0583344 	 0.113462 	 0.0164351 	 0.189831 	 0.0260741 	 0.0422451 	 0.0266166
10.3 	 3.24515 	 0.0582038 	 0.11393 	 0.0166504 	 0.186019 	 0.023899 	 0.031779 	 0.0332868
10.4 	 3.25798 	 0.0580534 	 0.114946 	 0.0173755 	 0.181934 	 0.0220432 	 0.0213701 	 0.0417423
10.5 	 3.27089 	 0.0578926 	 0.116285 	 0.0186576 	 0.177754 	 0.0209591 	 0.0112656 	 0.0506397
10.6 	 3.28386 	 0.0577337 	 0.11763 	 0.020344 	 0.173681 	 0.0208551 	 0.00172176 	 0.0590885
10.7 	 3.29685 	 0.0575905 	 0.118653 	 0.0220722 	 0.169927 	 0.0215158 	 -0.00697603 	 0.0664547
10.8 	 3.30982 	 0.0574753 	 0.119099 	 0.0234187 	 0.166689 	 0.0224282 	 -0.0145023 	 0.0722589
10.9 	 3.3227 	 0.0573982 	 0.118845 	 0.02409 	 0.164128 	 0.0230681 	 -0.0204957 	 0.0761399
11 	 3.33544 	 0.0573667 	 0.117926 	 0.0240371 	 0.162353 	 0.0230855 	 -0.0245807 	 0.0778482
11.1 	 3.34797 	 0.0573862 	 0.116498 	 0.0234348 	 0.161421 	 0.0223553 	 -0.0264071 	 0.0772505
11.2 	 3.36023 	 0.0574611 	 0.114764 	 0.0225393 	 0.161331 	 0.0209696 	 -0.0257038 	 0.0743366
11.3 	 3.37219 	 0.0575957 	 0.112903 	 0.0215206 	 0.162036 	 0.0192208 	 -0.0223374 	 0.0692249
11.4 	 3.38382 	 0.0577931 	 0.111044 	 0.0204097 	 0.163448 	 0.0175834 	 -0.0163626 	 0.0621684
11.5 	 3.3951 	 0.0580542 	 0.109293 	 0.019204 	 0.165442 	 0.0166456 	 -0.0080478 	 0.0535676
11.6 	 3.40607 	 0.0583756 	 0.107774 	 0.018008 	 0.167868 	 0.0168875 	 0.00213358 	 0.0440083
11.7 	 3.41676 	 0.0587485 	 0.106648 	 0.017058 	 0.170557 	 0.018389 	 0.0135478 	 0.034375
11.8 	 3.42724 	 0.0591591 	 0.106058 	 0.0166099 	 0.173334 	 0.0208364 	 0.0254692 	 0.0261615
11.9 	 3.43758 	 0.0595891 	 0.10606 	 0.0167979 	 0.176041 	 0.0238147 	 0.0371555 	 0.0218668
12 	 3.44785 	 0.0600183 	 0.10658 	 0.0175716 	 0.17855 	 0.027002 	 0.0479144 	 0.02335
12.1 	 3.45812 	 0.0604258 	 0.107437 	 0.0187289 	 0.180781 	 0.0301928 	 0.0571533 	 0.0286907
12.2 	 3.46844 	 0.0607933 	 0.108431 	 0.0200215 	 0.18269 	 0.0332564 	 0.0644108 	 0.0349106
12.3 	 3.47887 	 0.0611061 	 0.109419 	 0.021282 	 0.184258 	 0.0360883 	 0.0693735 	 0.0403474
12.4 	 3.48943 	 0.0613545 	 0.110334 	 0.0224797 	 0.185465 	 0.0385689 	 0.0718806 	 0.0442356
12.5 	 3.50014 	 0.0615343 	 0.111134 	 0.0236522 	 0.186263 	 0.0405397 	 0.0719181 	 0.0462518
12.6 	 3.511 	 0.0616465 	 0.111723 	 0.0247611 	 0.186565 	 0.0418058 	 0.0696032 	 0.0463304
12.7 	 3.52202 	 0.0616956 	 0.111928 	 0.0255959 	 0.186258 	 0.0421707 	 0.0651624 	 0.0445881
12.8 	 3.53318 	 0.0616881 	 0.111555 	 0.025818 	 0.185221 	 0.0414909 	 0.0589081 	 0.0412939
12.9 	 3.54447 	 0.0616311 	 0.110499 	 0.0251314 	 0.18337 	 0.0397319 	 0.051214 	 0.0368722
13 	 3.55588 	 0.0615315 	 0.108834 	 0.0234821 	 0.180695 	 0.0370019 	 0.0424943 	 0.0319493
13.1 	 3.56737 	 0.0613958 	 0.106824 	 0.0211632 	 0.177285 	 0.0335522 	 0.0331803 	 0.0274526
13.2 	 3.57892 	 0.0612297 	 0.104844 	 0.0187374 	 0.173338 	 0.0297438 	 0.0236965 	 0.0246574
13.3 	 3.59049 	 0.0610391 	 0.10324 	 0.016786 	 0.169142 	 0.0259884 	 0.0144385 	 0.024724
13.4 	 3.60204 	 0.0608295 	 0.102214 	 0.0156292 	 0.165038 	 0.0226773 	 0.00575634 	 0.0276633
13.5 	 3.61353 	 0.0606066 	 0.10177 	 0.0152388 	 0.161362 	 0.0201039 	 -0.00205164 	 0.0323437
13.6 	 3.62493 	 0.0603762 	 0.101748 	 0.0153821 	 0.158386 	 0.0183994 	 -0.00873688 	 0.0375245
13.7 	 3.63621 	 0.0601448 	 0.10192 	 0.0157978 	 0.156279 	 0.0175131 	 -0.0140956 	 0.0423122
13.8 	 3.64734 	 0.0599203 	 0.102086 	 0.0162764 	 0.155076 	 0.0172643 	 -0.0179666 	 0.0461168
13.9 	 3.65831 	 0.0597115 	 0.102116 	 0.0166737 	 0.154687 	 0.0174276 	 -0.0202345 	 0.0485594
14 	 3.66912 	 0.0595282 	 0.101944 	 0.0168927 	 0.154933 	 0.017788 	 -0.0208392 	 0.0494279
14.1 	 3.67974 	 0.0593804 	 0.101525 	 0.0168653 	 0.155593 	 0.018163 	 -0.0197873 	 0.0486596
14.2 	 3.69019 	 0.0592769 	 0.100818 	 0.0165535 	 0.156462 	 0.0184185 	 -0.0171615 	 0.0463303
14.3 	 3.70045 	 0.0592243 	 0.0998094 	 0.0159649 	 0.157388 	 0.0184935 	 -0.0131233 	 0.0426353
14.4 	 3.71052 	 0.0592262 	 0.0985452 	 0.0151616 	 0.158293 	 0.0184179 	 -0.00790707 	 0.0378617
14.5 	 3.7204 	 0.0592827 	 0.0971422 	 0.0142574 	 0.159172 	 0.0183018 	 -0.00180324 	 0.0323525
14.6 	 3.73009 	 0.0593908 	 0.0957596 	 0.013404 	 0.160078 	 0.0182894 	 0.00486682 	 0.0264765
14.7 	 3.73961 	 0.0595449 	 0.0945513 	 0.0127543 	 0.161089 	 0.0184978 	 0.0117807 	 0.020625
14.8 	 3.74895 	 0.0597382 	 0.0936378 	 0.0124017 	 0.162289 	 0.0189874 	 0.0186444 	 0.0152943
14.9 	 3.75814 	 0.059963 	 0.0931092 	 0.0123484 	 0.163737 	 0.0197868 	 0.0252142 	 0.011389
15 	 3.76721 	 0.0602115 	 0.0930491 	 0.0125665 	 0.165455 	 0.0209397 	 0.0313085 	 0.0104918
