time = tau * tau_parallel
rms: rms distance of hole to its origin
rms std: estimated standard error on the mean of rms from 100 samples
IPR: inverse participation ratio, IPR(tau) = sum_i (n_h(i,tau))^2, with hole density n_h(i,tau) at site i at time tau.
IPR std: estimated standard error on the mean of IPR from 100 samples
return prob: probability of the hole to return to its origin, n_h(0,tau).
return prob std: estimated standard error on the mean of return prob from 100 samples
leg imbalance: difference between the occupation in the two legs of the ladder (see Eq. (15) in the manuscript).
leg imbalance std: estimated standard error on the mean of leg imbalance from 100 samples


time, rms, rms std, IPR, IPR std, return prob, return prob std, leg imbalance, leg imbalance std
0 	 0 	 0 	 1 	 0 	 1 	 0 	 1 	 0
0.2 	 0.201554 	 8.80461e-08 	 0.924192 	 2.06431e-07 	 0.960556 	 1.12016e-07 	 1 	 5.24671e-16
0.4 	 0.408901 	 0.000165148 	 0.744495 	 0.000576941 	 0.850847 	 0.000405441 	 1 	 4.23569e-16
0.6 	 0.626331 	 0.000636064 	 0.560186 	 0.00191734 	 0.694091 	 0.00220578 	 1 	 4.07082e-16
0.8 	 0.855656 	 0.00153173 	 0.439809 	 0.00221964 	 0.521141 	 0.00640558 	 1 	 5.4766e-16
1 	 1.09601 	 0.00296721 	 0.385232 	 0.00236261 	 0.361827 	 0.0133967 	 1 	 5.55112e-16
1.2 	 1.34431 	 0.00505345 	 0.361452 	 0.00782701 	 0.237631 	 0.0225695 	 1 	 5.86308e-16
1.4 	 1.59613 	 0.00787377 	 0.341174 	 0.012465 	 0.157923 	 0.0323415 	 1 	 6.313e-16
1.6 	 1.8466 	 0.0114595 	 0.318647 	 0.0128506 	 0.120401 	 0.0406024 	 1 	 6.60974e-16
1.8 	 2.09126 	 0.0157797 	 0.297226 	 0.00975989 	 0.114781 	 0.045439 	 1 	 5.04714e-16
2 	 2.3266 	 0.0207429 	 0.278006 	 0.00724551 	 0.12781 	 0.0459564 	 1 	 5.43896e-16
2.2 	 2.55032 	 0.0262026 	 0.260092 	 0.00715925 	 0.147678 	 0.0430384 	 1 	 7.65616e-16
2.4 	 2.76134 	 0.0319658 	 0.244098 	 0.00765611 	 0.166561 	 0.0397765 	 1 	 4.86757e-16
2.6 	 2.9596 	 0.0378065 	 0.231686 	 0.00977844 	 0.18105 	 0.0402348 	 1 	 6.99235e-16
2.8 	 3.14572 	 0.0434885 	 0.223262 	 0.0129669 	 0.191024 	 0.0454205 	 1 	 6.14814e-16
3 	 3.32072 	 0.0487948 	 0.217645 	 0.0144413 	 0.197908 	 0.0524015 	 1 	 9.17008e-16
3.2 	 3.48566 	 0.0535604 	 0.213195 	 0.0136492 	 0.203167 	 0.0581691 	 1 	 5.95578e-16
3.4 	 3.6415 	 0.0577005 	 0.208535 	 0.0129677 	 0.207518 	 0.0614244 	 1 	 5.96727e-16
3.6 	 3.78896 	 0.0612285 	 0.202988 	 0.0152049 	 0.210888 	 0.0622171 	 1 	 8.01448e-16
3.8 	 3.92853 	 0.0642554 	 0.197149 	 0.0189028 	 0.212842 	 0.0612777 	 1 	 5.10112e-16
4 	 4.0606 	 0.0669652 	 0.192645 	 0.0214682 	 0.213093 	 0.0595595 	 1 	 6.58899e-16
4.2 	 4.18553 	 0.0695677 	 0.190593 	 0.0224009 	 0.211779 	 0.0578795 	 1 	 5.99018e-16
4.4 	 4.3038 	 0.0722395 	 0.190232 	 0.0219245 	 0.209419 	 0.0564564 	 1 	 7.3271e-16
4.6 	 4.416 	 0.0750772 	 0.189365 	 0.0204244 	 0.206639 	 0.0546447 	 1 	 8.59975e-16
4.8 	 4.52281 	 0.0780805 	 0.186191 	 0.0180786 	 0.203873 	 0.0513962 	 1 	 7.98881e-16
5 	 4.62489 	 0.081169 	 0.180655 	 0.0163223 	 0.201247 	 0.0462494 	 1 	 6.62009e-16
5.2 	 4.72276 	 0.0842225 	 0.174198 	 0.017129 	 0.198688 	 0.0401643 	 1 	 1.2588e-15
5.4 	 4.8168 	 0.0871227 	 0.168624 	 0.0172234 	 0.196192 	 0.0356714 	 1 	 9.42782e-16
5.6 	 4.90723 	 0.0897832 	 0.165311 	 0.0150736 	 0.194054 	 0.035324 	 1 	 1.04476e-15
5.8 	 4.99417 	 0.0921578 	 0.164787 	 0.0137883 	 0.192885 	 0.0387053 	 1 	 8.36564e-16
6 	 5.07772 	 0.0942335 	 0.166177 	 0.0139792 	 0.193383 	 0.0429267 	 1 	 5.7451e-16
6.2 	 5.15801 	 0.0960097 	 0.167176 	 0.0146312 	 0.195946 	 0.0456541 	 1 	 1.34963e-15
6.4 	 5.23527 	 0.0974771 	 0.16553 	 0.0159486 	 0.200365 	 0.0461382 	 1 	 7.34577e-16
6.6 	 5.30984 	 0.0986048 	 0.161027 	 0.0172873 	 0.205764 	 0.0449482 	 1 	 1.20032e-15
6.8 	 5.38207 	 0.0993453 	 0.155705 	 0.0177405 	 0.210853 	 0.0432907 	 1 	 1.22012e-15
7 	 5.45234 	 0.0996518 	 0.151907 	 0.0171023 	 0.214401 	 0.0420279 	 1 	 9.52897e-16
7.2 	 5.521 	 0.0995001 	 0.150352 	 0.0159393 	 0.215687 	 0.0410115 	 1 	 1.16088e-15
7.4 	 5.58828 	 0.0989048 	 0.150088 	 0.0154701 	 0.214752 	 0.0395307 	 1 	 9.33292e-16
7.6 	 5.65435 	 0.0979217 	 0.149748 	 0.0167985 	 0.212342 	 0.0374274 	 1 	 1.02224e-15
7.8 	 5.7193 	 0.0966412 	 0.148545 	 0.0185417 	 0.209601 	 0.0357107 	 1 	 6.72273e-16
8 	 5.78312 	 0.0951751 	 0.146474 	 0.0185739 	 0.207654 	 0.0359123 	 1 	 5.40106e-16
8.2 	 5.84577 	 0.0936409 	 0.144125 	 0.0172714 	 0.207235 	 0.0384084 	 1 	 1.22628e-15
8.4 	 5.90716 	 0.0921459 	 0.142323 	 0.0164411 	 0.208487 	 0.0418845 	 1 	 8.26683e-16
8.6 	 5.96721 	 0.0907731 	 0.141495 	 0.0162122 	 0.21094 	 0.0446871 	 1 	 6.57859e-16
8.8 	 6.02583 	 0.0895718 	 0.141209 	 0.015587 	 0.21368 	 0.0459055 	 1 	 6.0016e-16
9 	 6.08299 	 0.0885592 	 0.140522 	 0.0143666 	 0.215623 	 0.0454134 	 1 	 1.16911e-15
9.2 	 6.13867 	 0.0877275 	 0.138853 	 0.0131083 	 0.215846 	 0.0434411 	 1 	 1.02157e-15
9.4 	 6.19292 	 0.0870585 	 0.13639 	 0.0130143 	 0.213871 	 0.0402502 	 1 	 1.28304e-15
9.6 	 6.24585 	 0.0865355 	 0.133683 	 0.0144743 	 0.20982 	 0.03622 	 1 	 1.23629e-15
9.8 	 6.29756 	 0.0861492 	 0.13111 	 0.0157256 	 0.204369 	 0.0321591 	 1 	 1.08211e-15
10 	 6.34822 	 0.0858998 	 0.128787 	 0.0152886 	 0.198509 	 0.0291843 	 1 	 1.32143e-15
10.2 	 6.39797 	 0.0857927 	 0.126795 	 0.0135085 	 0.193212 	 0.027706 	 1 	 8.67901e-16
10.4 	 6.44694 	 0.0858352 	 0.125307 	 0.0119036 	 0.189117 	 0.0266519 	 1 	 8.85862e-16
10.6 	 6.49523 	 0.0860324 	 0.124467 	 0.0113651 	 0.186403 	 0.0244054 	 1 	 1.02558e-15
10.8 	 6.54295 	 0.0863821 	 0.124185 	 0.0114014 	 0.18486 	 0.0202242 	 1 	 9.72106e-16
11 	 6.59018 	 0.0868708 	 0.124054 	 0.0117721 	 0.184117 	 0.0149002 	 1 	 1.52899e-15
11.2 	 6.63702 	 0.0874726 	 0.123491 	 0.0122179 	 0.183874 	 0.0112395 	 1 	 1.14484e-15
11.4 	 6.68355 	 0.08815 	 0.122075 	 0.0118622 	 0.184016 	 0.0125118 	 1 	 9.53615e-16
11.6 	 6.72984 	 0.0888598 	 0.119934 	 0.0106755 	 0.18456 	 0.0166272 	 1 	 1.31728e-15
11.8 	 6.7759 	 0.0895598 	 0.117827 	 0.00972136 	 0.185492 	 0.0206908 	 1 	 1.25825e-15
12 	 6.82168 	 0.0902159 	 0.116625 	 0.00984137 	 0.18662 	 0.0240544 	 1 	 6.63043e-16
12.2 	 6.8671 	 0.0908052 	 0.1165 	 0.0113319 	 0.187535 	 0.0267949 	 1 	 1.23685e-15
12.4 	 6.91203 	 0.0913185 	 0.116685 	 0.0137652 	 0.187731 	 0.0287863 	 1 	 8.81212e-16
12.6 	 6.95635 	 0.0917567 	 0.116202 	 0.0157062 	 0.186797 	 0.0296252 	 1 	 6.89372e-16
12.8 	 6.99998 	 0.0921305 	 0.114779 	 0.0161033 	 0.184605 	 0.0290273 	 1 	 8.89719e-16
13 	 7.04284 	 0.0924554 	 0.112936 	 0.0151225 	 0.18137 	 0.0271335 	 1 	 1.21224e-15
13.2 	 7.08491 	 0.0927479 	 0.111248 	 0.0136243 	 0.177579 	 0.0244934 	 1 	 1.56222e-15
13.4 	 7.12617 	 0.0930243 	 0.109774 	 0.0123124 	 0.173819 	 0.021839 	 1 	 1.65461e-15
13.6 	 7.16661 	 0.0932992 	 0.108265 	 0.0112131 	 0.170586 	 0.0198538 	 1 	 1.01349e-15
13.8 	 7.20623 	 0.0935881 	 0.106699 	 0.0100349 	 0.168154 	 0.018969 	 1 	 1.09407e-15
14 	 7.24505 	 0.0939054 	 0.105359 	 0.00898903 	 0.166549 	 0.0191191 	 1 	 9.84008e-16
14.2 	 7.28313 	 0.0942651 	 0.104431 	 0.00850666 	 0.165593 	 0.0197015 	 1 	 1.66081e-15
14.4 	 7.32051 	 0.0946797 	 0.10375 	 0.0084872 	 0.165022 	 0.0199453 	 1 	 1.53926e-15
14.6 	 7.35724 	 0.0951597 	 0.103039 	 0.00859234 	 0.164599 	 0.0193538 	 1 	 1.94703e-15
14.8 	 7.39336 	 0.095712 	 0.102214 	 0.00875001 	 0.164204 	 0.0179652 	 1 	 1.50961e-15
15 	 7.42886 	 0.0963386 	 0.101379 	 0.00896456 	 0.163863 	 0.0164824 	 1 	 1.1133e-15
15.2 	 7.46373 	 0.097037 	 0.100665 	 0.00916042 	 0.163709 	 0.0161183 	 1 	 1.84481e-15
15.4 	 7.49794 	 0.0977991 	 0.100159 	 0.0094281 	 0.163897 	 0.0175958 	 1 	 2.29476e-15
15.6 	 7.5315 	 0.0986114 	 0.0998944 	 0.00980658 	 0.164494 	 0.0202048 	 1 	 1.67436e-15
15.8 	 7.56443 	 0.0994558 	 0.0997951 	 0.0101632 	 0.165427 	 0.0225941 	 1 	 2.01274e-15
16 	 7.59681 	 0.100309 	 0.0997017 	 0.0104242 	 0.166502 	 0.0238149 	 1 	 1.03753e-15
16.2 	 7.62871 	 0.101147 	 0.0995297 	 0.0106513 	 0.167506 	 0.0236166 	 1 	 1.89137e-15
16.4 	 7.66021 	 0.101944 	 0.0993604 	 0.0110606 	 0.168335 	 0.022378 	 1 	 2.11752e-15
16.6 	 7.69142 	 0.102676 	 0.0993319 	 0.0118476 	 0.169061 	 0.020855 	 1 	 1.48722e-15
16.8 	 7.72239 	 0.103324 	 0.0994702 	 0.0129812 	 0.169902 	 0.0197923 	 1 	 1.60844e-15
17 	 7.7532 	 0.103877 	 0.0996664 	 0.0142291 	 0.171071 	 0.0195584 	 1 	 2.07473e-15
17.2 	 7.7839 	 0.10433 	 0.0997871 	 0.0152657 	 0.172604 	 0.020062 	 1 	 2.01886e-15
17.4 	 7.8145 	 0.104687 	 0.0997452 	 0.01573 	 0.174244 	 0.020965 	 1 	 2.1394e-15
17.6 	 7.84501 	 0.104958 	 0.099469 	 0.0152851 	 0.17548 	 0.0219128 	 1 	 1.73304e-15
17.8 	 7.87543 	 0.105157 	 0.0988834 	 0.0138393 	 0.175724 	 0.0226594 	 1 	 2.43097e-15
18 	 7.90573 	 0.105297 	 0.0979763 	 0.0118354 	 0.174558 	 0.0230997 	 1 	 1.67926e-15
18.2 	 7.93591 	 0.105384 	 0.0968558 	 0.0100794 	 0.171929 	 0.0232051 	 1 	 1.59304e-15
18.4 	 7.96598 	 0.105419 	 0.0957049 	 0.00909005 	 0.168198 	 0.0229325 	 1 	 1.72234e-15
18.6 	 7.99595 	 0.105398 	 0.0946869 	 0.00889219 	 0.164023 	 0.022254 	 1 	 1.76553e-15
18.8 	 8.02586 	 0.105309 	 0.0938828 	 0.00927212 	 0.160124 	 0.0213022 	 1 	 2.3426e-15
19 	 8.05576 	 0.105145 	 0.0932622 	 0.00982028 	 0.157062 	 0.0204223 	 1 	 2.30102e-15
19.2 	 8.08569 	 0.104905 	 0.0927025 	 0.0101497 	 0.155085 	 0.0199431 	 1 	 1.92972e-15
19.4 	 8.11566 	 0.104596 	 0.0920977 	 0.0101398 	 0.154127 	 0.0198356 	 1 	 1.77018e-15
19.6 	 8.14569 	 0.104233 	 0.0914777 	 0.00994274 	 0.153906 	 0.0197075 	 1 	 2.96106e-15
19.8 	 8.17572 	 0.103839 	 0.0909755 	 0.00981666 	 0.154071 	 0.0191621 	 1 	 2.77408e-15
20 	 8.20569 	 0.103436 	 0.0906495 	 0.00982891 	 0.154325 	 0.018099 	 1 	 2.9992e-15
20.2 	 8.23554 	 0.103046 	 0.0903836 	 0.00977267 	 0.154485 	 0.0167586 	 1 	 2.8618e-15
20.4 	 8.26518 	 0.102685 	 0.0900118 	 0.00944145 	 0.154487 	 0.0156053 	 1 	 2.41145e-15
20.6 	 8.29455 	 0.102364 	 0.0895163 	 0.00886894 	 0.15434 	 0.0151294 	 1 	 2.13267e-15
20.8 	 8.32362 	 0.102093 	 0.0890487 	 0.00832822 	 0.154082 	 0.0155775 	 1 	 3.39522e-15
21 	 8.35237 	 0.101875 	 0.0887493 	 0.0081385 	 0.153747 	 0.0167587 	 1 	 2.3499e-15
21.2 	 8.38079 	 0.101714 	 0.0885906 	 0.00836784 	 0.153356 	 0.0181643 	 1 	 1.95475e-15
21.4 	 8.40889 	 0.101608 	 0.0884282 	 0.00880907 	 0.152917 	 0.019269 	 1 	 2.28818e-15
21.6 	 8.43665 	 0.101552 	 0.0881672 	 0.00931366 	 0.152433 	 0.0197514 	 1 	 3.06939e-15
21.8 	 8.46405 	 0.101542 	 0.0878235 	 0.00988833 	 0.151898 	 0.0195801 	 1 	 2.93458e-15
22 	 8.49105 	 0.101567 	 0.0874307 	 0.0104323 	 0.151288 	 0.0189873 	 1 	 2.79425e-15
22.2 	 8.51763 	 0.101622 	 0.086959 	 0.0106495 	 0.150559 	 0.0183327 	 1 	 1.61778e-15
22.4 	 8.54377 	 0.101698 	 0.0863594 	 0.0103589 	 0.149644 	 0.0178685 	 1 	 3.69797e-15
22.6 	 8.56945 	 0.101792 	 0.0856598 	 0.00972546 	 0.148471 	 0.0175387 	 1 	 3.22262e-15
22.8 	 8.59472 	 0.101899 	 0.0849795 	 0.00907766 	 0.147005 	 0.0170184 	 1 	 2.84259e-15
23 	 8.61961 	 0.102016 	 0.0844556 	 0.00860291 	 0.14528 	 0.0159735 	 1 	 2.7989e-15
23.2 	 8.64417 	 0.102139 	 0.0841553 	 0.008337 	 0.143433 	 0.014306 	 1 	 2.09411e-15
23.4 	 8.66845 	 0.102263 	 0.084028 	 0.00830832 	 0.141697 	 0.0122454 	 1 	 3.46786e-15
23.6 	 8.69246 	 0.102387 	 0.0839207 	 0.00844825 	 0.140353 	 0.0102871 	 1 	 2.93341e-15
23.8 	 8.71621 	 0.102512 	 0.0836716 	 0.00847667 	 0.139656 	 0.00896935 	 1 	 2.94506e-15
24 	 8.73966 	 0.102642 	 0.083237 	 0.00813434 	 0.139743 	 0.0084736 	 1 	 3.39602e-15
24.2 	 8.76276 	 0.102782 	 0.0827303 	 0.00745671 	 0.140572 	 0.0084593 	 1 	 2.21643e-15
24.4 	 8.78543 	 0.10294 	 0.0823156 	 0.00674468 	 0.141918 	 0.00851686 	 1 	 3.12203e-15
24.6 	 8.8076 	 0.103117 	 0.0820684 	 0.00632927 	 0.143425 	 0.00863629 	 1 	 3.38411e-15
24.8 	 8.8292 	 0.103312 	 0.0819507 	 0.00635226 	 0.144716 	 0.00922482 	 1 	 3.0461e-15
25 	 8.85019 	 0.103519 	 0.0818905 	 0.00671922 	 0.145505 	 0.0106488 	 1 	 3.35627e-15
25.2 	 8.87055 	 0.10373 	 0.0818378 	 0.00725814 	 0.145685 	 0.0127702 	 1 	 2.48115e-15
25.4 	 8.89028 	 0.103935 	 0.0817609 	 0.00787589 	 0.145344 	 0.0151166 	 1 	 2.92265e-15
25.6 	 8.90939 	 0.104126 	 0.0816443 	 0.00850794 	 0.144712 	 0.0172529 	 1 	 2.50259e-15
25.8 	 8.92793 	 0.104298 	 0.0815 	 0.0090306 	 0.144058 	 0.0188996 	 1 	 3.92279e-15
26 	 8.94592 	 0.10445 	 0.0813429 	 0.00930734 	 0.14358 	 0.0198902 	 1 	 2.66248e-15
26.2 	 8.9634 	 0.104581 	 0.0811422 	 0.00924324 	 0.143326 	 0.0201341 	 1 	 3.9102e-15
26.4 	 8.98038 	 0.104696 	 0.0808317 	 0.00881454 	 0.143194 	 0.019654 	 1 	 2.5578e-15
26.6 	 8.99687 	 0.104798 	 0.0803868 	 0.00813134 	 0.142981 	 0.0186524 	 1 	 2.82641e-15
26.8 	 9.01286 	 0.104888 	 0.0798757 	 0.00744372 	 0.142477 	 0.0174954 	 1 	 2.69494e-15
27 	 9.02835 	 0.104971 	 0.0794165 	 0.00699105 	 0.141561 	 0.0165475 	 1 	 3.56195e-15
27.2 	 9.0433 	 0.105049 	 0.0790812 	 0.00679905 	 0.140246 	 0.015945 	 1 	 3.24612e-15
27.4 	 9.05771 	 0.105128 	 0.0788465 	 0.00670136 	 0.138681 	 0.0155452 	 1 	 2.40235e-15
27.6 	 9.07155 	 0.105212 	 0.0786481 	 0.00658124 	 0.137093 	 0.0151137 	 1 	 3.85215e-15
27.8 	 9.0848 	 0.105309 	 0.0784858 	 0.00652026 	 0.135721 	 0.0145331 	 1 	 2.31939e-15
28 	 9.09745 	 0.105423 	 0.0784485 	 0.00667686 	 0.134747 	 0.0138634 	 1 	 2.91796e-15
28.2 	 9.10951 	 0.105559 	 0.0785997 	 0.00706098 	 0.134259 	 0.0132761 	 1 	 1.73422e-15
28.4 	 9.12095 	 0.105715 	 0.0788524 	 0.00747102 	 0.134259 	 0.0129275 	 1 	 3.80025e-15
28.6 	 9.13178 	 0.105889 	 0.0790206 	 0.00765088 	 0.134687 	 0.0128609 	 1 	 2.98249e-15
28.8 	 9.14202 	 0.106075 	 0.0790107 	 0.00755297 	 0.135463 	 0.0130468 	 1 	 3.49813e-15
29 	 9.15166 	 0.106265 	 0.0789143 	 0.00739459 	 0.136512 	 0.0135343 	 1 	 2.89345e-15
29.2 	 9.16071 	 0.106451 	 0.0788875 	 0.00744676 	 0.137762 	 0.0145043 	 1 	 2.51297e-15
29.4 	 9.16918 	 0.106629 	 0.0789906 	 0.00785831 	 0.139133 	 0.0160702 	 1 	 4.11249e-15
29.6 	 9.17706 	 0.106795 	 0.0791718 	 0.00861154 	 0.140508 	 0.0180187 	 1 	 3.01537e-15
29.8 	 9.18436 	 0.106953 	 0.0793469 	 0.0095087 	 0.141725 	 0.0198211 	 1 	 2.7343e-15
30 	 9.19108 	 0.107108 	 0.079439 	 0.0101864 	 0.142597 	 0.0208849 	 1 	 2.80769e-15
30.2 	 9.19722 	 0.107269 	 0.0793826 	 0.0102796 	 0.142955 	 0.0208138 	 1 	 3.35974e-15
30.4 	 9.20278 	 0.107446 	 0.0791609 	 0.00969418 	 0.142708 	 0.0195755 	 1 	 2.84837e-15
30.6 	 9.20774 	 0.107644 	 0.0788318 	 0.00871525 	 0.141889 	 0.0175495 	 1 	 1.70716e-15
30.8 	 9.21213 	 0.107868 	 0.0784782 	 0.00777735 	 0.140651 	 0.0154197 	 1 	 2.98937e-15
31 	 9.21595 	 0.108116 	 0.0781386 	 0.00710898 	 0.139235 	 0.0138471 	 1 	 3.75657e-15
31.2 	 9.21918 	 0.108384 	 0.0778138 	 0.00664491 	 0.137892 	 0.0130223 	 1 	 1.62749e-15
31.4 	 9.22185 	 0.108673 	 0.0775147 	 0.00625276 	 0.136812 	 0.0126124 	 1 	 3.89862e-15
31.6 	 9.22395 	 0.108984 	 0.0772664 	 0.00592998 	 0.136072 	 0.0122691 	 1 	 3.7584e-15
31.8 	 9.22549 	 0.109323 	 0.0770847 	 0.00574189 	 0.135629 	 0.0120104 	 1 	 4.18724e-15
32 	 9.22647 	 0.1097 	 0.0769862 	 0.00570235 	 0.135361 	 0.0120913 	 1 	 3.63427e-15
32.2 	 9.22688 	 0.110119 	 0.0770054 	 0.0058221 	 0.135132 	 0.0126006 	 1 	 2.01138e-15
32.4 	 9.22675 	 0.110585 	 0.0771583 	 0.00614053 	 0.134859 	 0.0132906 	 1 	 2.33235e-15
32.6 	 9.22608 	 0.111094 	 0.0773921 	 0.00662021 	 0.134552 	 0.0138121 	 1 	 3.4081e-15
32.8 	 9.2249 	 0.111637 	 0.0776079 	 0.00708546 	 0.134307 	 0.013985 	 1 	 3.63992e-15
33 	 9.22325 	 0.112208 	 0.0777333 	 0.00733311 	 0.134268 	 0.0138638 	 1 	 3.90459e-15
33.2 	 9.22115 	 0.112799 	 0.0777566 	 0.00730953 	 0.134562 	 0.0136553 	 1 	 2.55351e-15
33.4 	 9.21862 	 0.113404 	 0.0777104 	 0.00713862 	 0.135239 	 0.0135956 	 1 	 3.07763e-15
33.6 	 9.21569 	 0.114024 	 0.077657 	 0.00699091 	 0.136256 	 0.0138526 	 1 	 2.32176e-15
33.8 	 9.21237 	 0.114656 	 0.0776812 	 0.00697904 	 0.137482 	 0.014472 	 1 	 2.40662e-15
34 	 9.20866 	 0.115304 	 0.0778544 	 0.00715124 	 0.138749 	 0.015369 	 1 	 2.70281e-15
34.2 	 9.20457 	 0.115967 	 0.0781955 	 0.00758736 	 0.139906 	 0.0163747 	 1 	 4.55658e-15
34.4 	 9.20011 	 0.116645 	 0.0786662 	 0.00842537 	 0.140864 	 0.0173184 	 1 	 1.97635e-15
34.6 	 9.19527 	 0.117334 	 0.0791794 	 0.00956488 	 0.141605 	 0.0180865 	 1 	 3.24021e-15
34.8 	 9.19007 	 0.118037 	 0.0795931 	 0.0104858 	 0.142158 	 0.0186251 	 1 	 3.97481e-15
35 	 9.18455 	 0.118755 	 0.0797476 	 0.0106662 	 0.142554 	 0.0189096 	 1 	 4.3975e-15
35.2 	 9.1787 	 0.11949 	 0.0795788 	 0.0100605 	 0.142782 	 0.0189299 	 1 	 3.85197e-15
35.4 	 9.17256 	 0.120239 	 0.0791987 	 0.00909174 	 0.142779 	 0.0187006 	 1 	 4.08442e-15
35.6 	 9.16613 	 0.121003 	 0.0788221 	 0.00827426 	 0.142446 	 0.0182697 	 1 	 2.0777e-15
35.8 	 9.15942 	 0.121778 	 0.0786016 	 0.00788696 	 0.141704 	 0.0177016 	 1 	 3.52213e-15
36 	 9.15244 	 0.122562 	 0.07855 	 0.0079139 	 0.140549 	 0.0170558 	 1 	 1.76359e-15
36.2 	 9.14518 	 0.123356 	 0.0785868 	 0.00813221 	 0.139077 	 0.0163842 	 1 	 3.06045e-15
36.4 	 9.13761 	 0.124159 	 0.0786075 	 0.00823188 	 0.137478 	 0.0157414 	 1 	 2.81937e-15
36.6 	 9.12972 	 0.12498 	 0.0785242 	 0.00800148 	 0.135983 	 0.0151842 	 1 	 3.30963e-15
36.8 	 9.12148 	 0.125824 	 0.0783174 	 0.007501 	 0.134792 	 0.0147585 	 1 	 3.27782e-15
37 	 9.11286 	 0.126698 	 0.0780739 	 0.00700899 	 0.134025 	 0.0144954 	 1 	 2.69951e-15
37.2 	 9.10384 	 0.127603 	 0.0779296 	 0.00675356 	 0.133692 	 0.0144197 	 1 	 3.104e-15
37.4 	 9.09439 	 0.128542 	 0.0779504 	 0.00675684 	 0.133718 	 0.0145478 	 1 	 3.9786e-15
37.6 	 9.08452 	 0.12951 	 0.078093 	 0.00691176 	 0.133989 	 0.0148664 	 1 	 5.23351e-15
37.8 	 9.07424 	 0.130505 	 0.078284 	 0.00709431 	 0.134415 	 0.0153116 	 1 	 3.72325e-15
38 	 9.06356 	 0.13152 	 0.0784942 	 0.00724365 	 0.134966 	 0.0157862 	 1 	 1.60801e-15
38.2 	 9.05251 	 0.132552 	 0.0787255 	 0.00738639 	 0.13568 	 0.0162311 	 1 	 3.04632e-15
38.4 	 9.04114 	 0.133595 	 0.0789709 	 0.00757941 	 0.13662 	 0.0167072 	 1 	 4.33177e-15
38.6 	 9.0295 	 0.134644 	 0.0792201 	 0.00784536 	 0.137825 	 0.0173915 	 1 	 3.47791e-15
38.8 	 9.01762 	 0.135701 	 0.0794788 	 0.00818536 	 0.139248 	 0.0184271 	 1 	 3.7339e-15
39 	 9.00554 	 0.136764 	 0.0797561 	 0.00861348 	 0.140745 	 0.0197341 	 1 	 4.05531e-15
39.2 	 8.99329 	 0.137835 	 0.0800473 	 0.00911924 	 0.142092 	 0.0209914 	 1 	 3.4073e-15
39.4 	 8.98088 	 0.13891 	 0.0803343 	 0.00960181 	 0.143056 	 0.021803 	 1 	 3.43612e-15
39.6 	 8.96831 	 0.139987 	 0.0805767 	 0.00988304 	 0.143467 	 0.0218828 	 1 	 2.1658e-15
39.8 	 8.9556 	 0.141058 	 0.0807036 	 0.00981035 	 0.14328 	 0.0211523 	 1 	 1.62074e-15
40 	 8.94276 	 0.142124 	 0.0806601 	 0.0093737 	 0.142587 	 0.0197581 	 1 	 3.48519e-15
