time = tau * tau_parallel
rms: rms distance of hole to its origin
rms std: estimated standard error on the mean of rms from 100 samples
IPR: inverse participation ratio, IPR(tau) = sum_i (n_h(i,tau))^2, with hole density n_h(i,tau) at site i at time tau.
IPR std: estimated standard error on the mean of IPR from 100 samples
return prob: probability of the hole to return to its origin, n_h(0,tau).
return prob std: estimated standard error on the mean of return prob from 100 samples
leg imbalance: difference between the occupation in the two legs of the ladder (see Eq. (15) in the manuscript).
leg imbalance std: estimated standard error on the mean of leg imbalance from 100 samples


time, rms, rms std, IPR, IPR std, return prob, return prob std, leg imbalance, leg imbalance std
0 	 0 	 0 	 1 	 2.39836e-16 	 1 	 2.39836e-16 	 1 	 2.39836e-16
0.05 	 0.0500176 	 7.38452e-07 	 0.995018 	 3.74687e-07 	 0.997503 	 1.88278e-07 	 1 	 3.14018e-16
0.1 	 0.0999978 	 8.70236e-06 	 0.980343 	 8.81536e-06 	 0.990073 	 4.49662e-06 	 1 	 5.90961e-16
0.15 	 0.149917 	 3.23637e-05 	 0.956754 	 4.76473e-05 	 0.977891 	 2.49203e-05 	 1 	 5.2271e-16
0.2 	 0.199741 	 7.94518e-05 	 0.925473 	 0.000148985 	 0.961249 	 8.07085e-05 	 1 	 4.75369e-16
0.25 	 0.249431 	 0.000157729 	 0.888049 	 0.000348774 	 0.940542 	 0.000197708 	 1 	 3.04047e-16
0.3 	 0.298946 	 0.000275808 	 0.846224 	 0.000680109 	 0.916246 	 0.000407603 	 1 	 3.87254e-16
0.35 	 0.348239 	 0.000442449 	 0.801791 	 0.00116555 	 0.888905 	 0.000746232 	 1 	 5.66105e-16
0.4 	 0.397264 	 0.000666031 	 0.756457 	 0.00181101 	 0.859101 	 0.00125164 	 1 	 5.75106e-16
0.45 	 0.445975 	 0.000953804 	 0.711734 	 0.00260103 	 0.827442 	 0.00196084 	 1 	 3.81912e-16
0.5 	 0.49433 	 0.0013113 	 0.668859 	 0.00349711 	 0.794528 	 0.00290558 	 1 	 3.87254e-16
0.55 	 0.542294 	 0.00174139 	 0.628749 	 0.00444061 	 0.760939 	 0.00410781 	 1 	 4.53247e-16
0.6 	 0.589834 	 0.00224412 	 0.591998 	 0.00536022 	 0.727213 	 0.0055758 	 1 	 7.39223e-16
0.65 	 0.636922 	 0.0028166 	 0.558896 	 0.00618241 	 0.693832 	 0.00730113 	 1 	 5.90961e-16
0.7 	 0.683535 	 0.00345366 	 0.529478 	 0.00684293 	 0.66121 	 0.00925758 	 1 	 1.07449e-15
0.75 	 0.729652 	 0.00414802 	 0.503583 	 0.00729722 	 0.629692 	 0.0114021 	 1 	 7.1089e-16
0.8 	 0.775255 	 0.00489124 	 0.480912 	 0.0075271 	 0.599547 	 0.0136776 	 1 	 6.67674e-16
0.85 	 0.820331 	 0.00567459 	 0.461092 	 0.00754265 	 0.570975 	 0.0160173 	 1 	 5.89221e-16
0.9 	 0.864867 	 0.00648936 	 0.443717 	 0.00737862 	 0.544107 	 0.0183495 	 1 	 4.48691e-16
0.95 	 0.908853 	 0.0073274 	 0.428393 	 0.00708601 	 0.519019 	 0.0206027 	 1 	 9.09886e-16
1 	 0.952282 	 0.00818105 	 0.414752 	 0.0067208 	 0.495735 	 0.0227108 	 1 	 4.79671e-16
1.05 	 0.995148 	 0.0090437 	 0.402476 	 0.00633295 	 0.474241 	 0.0246166 	 1 	 4.46396e-16
1.1 	 1.03745 	 0.00990931 	 0.391293 	 0.00595894 	 0.454491 	 0.0262753 	 1 	 6.42588e-16
1.15 	 1.0792 	 0.0107731 	 0.380983 	 0.00562144 	 0.436419 	 0.0276557 	 1 	 7.67849e-16
1.2 	 1.1204 	 0.0116307 	 0.371369 	 0.00533497 	 0.419941 	 0.0287415 	 1 	 7.1089e-16
1.25 	 1.16106 	 0.0124786 	 0.362319 	 0.00511323 	 0.404964 	 0.0295307 	 1 	 6.23111e-16
1.3 	 1.2012 	 0.0133138 	 0.35373 	 0.00497159 	 0.391389 	 0.0300343 	 1 	 7.54353e-16
1.35 	 1.24084 	 0.0141331 	 0.345533 	 0.00492204 	 0.379116 	 0.030275 	 1 	 9.81569e-16
1.4 	 1.27999 	 0.0149336 	 0.337678 	 0.00496428 	 0.368043 	 0.0302846 	 1 	 9.76323e-16
1.45 	 1.31869 	 0.0157124 	 0.330136 	 0.005081 	 0.358068 	 0.0301017 	 1 	 8.03155e-16
1.5 	 1.35694 	 0.0164668 	 0.322892 	 0.00524222 	 0.349092 	 0.0297683 	 1 	 5.92697e-16
1.55 	 1.39476 	 0.0171946 	 0.315937 	 0.00541556 	 0.341019 	 0.0293266 	 1 	 5.38201e-16
1.6 	 1.43215 	 0.0178942 	 0.309268 	 0.0055755 	 0.333756 	 0.0288161 	 1 	 1.08021e-15
1.65 	 1.46914 	 0.0185649 	 0.302883 	 0.00570784 	 0.327215 	 0.0282703 	 1 	 1.01349e-15
1.7 	 1.50573 	 0.019207 	 0.296778 	 0.00580924 	 0.321315 	 0.0277153 	 1 	 5.28572e-16
1.75 	 1.54191 	 0.0198216 	 0.290945 	 0.00588384 	 0.315979 	 0.0271685 	 1 	 9.43145e-16
1.8 	 1.57769 	 0.0204109 	 0.285373 	 0.005939 	 0.311139 	 0.0266398 	 1 	 1.61397e-15
1.85 	 1.61307 	 0.0209775 	 0.280051 	 0.00598173 	 0.306736 	 0.0261319 	 1 	 2.03759e-15
1.9 	 1.64806 	 0.0215243 	 0.274964 	 0.00601678 	 0.302715 	 0.0256435 	 1 	 1.1767e-15
1.95 	 1.68266 	 0.0220544 	 0.2701 	 0.00604629 	 0.299032 	 0.0251704 	 1 	 1.55695e-15
2 	 1.71686 	 0.0225707 	 0.265445 	 0.00607053 	 0.29565 	 0.0247079 	 1 	 1.10373e-15
2.05 	 1.75066 	 0.0230758 	 0.26099 	 0.0060889 	 0.292536 	 0.0242513 	 1 	 2.75774e-15
2.1 	 1.78407 	 0.0235717 	 0.256725 	 0.00610088 	 0.289664 	 0.0237971 	 1 	 1.63483e-15
2.15 	 1.81707 	 0.0240601 	 0.252641 	 0.00610647 	 0.287013 	 0.0233426 	 1 	 2.41585e-15
2.2 	 1.84968 	 0.0245421 	 0.248729 	 0.00610646 	 0.284563 	 0.022886 	 1 	 2.16991e-15
2.25 	 1.88188 	 0.0250187 	 0.244981 	 0.00610243 	 0.282298 	 0.0224264 	 1 	 1.43759e-15
2.3 	 1.91368 	 0.0254905 	 0.241388 	 0.00609658 	 0.280201 	 0.0219638 	 1 	 4.43812e-15
2.35 	 1.94507 	 0.0259578 	 0.237941 	 0.00609143 	 0.278256 	 0.0214988 	 1 	 2.49327e-15
2.4 	 1.97604 	 0.0264209 	 0.234633 	 0.00608938 	 0.276449 	 0.0210334 	 1 	 2.50642e-15
2.45 	 2.00661 	 0.02688 	 0.231456 	 0.0060923 	 0.274762 	 0.0205704 	 1 	 2.90538e-15
2.5 	 2.03676 	 0.027335 	 0.228403 	 0.00610117 	 0.27318 	 0.0201144 	 1 	 3.02795e-15
2.55 	 2.06649 	 0.0277858 	 0.225468 	 0.00611601 	 0.271686 	 0.0196705 	 1 	 3.66233e-15
2.6 	 2.09582 	 0.0282322 	 0.222649 	 0.00613599 	 0.270265 	 0.0192449 	 1 	 4.13648e-15
2.65 	 2.12474 	 0.0286735 	 0.21994 	 0.00615973 	 0.268901 	 0.0188439 	 1 	 3.69e-15
2.7 	 2.15326 	 0.029109 	 0.217338 	 0.00618569 	 0.267582 	 0.0184735 	 1 	 5.53703e-15
2.75 	 2.18139 	 0.029538 	 0.21484 	 0.00621254 	 0.266296 	 0.0181388 	 1 	 2.99314e-15
2.8 	 2.20913 	 0.0299593 	 0.212441 	 0.00623936 	 0.265031 	 0.0178434 	 1 	 5.46458e-15
2.85 	 2.2365 	 0.0303722 	 0.210138 	 0.00626565 	 0.263778 	 0.0175895 	 1 	 4.62889e-15
2.9 	 2.26349 	 0.0307757 	 0.207927 	 0.00629131 	 0.26253 	 0.0173774 	 1 	 2.12253e-15
2.95 	 2.29013 	 0.0311689 	 0.205803 	 0.0063164 	 0.261279 	 0.0172055 	 1 	 2.01325e-15
3 	 2.31641 	 0.0315515 	 0.203761 	 0.00634101 	 0.260022 	 0.0170704 	 1 	 5.68152e-15
3.05 	 2.34235 	 0.031923 	 0.201797 	 0.00636511 	 0.258754 	 0.0169672 	 1 	 6.35192e-15
3.1 	 2.36795 	 0.0322835 	 0.199906 	 0.00638841 	 0.257471 	 0.0168896 	 1 	 3.648e-15
3.15 	 2.39323 	 0.032633 	 0.198083 	 0.00641046 	 0.256173 	 0.0168303 	 1 	 3.25834e-15
3.2 	 2.41819 	 0.0329718 	 0.196323 	 0.00643065 	 0.254859 	 0.0167814 	 1 	 6.6115e-15
3.25 	 2.44284 	 0.0333005 	 0.194623 	 0.00644832 	 0.253531 	 0.0167348 	 1 	 5.76123e-15
3.3 	 2.46719 	 0.0336195 	 0.192979 	 0.00646284 	 0.252189 	 0.0166828 	 1 	 5.10562e-15
3.35 	 2.49125 	 0.033929 	 0.191387 	 0.00647371 	 0.250838 	 0.0166186 	 1 	 4.77008e-15
3.4 	 2.51502 	 0.0342294 	 0.189844 	 0.00648056 	 0.249481 	 0.0165364 	 1 	 4.39275e-15
3.45 	 2.53852 	 0.0345208 	 0.188347 	 0.00648323 	 0.248122 	 0.0164316 	 1 	 7.36787e-15
3.5 	 2.56176 	 0.0348031 	 0.186894 	 0.00648169 	 0.246766 	 0.0163014 	 1 	 4.52067e-15
3.55 	 2.58473 	 0.0350764 	 0.185484 	 0.00647607 	 0.245418 	 0.0161444 	 1 	 5.8395e-15
3.6 	 2.60744 	 0.0353405 	 0.184113 	 0.00646657 	 0.244084 	 0.0159606 	 1 	 4.32275e-15
3.65 	 2.62989 	 0.0355954 	 0.182782 	 0.00645344 	 0.242768 	 0.0157512 	 1 	 2.51133e-15
3.7 	 2.6521 	 0.0358407 	 0.181488 	 0.00643696 	 0.241474 	 0.0155186 	 1 	 5.30783e-15
3.75 	 2.67406 	 0.0360765 	 0.180229 	 0.00641738 	 0.240205 	 0.0152659 	 1 	 5.30047e-15
3.8 	 2.69578 	 0.0363026 	 0.179006 	 0.00639496 	 0.238966 	 0.0149969 	 1 	 5.05304e-15
3.85 	 2.71725 	 0.0365193 	 0.177815 	 0.00636994 	 0.237758 	 0.0147156 	 1 	 5.784e-15
3.9 	 2.73849 	 0.0367268 	 0.176657 	 0.00634258 	 0.236582 	 0.0144261 	 1 	 6.19092e-15
3.95 	 2.75949 	 0.0369254 	 0.17553 	 0.00631312 	 0.23544 	 0.0141324 	 1 	 6.15415e-15
4 	 2.78026 	 0.0371156 	 0.174432 	 0.00628183 	 0.234329 	 0.0138381 	 1 	 4.37847e-15
4.05 	 2.80081 	 0.0372977 	 0.173364 	 0.00624893 	 0.233251 	 0.0135467 	 1 	 6.16915e-15
4.1 	 2.82114 	 0.0374721 	 0.172322 	 0.00621466 	 0.232202 	 0.0132612 	 1 	 5.38716e-15
4.15 	 2.84125 	 0.0376392 	 0.171308 	 0.00617922 	 0.231182 	 0.0129839 	 1 	 5.82999e-15
4.2 	 2.86115 	 0.0377995 	 0.170318 	 0.00614275 	 0.230187 	 0.0127172 	 1 	 7.8207e-15
4.25 	 2.88084 	 0.0379532 	 0.169353 	 0.00610537 	 0.229215 	 0.0124625 	 1 	 5.75623e-15
4.3 	 2.90034 	 0.0381008 	 0.168411 	 0.00606715 	 0.228263 	 0.0122213 	 1 	 6.73708e-15
4.35 	 2.91965 	 0.0382425 	 0.167491 	 0.00602815 	 0.227328 	 0.0119942 	 1 	 8.31853e-15
4.4 	 2.93877 	 0.0383786 	 0.166592 	 0.00598843 	 0.226408 	 0.0117817 	 1 	 7.71172e-15
4.45 	 2.95771 	 0.0385093 	 0.165712 	 0.00594802 	 0.225501 	 0.0115836 	 1 	 3.49794e-15
4.5 	 2.97648 	 0.0386353 	 0.164852 	 0.00590702 	 0.224604 	 0.0113995 	 1 	 8.89715e-15
4.55 	 2.99508 	 0.0387572 	 0.164009 	 0.00586553 	 0.223716 	 0.0112285 	 1 	 7.20662e-15
4.6 	 3.01352 	 0.0388749 	 0.163184 	 0.00582364 	 0.222835 	 0.0110691 	 1 	 5.85794e-15
4.65 	 3.0318 	 0.0389893 	 0.162375 	 0.0057815 	 0.22196 	 0.01092 	 1 	 4.77611e-15
4.7 	 3.04994 	 0.0391008 	 0.161581 	 0.00573925 	 0.221091 	 0.0107794 	 1 	 8.21478e-15
4.75 	 3.06793 	 0.0392099 	 0.160801 	 0.00569703 	 0.220227 	 0.0106455 	 1 	 5.818e-15
4.8 	 3.08578 	 0.0393174 	 0.160036 	 0.005655 	 0.219369 	 0.0105167 	 1 	 4.94579e-15
4.85 	 3.1035 	 0.0394232 	 0.159284 	 0.00561327 	 0.218517 	 0.0103914 	 1 	 8.95561e-15
4.9 	 3.12109 	 0.039528 	 0.158546 	 0.00557195 	 0.217672 	 0.0102684 	 1 	 5.44141e-15
4.95 	 3.13854 	 0.0396319 	 0.157819 	 0.00553115 	 0.216834 	 0.0101467 	 1 	 7.29629e-15
5 	 3.15588 	 0.0397353 	 0.157105 	 0.00549093 	 0.216005 	 0.0100256 	 1 	 8.63456e-15
5.05 	 3.17309 	 0.0398383 	 0.156402 	 0.00545135 	 0.215184 	 0.00990495 	 1 	 5.78613e-15
5.1 	 3.19019 	 0.0399411 	 0.15571 	 0.00541244 	 0.214373 	 0.00978463 	 1 	 2.71532e-15
5.15 	 3.20718 	 0.0400441 	 0.155029 	 0.00537421 	 0.213572 	 0.00966487 	 1 	 6.14479e-15
5.2 	 3.22405 	 0.0401468 	 0.154358 	 0.00533667 	 0.212782 	 0.00954601 	 1 	 5.17912e-15
5.25 	 3.24081 	 0.0402496 	 0.153697 	 0.00529978 	 0.212002 	 0.0094285 	 1 	 6.72365e-15
5.3 	 3.25747 	 0.0403523 	 0.153047 	 0.00526354 	 0.211234 	 0.00931282 	 1 	 3.96196e-15
5.35 	 3.27403 	 0.0404549 	 0.152405 	 0.00522793 	 0.210475 	 0.00919945 	 1 	 5.89099e-15
5.4 	 3.29048 	 0.0405573 	 0.151773 	 0.00519292 	 0.209727 	 0.00908879 	 1 	 3.86856e-15
5.45 	 3.30684 	 0.0406595 	 0.15115 	 0.00515848 	 0.208989 	 0.00898124 	 1 	 2.85545e-15
5.5 	 3.3231 	 0.0407614 	 0.150536 	 0.00512461 	 0.20826 	 0.00887713 	 1 	 4.8854e-15
5.55 	 3.33927 	 0.0408631 	 0.149929 	 0.0050913 	 0.20754 	 0.00877678 	 1 	 1.04055e-14
5.6 	 3.35534 	 0.0409647 	 0.149331 	 0.00505854 	 0.206828 	 0.00868045 	 1 	 4.31728e-15
5.65 	 3.37133 	 0.0410662 	 0.148741 	 0.00502632 	 0.206123 	 0.00858842 	 1 	 6.46794e-15
5.7 	 3.38723 	 0.0411675 	 0.148159 	 0.00499464 	 0.205426 	 0.00850091 	 1 	 6.93971e-15
5.75 	 3.40304 	 0.0412683 	 0.147584 	 0.0049635 	 0.204736 	 0.00841814 	 1 	 6.68381e-15
5.8 	 3.41877 	 0.0413688 	 0.147017 	 0.00493288 	 0.204053 	 0.00834024 	 1 	 1.09473e-14
5.85 	 3.43441 	 0.0414689 	 0.146456 	 0.00490281 	 0.203376 	 0.00826732 	 1 	 8.23413e-15
5.9 	 3.44998 	 0.0415685 	 0.145903 	 0.00487326 	 0.202705 	 0.00819938 	 1 	 6.508e-15
5.95 	 3.46546 	 0.0416677 	 0.145356 	 0.00484426 	 0.202041 	 0.00813631 	 1 	 7.17047e-15
6 	 3.48086 	 0.0417664 	 0.144816 	 0.00481579 	 0.201383 	 0.00807792 	 1 	 3.92261e-15
6.05 	 3.49618 	 0.0418646 	 0.144283 	 0.00478784 	 0.200731 	 0.00802393 	 1 	 6.15548e-15
6.1 	 3.51142 	 0.0419621 	 0.143755 	 0.00476041 	 0.200086 	 0.00797397 	 1 	 3.97128e-15
6.15 	 3.52658 	 0.0420591 	 0.143234 	 0.00473349 	 0.199448 	 0.00792765 	 1 	 1.04352e-14
6.2 	 3.54167 	 0.0421556 	 0.142718 	 0.0047071 	 0.198817 	 0.00788453 	 1 	 8.362e-15
6.25 	 3.55668 	 0.0422516 	 0.142209 	 0.00468122 	 0.198193 	 0.00784421 	 1 	 5.47979e-15
6.3 	 3.57161 	 0.0423469 	 0.141704 	 0.00465585 	 0.197575 	 0.00780628 	 1 	 5.92991e-15
6.35 	 3.58647 	 0.0424418 	 0.141206 	 0.00463099 	 0.196964 	 0.00777044 	 1 	 6.2825e-15
6.4 	 3.60125 	 0.0425362 	 0.140712 	 0.00460661 	 0.196358 	 0.00773643 	 1 	 5.2145e-15
6.45 	 3.61595 	 0.0426301 	 0.140224 	 0.00458272 	 0.195759 	 0.00770407 	 1 	 6.70085e-15
6.5 	 3.63058 	 0.0427234 	 0.139741 	 0.00455929 	 0.195165 	 0.00767325 	 1 	 7.27655e-15
6.55 	 3.64514 	 0.0428162 	 0.139263 	 0.0045363 	 0.194575 	 0.00764389 	 1 	 6.2548e-15
6.6 	 3.65962 	 0.0429086 	 0.13879 	 0.00451374 	 0.193989 	 0.00761596 	 1 	 7.73447e-15
6.65 	 3.67402 	 0.0430006 	 0.138322 	 0.00449158 	 0.193407 	 0.00758944 	 1 	 9.5295e-15
6.7 	 3.68835 	 0.0430918 	 0.137859 	 0.00446978 	 0.192827 	 0.00756427 	 1 	 7.99656e-15
6.75 	 3.7026 	 0.0431823 	 0.1374 	 0.00444834 	 0.192249 	 0.0075404 	 1 	 3.95417e-15
6.8 	 3.71677 	 0.0432721 	 0.136946 	 0.00442722 	 0.191673 	 0.00751774 	 1 	 1.02291e-14
6.85 	 3.73087 	 0.0433613 	 0.136497 	 0.00440642 	 0.191098 	 0.00749619 	 1 	 1.04802e-14
6.9 	 3.7449 	 0.0434497 	 0.136052 	 0.00438592 	 0.190523 	 0.0074756 	 1 	 5.24612e-15
6.95 	 3.75885 	 0.0435372 	 0.135611 	 0.00436572 	 0.189949 	 0.00745581 	 1 	 5.12169e-15
7 	 3.77272 	 0.043624 	 0.135175 	 0.00434581 	 0.189376 	 0.00743664 	 1 	 8.27631e-15
7.05 	 3.78652 	 0.0437098 	 0.134743 	 0.00432617 	 0.188803 	 0.00741791 	 1 	 7.18021e-15
7.1 	 3.80024 	 0.0437947 	 0.134316 	 0.0043068 	 0.188231 	 0.00739941 	 1 	 6.80655e-15
7.15 	 3.81389 	 0.0438787 	 0.133892 	 0.0042877 	 0.18766 	 0.00738096 	 1 	 6.99998e-15
7.2 	 3.82746 	 0.0439617 	 0.133472 	 0.00426885 	 0.187092 	 0.00736236 	 1 	 7.96554e-15
7.25 	 3.84096 	 0.0440437 	 0.133057 	 0.00425025 	 0.186525 	 0.00734343 	 1 	 6.40298e-15
7.3 	 3.85438 	 0.0441246 	 0.132645 	 0.00423187 	 0.185961 	 0.00732401 	 1 	 6.32892e-15
7.35 	 3.86773 	 0.0442043 	 0.132238 	 0.0042137 	 0.185401 	 0.00730394 	 1 	 8.06117e-15
7.4 	 3.88101 	 0.0442829 	 0.131834 	 0.00419573 	 0.184844 	 0.00728309 	 1 	 7.59631e-15
7.45 	 3.89421 	 0.04436 	 0.131434 	 0.00417795 	 0.184291 	 0.00726135 	 1 	 1.11348e-14
7.5 	 3.90733 	 0.0444357 	 0.131037 	 0.00416033 	 0.183743 	 0.00723863 	 1 	 6.68627e-15
7.55 	 3.92039 	 0.0445099 	 0.130645 	 0.00414286 	 0.183199 	 0.00721487 	 1 	 5.5777e-15
7.6 	 3.93336 	 0.0445824 	 0.130256 	 0.00412555 	 0.182659 	 0.00719003 	 1 	 4.07216e-15
7.65 	 3.94627 	 0.0446533 	 0.12987 	 0.00410836 	 0.182125 	 0.00716412 	 1 	 5.4208e-15
7.7 	 3.9591 	 0.0447224 	 0.129489 	 0.0040913 	 0.181596 	 0.00713718 	 1 	 8.20013e-15
7.75 	 3.97185 	 0.0447896 	 0.12911 	 0.00407435 	 0.181071 	 0.00710929 	 1 	 9.52142e-15
7.8 	 3.98454 	 0.044855 	 0.128736 	 0.0040575 	 0.180552 	 0.00708056 	 1 	 8.04484e-15
7.85 	 3.99715 	 0.0449185 	 0.128364 	 0.00404076 	 0.180038 	 0.00705112 	 1 	 1.36117e-14
7.9 	 4.00968 	 0.0449801 	 0.127996 	 0.00402413 	 0.179529 	 0.00702112 	 1 	 7.96348e-15
7.95 	 4.02215 	 0.0450399 	 0.127631 	 0.00400762 	 0.179025 	 0.00699072 	 1 	 6.77145e-15
8 	 4.03454 	 0.0450979 	 0.12727 	 0.00399121 	 0.178526 	 0.00696007 	 1 	 1.01774e-14
8.05 	 4.04686 	 0.0451541 	 0.126912 	 0.00397492 	 0.178031 	 0.00692934 	 1 	 6.98823e-15
8.1 	 4.05911 	 0.0452087 	 0.126557 	 0.00395875 	 0.177541 	 0.00689867 	 1 	 6.19109e-15
8.15 	 4.07129 	 0.0452617 	 0.126205 	 0.00394271 	 0.177056 	 0.00686821 	 1 	 8.32161e-15
8.2 	 4.0834 	 0.0453132 	 0.125856 	 0.00392679 	 0.176575 	 0.00683809 	 1 	 1.17513e-14
8.25 	 4.09544 	 0.0453633 	 0.125511 	 0.00391101 	 0.176099 	 0.00680842 	 1 	 7.3825e-15
8.3 	 4.10741 	 0.045412 	 0.125168 	 0.00389536 	 0.175626 	 0.00677925 	 1 	 1.04183e-14
8.35 	 4.11932 	 0.0454594 	 0.124829 	 0.00387985 	 0.175158 	 0.00675065 	 1 	 5.22965e-15
8.4 	 4.13116 	 0.0455055 	 0.124492 	 0.00386448 	 0.174695 	 0.00672264 	 1 	 1.11001e-14
8.45 	 4.14294 	 0.0455504 	 0.124158 	 0.00384926 	 0.174235 	 0.00669518 	 1 	 6.83546e-15
8.5 	 4.15465 	 0.0455943 	 0.123827 	 0.00383419 	 0.173779 	 0.00666827 	 1 	 4.83956e-15
8.55 	 4.1663 	 0.0456369 	 0.123499 	 0.00381927 	 0.173327 	 0.00664185 	 1 	 1.1315e-14
8.6 	 4.17789 	 0.0456783 	 0.123174 	 0.0038045 	 0.17288 	 0.00661586 	 1 	 6.02954e-15
8.65 	 4.18941 	 0.0457184 	 0.122851 	 0.00378986 	 0.172437 	 0.00659025 	 1 	 6.75201e-15
8.7 	 4.20088 	 0.0457573 	 0.122532 	 0.00377535 	 0.171999 	 0.00656499 	 1 	 7.8023e-15
8.75 	 4.21228 	 0.0457949 	 0.122215 	 0.00376095 	 0.171565 	 0.00654003 	 1 	 9.96514e-15
8.8 	 4.22362 	 0.0458312 	 0.1219 	 0.00374667 	 0.171135 	 0.00651536 	 1 	 1.02947e-14
8.85 	 4.23491 	 0.0458662 	 0.121588 	 0.00373249 	 0.17071 	 0.00649095 	 1 	 8.92562e-15
8.9 	 4.24613 	 0.0458999 	 0.121279 	 0.00371841 	 0.17029 	 0.00646678 	 1 	 1.07785e-14
8.95 	 4.2573 	 0.0459324 	 0.120972 	 0.00370442 	 0.169874 	 0.00644281 	 1 	 8.89669e-15
9 	 4.26841 	 0.0459636 	 0.120668 	 0.00369052 	 0.169463 	 0.00641901 	 1 	 7.39084e-15
9.05 	 4.27946 	 0.0459936 	 0.120367 	 0.0036767 	 0.169056 	 0.00639531 	 1 	 1.08727e-14
9.1 	 4.29046 	 0.0460224 	 0.120067 	 0.00366297 	 0.168653 	 0.00637165 	 1 	 7.16947e-15
9.15 	 4.3014 	 0.04605 	 0.119771 	 0.00364932 	 0.168254 	 0.00634794 	 1 	 4.589e-15
9.2 	 4.31229 	 0.0460765 	 0.119476 	 0.00363576 	 0.167859 	 0.00632409 	 1 	 5.57254e-15
9.25 	 4.32312 	 0.0461018 	 0.119184 	 0.00362227 	 0.167467 	 0.0063 	 1 	 1.06536e-14
9.3 	 4.3339 	 0.0461261 	 0.118894 	 0.00360886 	 0.167079 	 0.00627561 	 1 	 3.4078e-15
9.35 	 4.34462 	 0.0461493 	 0.118607 	 0.00359553 	 0.166694 	 0.00625085 	 1 	 8.4271e-15
9.4 	 4.35529 	 0.0461716 	 0.118322 	 0.0035823 	 0.166312 	 0.00622569 	 1 	 9.06777e-15
9.45 	 4.36591 	 0.046193 	 0.118039 	 0.00356915 	 0.165932 	 0.00620015 	 1 	 6.78373e-15
9.5 	 4.37647 	 0.0462136 	 0.117759 	 0.00355609 	 0.165555 	 0.00617424 	 1 	 7.06629e-15
9.55 	 4.38699 	 0.0462335 	 0.11748 	 0.00354314 	 0.165179 	 0.00614806 	 1 	 8.12526e-15
9.6 	 4.39745 	 0.0462527 	 0.117204 	 0.00353028 	 0.164806 	 0.00612168 	 1 	 1.10327e-14
9.65 	 4.40786 	 0.0462713 	 0.11693 	 0.00351752 	 0.164435 	 0.00609521 	 1 	 8.91146e-15
9.7 	 4.41823 	 0.0462892 	 0.116658 	 0.00350486 	 0.164065 	 0.00606879 	 1 	 5.42762e-15
9.75 	 4.42854 	 0.0463064 	 0.116388 	 0.0034923 	 0.163697 	 0.00604253 	 1 	 5.01242e-15
9.8 	 4.4388 	 0.0463231 	 0.11612 	 0.00347984 	 0.16333 	 0.00601654 	 1 	 8.47159e-15
9.85 	 4.44902 	 0.0463391 	 0.115854 	 0.00346746 	 0.162965 	 0.00599091 	 1 	 6.00051e-15
9.9 	 4.45918 	 0.0463545 	 0.11559 	 0.00345517 	 0.162601 	 0.00596571 	 1 	 7.81243e-15
9.95 	 4.4693 	 0.0463691 	 0.115329 	 0.00344296 	 0.162238 	 0.005941 	 1 	 9.00924e-15
10 	 4.47937 	 0.046383 	 0.115069 	 0.00343083 	 0.161878 	 0.00591683 	 1 	 7.15297e-15
10.05 	 4.48939 	 0.0463962 	 0.114811 	 0.00341877 	 0.161518 	 0.00589321 	 1 	 8.8621e-15
10.1 	 4.49937 	 0.0464087 	 0.114555 	 0.00340678 	 0.161161 	 0.00587019 	 1 	 6.42028e-15
10.15 	 4.5093 	 0.0464205 	 0.114301 	 0.00339486 	 0.160805 	 0.00584777 	 1 	 6.85887e-15
10.2 	 4.51918 	 0.0464314 	 0.114049 	 0.00338299 	 0.160451 	 0.00582595 	 1 	 7.60361e-15
10.25 	 4.52902 	 0.0464416 	 0.113799 	 0.00337117 	 0.160099 	 0.00580473 	 1 	 1.03742e-14
10.3 	 4.53881 	 0.0464509 	 0.113551 	 0.00335939 	 0.159749 	 0.00578409 	 1 	 7.2052e-15
10.35 	 4.54856 	 0.0464593 	 0.113304 	 0.00334766 	 0.1594 	 0.005764 	 1 	 1.19737e-14
10.4 	 4.55826 	 0.0464669 	 0.11306 	 0.00333596 	 0.159053 	 0.00574439 	 1 	 8.76502e-15
10.45 	 4.56792 	 0.0464735 	 0.112817 	 0.00332429 	 0.158708 	 0.00572519 	 1 	 7.62829e-15
10.5 	 4.57753 	 0.0464794 	 0.112576 	 0.00331266 	 0.158364 	 0.00570633 	 1 	 4.50245e-15
10.55 	 4.5871 	 0.0464845 	 0.112336 	 0.00330106 	 0.158022 	 0.00568772 	 1 	 8.61705e-15
10.6 	 4.59663 	 0.0464888 	 0.112099 	 0.0032895 	 0.15768 	 0.00566927 	 1 	 1.35388e-14
10.65 	 4.60611 	 0.0464923 	 0.111863 	 0.00327797 	 0.15734 	 0.00565091 	 1 	 6.56692e-15
10.7 	 4.61555 	 0.0464951 	 0.111629 	 0.00326648 	 0.157002 	 0.00563257 	 1 	 9.7448e-15
10.75 	 4.62495 	 0.0464971 	 0.111396 	 0.00325503 	 0.156664 	 0.00561418 	 1 	 5.34985e-15
10.8 	 4.63431 	 0.0464983 	 0.111165 	 0.00324361 	 0.156328 	 0.00559571 	 1 	 5.03512e-15
10.85 	 4.64362 	 0.0464989 	 0.110936 	 0.00323223 	 0.155994 	 0.00557714 	 1 	 1.21011e-14
10.9 	 4.65289 	 0.0464987 	 0.110709 	 0.00322089 	 0.15566 	 0.00555844 	 1 	 6.07384e-15
10.95 	 4.66212 	 0.0464979 	 0.110483 	 0.00320957 	 0.155328 	 0.00553963 	 1 	 3.21869e-15
11 	 4.67131 	 0.0464964 	 0.110258 	 0.0031983 	 0.154998 	 0.0055207 	 1 	 3.91921e-15
11.05 	 4.68046 	 0.0464942 	 0.110036 	 0.00318706 	 0.154669 	 0.00550171 	 1 	 7.93661e-15
11.1 	 4.68956 	 0.0464913 	 0.109815 	 0.00317585 	 0.154341 	 0.00548268 	 1 	 6.3286e-15
11.15 	 4.69863 	 0.0464876 	 0.109595 	 0.00316468 	 0.154015 	 0.00546366 	 1 	 8.2959e-15
11.2 	 4.70765 	 0.0464832 	 0.109377 	 0.00315354 	 0.15369 	 0.00544473 	 1 	 8.02643e-15
11.25 	 4.71664 	 0.0464781 	 0.109161 	 0.00314243 	 0.153367 	 0.00542596 	 1 	 5.43594e-15
11.3 	 4.72558 	 0.0464723 	 0.108946 	 0.00313137 	 0.153045 	 0.00540739 	 1 	 1.06281e-14
11.35 	 4.73449 	 0.0464659 	 0.108732 	 0.00312035 	 0.152724 	 0.0053891 	 1 	 5.47472e-15
11.4 	 4.74336 	 0.0464588 	 0.108521 	 0.00310936 	 0.152405 	 0.00537112 	 1 	 5.85373e-15
11.45 	 4.75218 	 0.0464511 	 0.10831 	 0.00309842 	 0.152088 	 0.00535348 	 1 	 1.26565e-14
11.5 	 4.76097 	 0.0464427 	 0.108102 	 0.00308753 	 0.151772 	 0.00533619 	 1 	 4.80463e-15
11.55 	 4.76972 	 0.0464337 	 0.107894 	 0.00307668 	 0.151458 	 0.00531923 	 1 	 8.62718e-15
11.6 	 4.77843 	 0.0464241 	 0.107688 	 0.00306588 	 0.151145 	 0.00530259 	 1 	 7.90691e-15
11.65 	 4.7871 	 0.0464138 	 0.107484 	 0.00305513 	 0.150835 	 0.00528625 	 1 	 8.11527e-15
11.7 	 4.79574 	 0.0464029 	 0.107281 	 0.00304441 	 0.150527 	 0.00527016 	 1 	 7.7249e-15
11.75 	 4.80433 	 0.0463914 	 0.10708 	 0.00303375 	 0.150221 	 0.00525431 	 1 	 1.08459e-14
11.8 	 4.81289 	 0.0463794 	 0.10688 	 0.00302313 	 0.149917 	 0.00523868 	 1 	 4.20739e-15
11.85 	 4.82141 	 0.0463668 	 0.106681 	 0.00301256 	 0.149615 	 0.00522326 	 1 	 6.81168e-15
11.9 	 4.82989 	 0.0463537 	 0.106484 	 0.00300203 	 0.149315 	 0.00520806 	 1 	 6.66689e-15
11.95 	 4.83833 	 0.0463402 	 0.106288 	 0.00299156 	 0.149018 	 0.00519311 	 1 	 4.80441e-15
12 	 4.84674 	 0.0463262 	 0.106094 	 0.00298113 	 0.148723 	 0.00517842 	 1 	 7.72277e-15
